year,Model Uncertainty,Scenario Uncertainty,Inter-Annual Variability
1980,0.12900005351249813,0.0021616507538895413,0.8688382957336124
1981,0.10324181479045849,0.0014413022038016897,0.8953168830057399
1982,0.0808325892796849,0.0008948714400304241,0.9182725392802846
1983,0.061739461684837085,0.0005033922152194242,0.9377571460999434
1984,0.045831783237747545,0.00024542045539153193,0.9539227963068608
1985,0.03290190462738058,9.847417358840626e-05,0.966999621199031
1986,0.022687413312791924,4.028762570718937e-05,0.9772722990615008
1987,0.014892524992625122,4.980619075202892e-05,0.9850576688166228
1988,0.009206976499168868,0.00010789709664187402,0.9906851264041893
1989,0.005321495079804657,0.0001977890962744026,0.994480715823921
1990,0.002939546928240483,0.00030527870731154725,0.996755174364448
1991,0.0017855259491393392,0.0004187521851736894,0.997795721865687
1992,0.0016098298295606193,0.0005290742584420582,0.9978610959119973
1993,0.002191401860595811,0.0006293895636301928,0.997179208575774
1994,0.003338339412503274,0.0007148751322614195,0.9959467854552353
1995,0.004887121043084852,0.0007824726038665404,0.9943304063530486
1996,0.006700920090560908,0.0008306208947888499,0.9924684590146503
1997,0.008667375493467648,0.0008590024003913638,0.990473622106141
1998,0.010696099093722912,0.000868310427263544,0.9884355904790135
1999,0.012716116571500907,0.0008600412686594147,0.9864238421598396
2000,0.014673375234399984,0.0008363117162397981,0.9844903130493602
2001,0.01652839912863265,0.0007997007399602918,0.982671900131407
2002,0.018254136687948463,0.0007531134569649022,0.9809927498550867
2003,0.019834019059126688,0.0006996647358932375,0.9794663162049801
2004,0.021260229452627233,0.00064257987376296,0.9780971906736098
2005,0.02253217426370809,0.0005851099095856995,0.9768827158267062
2006,0.02365513993476623,0.0005304593714097074,0.9758144006938241
2007,0.024639117442708573,0.000481724628677684,0.9748791579286138
2008,0.025497774179266245,0.0004418414200699099,0.9740603844006639
2009,0.0262475568099076,0.0004135401504227359,0.9733389030396695
2010,0.02690690721531824,0.00039930844950312116,0.9726937843351786
2011,0.027495578277409432,0.00040135994959074225,0.9721030617729999
2012,0.02803403708962132,0.00042160915964388403,0.9715443537507348
2013,0.02854294451478973,0.0004616519293656226,0.9709954035558447
2014,0.02904270557026371,0.0005227513919464835,0.9704345430377899
2015,0.02955308122645206,0.0006058292844017343,0.9698410894891463
2016,0.0300928584433675,0.0007114624125116292,0.9691956791441209
2017,0.03067957382787555,0.0008398842662400855,0.9684805419058845
2018,0.03132928774194137,0.000990991446860514,0.967679720811198
2019,0.03205640523993275,0.001164354938761471,0.9667792398213059
2020,0.03287354299974532,0.0013592355988408264,0.9657672214014139
2021,0.033791437847341656,0.0015746038209305544,0.9646339583317278
2022,0.03481889543972367,0.001809162798636832,0.9633719417616394
2023,0.035962776038557166,0.0020613747914749268,0.9619758491699679
2024,0.037228014245308846,0.0023294901527608504,0.9604424956019303
2025,0.03861766986984233,0.0026115781535346093,0.958770751976623
2026,0.04013300508406682,0.0029055592637997575,0.9569614356521333
2027,0.04177358604951988,0.0032092382778109783,0.9550171756726692
2028,0.043537403452564745,0.003520337358561104,0.9529422591888741
2029,0.045421008664360864,0.0038365289724694974,0.9507424623631695
2030,0.047419661199425873,0.004155467674905854,0.9484248711256682
2031,0.0495274844850762,0.004474820484464302,0.9459976950304595
2032,0.05173762454196463,0.004792295544407648,0.9434700799136279
2033,0.054042409693826385,0.005105668498230645,0.940851921807943
2034,0.056433507924207885,0.005412806437697079,0.9381536856380951
2035,0.058902077608696896,0.0057116892170143,0.9353862331742888
2036,0.06143891157020274,0.006000428035401756,0.9325606603943956
2037,0.06403457068889065,0.006277280980964488,0.9296881483301448
2038,0.0666795056341749,0.006540665873437879,0.9267798284923872
2039,0.06936416736768017,0.006789170223628726,0.9238466624086911
2040,0.07207910282503505,0.007021558525803014,0.920899338649162
2041,0.0748150374342669,0.007236776641768069,0.9179481859239651
2042,0.07756294377754967,0.007433953840251025,0.9150031023821993
2043,0.08031409650511409,0.007612402666913618,0.9120735008279723
2044,0.08306011316970469,0.007771616168594944,0.9091682706617004
2045,0.08579298446373777,0.007911263551937118,0.906295751984325
2046,0.08850508948965367,0.008031183639941226,0.9034637268704052
2047,0.09118920302746576,0.008131376875299644,0.9006794200972346
2048,0.09383849163372225,0.008211995585630447,0.8979495127806474
2049,0.09644650133204104,0.008273333278871645,0.8952801653890874
2050,0.09900713765624417,0.00831581217188145,0.8926770501718744
2051,0.101514640623418,0.008339970359029348,0.8901453890175527
2052,0.10396355416812827,0.008346447471440026,0.8876899983604317
2053,0.10634869211184206,0.008335969983304466,0.8853153379048534
2054,0.10866510428982631,0.008309335840648982,0.8830255598695246
2055,0.1109080391803914,0.008267398626140779,0.8808245621934679
2056,0.1130729113218084,0.0082110514631267,0.8787160372150649
2057,0.11515526923048178,0.008141210912201309,0.876703519857317
2058,0.11715076863098306,0.008058800730428068,0.8747904306385889
2059,0.11905515239922204,0.00796473626771343,0.8729801113330645
2060,0.12086423832920293,0.007859908893438508,0.8712758527773586
2061,0.12257391622490096,0.00774517145100347,0.8696809123240955
2062,0.12418015913942211,0.007621324570714166,0.8681985162898638
2063,0.125679046167354,0.007489103888282141,0.8668318499443639
2064,0.12706680415387922,0.007349169305130944,0.8655840265409899
2065,0.12833986790823282,0.00720209525706282,0.8644580368347042
2066,0.129494961736119,0.007048363671254315,0.8634566745926266
2067,0.13052920700877194,0.006888358990775068,0.8625824340004531
2068,0.1314402576120144,0.006722366045899908,0.8618373763420857
2069,0.13222646768464708,0.006550571140867073,0.8612229611744858
2070,0.1328870951694214,0.006373066753574885,0.8607398380770037
2071,0.1334225466460071,0.006189860342762224,0.8603875930112306
2072,0.1338346669651447,0.006000887812032592,0.8601644452228228
2073,0.13412708076927177,0.005806032233380026,0.8600668869973481
2074,0.13430558792469743,0.005605148477172568,0.86008926359813
2075,0.1343786234314445,0.005398094354150162,0.8602232822144054
2076,0.1343577827220394,0.005184769425881154,0.8604574478520794
2077,0.1342584208486435,0.004965161716027786,0.8607764174353287
2078,0.13410032699485488,0.004739403695870633,0.8611602693092744
2079,0.13390847940305525,0.004507838261574294,0.8615836823353705
2080,0.13371387692509296,0.004271095364398299,0.8620150277105086
2081,0.13355444620692272,0.004030179925247515,0.8624153738678298
2082,0.13347601003463175,0.003786571876649041,0.8627374180887192
2083,0.13353330046577086,0.0035423375017453722,0.8629243620324838
2084,0.1337909841622851,0.0033002519380082463,0.8629087638997066
2085,0.13432465627569531,0.0030639306769084606,0.8626114130473962
2086,0.13522173812646143,0.002837967344316987,0.8619402945292216
2087,0.13658219724462273,0.0026280722585428308,0.8607897304968345
2088,0.13851897316303105,0.002441205369285061,0.859039821467684
2089,0.14115798243133784,0.0022856929196669734,0.8565563246489951
2090,0.14463753254875378,0.0021713155386454373,0.8531911519126009
2091,0.14910696851319516,0.0021093510398648143,0.84878368044694
2092,0.1547243607494487,0.002112553485501893,0.8431630857650495
2093,0.1616530533290376,0.002195046787989723,0.8361518998829727
2094,0.17005693012357503,0.002372112016473658,0.8275709578599514
2095,0.18009433455379092,0.002659848839038811,0.8172458166071703
2096,0.19191069107033268,0.0030746984817949766,0.8050146104478724
2097,0.20563004415697597,0.0036328255116173797,0.7907371303314067
2098,0.2213459245133137,0.004349370921398266,0.774304704565288
2099,0.239112162261801,0.005237608212476852,0.7556502295257223
