year,Model Uncertainty,Scenario Uncertainty,Inter-Annual Variability
1980,0.07901147534020635,0.001011049958454238,0.9199774747013394
1981,0.06502277502192495,0.0006727311439017539,0.9343044938341732
1982,0.05317856325480409,0.00042102328482679276,0.9464004134603692
1983,0.04325157288483652,0.00024226481795648993,0.956506162297207
1984,0.03501038150531124,0.0001235789157989308,0.9648660395788898
1985,0.02822937664486295,5.3201573454299327e-05,0.9717174217816827
1986,0.022696078906061967,2.067326797995103e-05,0.9772832478259582
1987,0.018216061433988844,1.6919092891847746e-05,0.9817670194731193
1988,0.014615830940458922,3.424361104203744e-05,0.9853499254484991
1989,0.011744081224749382,6.626508146229573e-05,0.9881896536937883
1990,0.00947171531581888,0.00010781028155637844,0.9904204744026248
1991,0.007690988697492489,0.00015478688561742308,0.9921542244168902
1992,0.0063140652962206415,0.00020404622380869395,0.9934818884799708
1993,0.005271216890346644,0.0002532454798370319,0.9944755376298163
1994,0.0045088374556222135,0.000300715637861927,0.9951904469065158
1995,0.003987397771430697,0.00034533878935004,0.9956672634392193
1996,0.003679424599340437,0.0003864369085342219,0.9959341384921254
1997,0.00356756104169972,0.00042367311942288153,0.9960087658388774
1998,0.003642741486720755,0.0004569653262123127,0.995900293187067
1999,0.0039025012562993143,0.00048641196562723845,0.9956110867780735
2000,0.004349429742515851,0.0005122292144446199,0.9951383410430396
2001,0.004989770825982335,0.000534698721569373,0.9944755304524484
2002,0.005832170354163923,0.0005541252780867831,0.9936137043677493
2003,0.0068865683218184955,0.0005708032467486505,0.9925426284314328
2004,0.008163233344378157,0.0005849913285373255,0.9912517753270844
2005,0.009671935702416269,0.0005968945973664103,0.9897311697002172
2006,0.011421255437999605,0.000606653280484341,0.9879720912815161
2007,0.013418021635411392,0.0006143374243232523,0.9859676409402653
2008,0.01566687783862437,0.0006199467585517158,0.9837131754028239
2009,0.018169968498083007,0.0006234152278171396,0.9812066162740999
2010,0.02092673942994645,0.0006246192442352419,0.9784486413258183
2011,0.023933844919384117,0.0006233891569698829,0.975442765923646
2012,0.027185152196090374,0.0006195232252117355,0.972195324578698
2013,0.03067183250279697,0.0006128034248721269,0.9687153640723309
2014,0.03438252910049954,0.0006030122802702799,0.9650144586192302
2015,0.038303588845321715,0.000589950573576798,0.9611064605811015
2016,0.04241934573048695,0.0005734548981858987,0.957007199371327
2017,0.046712444304117424,0.0005534148001676008,0.952734140895715
2018,0.05116419040820621,0.0005297891395216861,0.9483060204522722
2019,0.05575491864762533,0.0005026211196439557,0.9437424602327308
2020,0.06046436503988639,0.0004720519300238095,0.9390635830300897
2021,0.06527203743724058,0.00043833250075575597,0.9342896300620036
2022,0.07015757357295627,0.00040183346294150044,0.9294405929641023
2023,0.07510108222449317,0.00036305305448632204,0.9245358647210205
2024,0.08008346096916429,0.00032262290350064686,0.9195939161273351
2025,0.08508668718895593,0.0002813117478814526,0.9146320010631626
2026,0.09009407958849547,0.00024002698883113412,0.9096658934226735
2027,0.09509052987978332,0.00019981405835621608,0.9047096560618604
2028,0.10006270210975067,0.0001618537479996048,0.8997754441422497
2029,0.10499920027420545,0.00012745735882977808,0.8948733423669647
2030,0.10989070727892208,9.805976349906939e-05,0.8900112329575788
2031,0.11473009321328564,7.521026085544535e-05,0.8851946965258589
2032,0.1195124949097363,6.0561380281336076e-05,0.8804269437099823
2033,0.12423536967178012,5.5855391649670783e-05,0.8757087749365702
2034,0.1288985222344056,6.290863608438087e-05,0.87103856912951
2035,0.1335041073707629,8.359354157283628e-05,0.8664122990876643
2036,0.13805660751397597,0.00011981830382319997,0.8618235741822009
2037,0.14256278734702052,0.0001735042424046843,0.8572637084105748
2038,0.1470316239641873,0.000246560787906869,0.8527218152479059
2039,0.15147421272048284,0.00034085813082109255,0.8481849291486961
2040,0.1559036495223685,0.0004581977541105334,0.8436381527235209
2041,0.16033488683736827,0.0006002807293834495,0.8390648324332483
2042,0.16478456459743937,0.0007686744801409078,0.8344467609224198
2043,0.169270814507928,0.0009647778060884834,0.8297644076859835
2044,0.17381303800538,0.0011897852256412145,0.8249971767689788
2045,0.17843165697951266,0.0014446505857287012,0.8201236924347586
2046,0.18314783945224714,0.0017300512455942223,0.8151221093021587
2047,0.18798320020546608,0.0020463531237748227,0.8099704466707591
2048,0.19295947961642235,0.0023935779398235155,0.8046469424437541
2049,0.19809820331032085,0.002771373331923916,0.7991304233577553
2050,0.20342032728528148,0.003178987230303925,0.7934006854844147
2051,0.20894587497148398,0.003615247377770924,0.787438877650745
2052,0.21469356992844024,0.004078547047927089,0.7812278830236327
2053,0.22068047568315358,0.004566838304617742,0.7747526860122288
2054,0.22692164736686787,0.00507763350397682,0.7680007191291552
2055,0.2334298059169983,0.00560801556802037,0.7609621785149813
2056,0.2402150430744591,0.006154658298463918,0.753630298627077
2057,0.24728456628825382,0.006713856093466124,0.74600157761828
2058,0.25464249077118495,0.007281563891939461,0.7380759453368756
2059,0.2622896868479394,0.007853446301799419,0.7298568668502611
2060,0.2702236874859892,0.008424936025024343,0.7213513764889865
2061,0.2784386590424646,0.008991299954738538,0.7125700410027968
2062,0.2869254387396564,0.009547712144261752,0.7035268491160819
2063,0.29567163655211604,0.010089332270153522,0.6942390311777304
2064,0.3046617996357341,0.010611387717249952,0.684726812647016
2065,0.3138776349612224,0.011109258151029193,0.6750131068877484
2066,0.323298280918808,0.011578560596911465,0.6651231584842806
2067,0.3329006220752762,0.012015233476955661,0.6550841444477682
2068,0.3426596366164086,0.012415619024246231,0.6449247443593452
2069,0.3525487641694111,0.012776542103964315,0.6346746937266246
2070,0.36254028637890295,0.013095385220307282,0.6243643284007898
2071,0.37260570661350456,0.01337015928506447,0.6140241341014309
2072,0.3827161218660594,0.013599569838822469,0.6036843082951181
2073,0.3928425764464047,0.013783079592847788,0.5933743439607475
2074,0.4029563888558312,0.013920967149095369,0.5831226439950734
2075,0.41302944955420834,0.014014383361035491,0.5729561670847562
2076,0.42303448141511607,0.014065406511342667,0.5629001120735414
2077,0.432945262140981,0.014077097485251561,0.5529776403737675
2078,0.4427368079417752,0.014053556118050984,0.5432096359401738
2079,0.45238551775977065,0.013999981324261633,0.5336145009159677
2080,0.4618692798826336,0.01392273481900818,0.5242079852983581
2081,0.4711675435962683,0.013829411597474556,0.5150030448062572
2082,0.4802613623553846,0.013728916464714759,0.5060097211799006
2083,0.4891334067823456,0.013631549057370828,0.4972350441602836
2084,0.4977679591001676,0.01354909623540354,0.48868294466442885
2085,0.5061508900876701,0.013494932650987447,0.4803541772613425
2086,0.5142696262113245,0.013484127362573092,0.4722462464261023
2087,0.5221131107005488,0.013533555018292058,0.46435333428115927
2088,0.5296717663983589,0.01366200801992601,0.45666622558171505
2089,0.53693746536608,0.013890303989336638,0.4491722306445834
2090,0.5439035096017978,0.014241382740150351,0.44185510765805186
2091,0.550564629985804,0.014740382493635766,0.4346949875205602
2092,0.5569170083242814,0.015414683832070623,0.42766830784364795
2093,0.5629583252280438,0.016293906794797787,0.42074776797715835
2094,0.5686878395682828,0.0174098426809958,0.41390231775072145
2095,0.5741065016754313,0.018796299507934527,0.4070971988166342
2096,0.5792171004354688,0.020488836557997353,0.4002940630065339
2097,0.5840244433755492,0.022524361705661567,0.39345119491878944
2098,0.5885355670578039,0.024940563934476835,0.38652386900771935
2099,0.5927599664764297,0.027775154470979845,0.3794648790525904
