year,Model Uncertainty,Scenario Uncertainty,Inter-Annual Variability
1980,0.12321177380622327,0.0009662543632725129,0.8758219718305043
1981,0.09805027815603128,0.0006597297253081687,0.9012899921186606
1982,0.07657839188392772,0.00042285018341279017,0.9229987579326595
1983,0.0586466205211212,0.00024834247695067375,0.941105037001928
1984,0.044010992870487785,0.0001279487297130238,0.9558610583997992
1985,0.032362390038312996,5.302599216198106e-05,0.967584583969525
1986,0.02335439040950359,1.504626989885125e-05,0.9766305633205976
1987,0.01662734829628906,5.974285416472414e-06,0.9833666774182945
1988,0.011827538390515056,1.8521692242540824e-05,0.9881539399172424
1989,0.008621122875411473,4.629092029124327e-05,0.9913325862042973
1990,0.006703334113511001,8.382959123530633e-05,0.9932128362952537
1991,0.005803622637971497,0.0001266185862933257,0.9940697587757352
1992,0.005687649689648478,0.00017101537225891516,0.9941413349380925
1993,0.0061569815455763685,0.0002141706851616427,0.993628847769262
1994,0.007047232853650906,0.0002539326454822328,0.9926988345008668
1995,0.008225261794484868,0.0002887482479078918,0.9914859899576072
1996,0.009585872207452334,0.0003175689717494512,0.9900965588207982
1997,0.011048346621613138,0.0003397644561518776,0.988611888922235
1998,0.012553026289421142,0.000355046247090408,0.9870919274634884
1999,0.014058072255598566,0.0003634024705977164,0.9855785252738037
2000,0.015536481132871743,0.00036504308820131686,0.9840984757789268
2001,0.016973387865072857,0.0003603552695361908,0.9826662568653909
2002,0.018363662424074764,0.0003498679065832439,0.9812864696693421
2003,0.019709788918947264,0.0003342242859149426,0.9799559867951377
2004,0.021020009177452028,0.0003141619221345767,0.9786658289004134
2005,0.02230670921474321,0.0002904986887728252,0.977402792096484
2006,0.023585024719474056,0.00026412436655795605,0.976150850913968
2007,0.024871645703932053,0.00023599684109938904,0.9748923574549686
2008,0.02618380118067,0.00020714242881684396,0.9736090563905132
2009,0.027538407296978675,0.00017865957876406972,0.9722829331242573
2010,0.028951365269604307,0.00015172561053443514,0.9708969091198613
2011,0.030436997366631684,0.00012760594800441706,0.9694353966853638
2012,0.03200760949066391,0.00010766550525836437,0.9678847250040776
2013,0.033673171595654985,9.3381819997021e-05,0.966233446584348
2014,0.03544110590653351,8.635964326408164e-05,0.9644725344502024
2015,0.03731617479817084,8.834665844125483e-05,0.9625954785433879
2016,0.03930045749815981,0.00010125006807236587,0.9605982924337678
2017,0.04139340784704557,0.00012715373364509215,0.9584794384193094
2018,0.043591981622495383,0.0001683357136773101,0.9562396826638273
2019,0.04589082420440225,0.0002272858393083192,0.9538818899562894
2020,0.048282507889083406,0.0003067232012254165,0.9514107689096912
2021,0.05075780846646017,0.00040961327598321276,0.9488325782575566
2022,0.05330601090652509,0.0005391844845205792,0.9461548046089543
2023,0.0559152353095753,0.0006989438764272143,0.9433858208139975
2024,0.058572772563824774,0.0008926918186972929,0.9405345356174779
2025,0.06126542411936109,0.0011245353286985903,0.9376100405519403
2026,0.0639798350310165,0.0013988997026681451,0.9346212652663154
2027,0.06670281822767396,0.001720538266129417,0.9315766435061966
2028,0.06942166071048156,0.002094539678958931,0.9284837996105595
2029,0.07212441062793376,0.0025263324779751127,0.9253492568940911
2030,0.07480014019844819,0.003021686343203117,0.9221781734583487
2031,0.07743918151279887,0.0035867095258887926,0.9189741089613123
2032,0.08003333518249518,0.0042278417960606865,0.915738823021444
2033,0.08257604864363832,0.00495184251874778,0.9124721088376139
2034,0.08506256375503524,0.005765772803228282,0.9091716634417365
2035,0.08749003365131058,0.0066769713060342295,0.9058329950426552
2036,0.08985760729537033,0.007693022966746154,0.9024493697378835
2037,0.09216648122970564,0.008821719936141783,0.8990117988341525
2038,0.09441991928155666,0.010071013970629608,0.8955090667478137
2039,0.09662323776494455,0.011448960290709846,0.8919278019443456
2040,0.09878375699547039,0.012963651983747484,0.8882525910207821
2041,0.1009107176289687,0.014623145100335307,0.884466137270696
2042,0.10301516184431501,0.016435374588600848,0.8805494635670842
2043,0.10510977748826288,0.01840806159966495,0.8764821609120721
2044,0.10720870789017518,0.020548612473570767,0.8722426796362541
2045,0.10932732411243211,0.02286401146624505,0.8678086644213229
2046,0.1114819636770738,0.025360708000968277,0.8631573283219579
2047,0.1136896361957809,0.02804450120863969,0.8582658625955794
2048,0.11596769887180516,0.030920424248759956,0.8531118768794349
2049,0.11833350640259173,0.03399263103230748,0.8476738625651008
2050,0.1208040405225029,0.03726428907714196,0.8419316704003551
2051,0.12339552501808075,0.040737482377265384,0.8358669926046538
2052,0.12612303614408796,0.04441312739373776,0.8294638364621743
2053,0.12900011423087432,0.04829090600766719,0.8227089797614584
2054,0.1320383900250448,0.05236921999465315,0.8155923899803019
2055,0.13524723310266484,0.05664516847555872,0.8081075984217765
2056,0.1386334344074192,0.061114551999067575,0.8002520135935132
2057,0.14220093291572727,0.06577190462949283,0.79202716245478
2058,0.14595059651403844,0.07061055485396009,0.7834388486320015
2059,0.14988006255384037,0.07562271415599767,0.774497223290162
2060,0.15398364783733096,0.08079959333119344,0.7652167588314757
2061,0.15825232970852054,0.08613154258746071,0.7556161277040188
2062,0.16267380068030432,0.091608211913082,0.7457179874066137
2063,0.16723259529502893,0.0972187280755485,0.7355486766294225
2064,0.17191028713174497,0.10295188170610149,0.7251378311621535
2065,0.17668574786601787,0.10879631933302743,0.7145179328009545
2066,0.18153546299537918,0.11474073406058032,0.7037238029440405
2067,0.18643389425798992,0.12077404976542296,0.6927920559765871
2068,0.19135387804261822,0.12688559090015805,0.6817605310572238
2069,0.19626704970052655,0.133065235287477,0.6706677150119964
2070,0.2011442846839881,0.13930354333146006,0.6595521719845518
2071,0.20595614485830666,0.1455918609125319,0.6484519942291614
2072,0.21067332380363668,0.1519223920929637,0.6374042841033997
2073,0.2152670847846187,0.15828823994839092,0.6264446752669904
2074,0.21970968517197248,0.16468341373797918,0.6156069010900485
2075,0.2239747877212032,0.17110280060268077,0.6049224116761162
2076,0.22803785678192443,0.17754210275864743,0.5944200404594282
2077,0.23187654373391128,0.18399773757261448,0.5841257186934743
2078,0.23547106346610205,0.19046670196599,0.5740622345679081
2079,0.2388045722686809,0.19694639956956492,0.5642490281617543
2080,0.24186355162630643,0.20343442911731432,0.5547020192563792
2081,0.24463820941519024,0.20992833465889982,0.5454334559259099
2082,0.24712290969794648,0.21642531349842,0.5364517768036334
2083,0.2493166412158638,0.22292188034983604,0.5277614784343001
2084,0.2512235367650021,0.22941348539270873,0.5193629778422892
2085,0.25285345542665727,0.235894081858797,0.5112524627145456
2086,0.254222636289928,0.24235564036921592,0.503421723340856
2087,0.2553544312831359,0.24878760795288501,0.495857960763979
2088,0.2562801226257284,0.2551763090164656,0.48854356835780605
2089,0.2570398201397274,0.26150429025676547,0.4814558896035071
2090,0.25768343100014146,0.26774961270639985,0.47456695629345863
2091,0.2582716804499166,0.27388510081984374,0.4678432187302397
2092,0.2588771468285813,0.2798775650350967,0.46124528813632193
2093,0.25958526012062966,0.2856870239865359,0.4547277158928345
2094,0.26049518476029426,0.2912659656534582,0.4482388495862476
2095,0.26172048441839246,0.29655870097317943,0.44172081460842805
2096,0.26338943593983705,0.30150088207138864,0.43510968198877437
2097,0.26564482648465,0.30601927584120026,0.4283358976741498
2098,0.26864304191194244,0.31003190465400055,0.4213250534340571
2099,0.27255223483858765,0.31344867615892213,0.4139990890024901
