year,Model Uncertainty,Scenario Uncertainty,Inter-Annual Variability
1980,0.1944706306008172,0.0012428315063428,0.8042865378928399
1981,0.1611083891328463,0.0007224580916090517,0.8381691527755446
1982,0.13134653555502382,0.0003642539029594116,0.8682892105420167
1983,0.10532807774205269,0.00014424219076407282,0.8945276800671833
1984,0.08304549717244587,3.623766425755894e-05,0.9169182651632966
1985,0.06436363343202985,1.3801773260167293e-05,0.93562256479471
1986,0.049049033343577395,5.188147797154272e-05,0.9508990851784511
1987,0.03680115662472737,0.000128021310219636,0.9630708220650529
1988,0.02728175990311925,0.0002231251299870544,0.9724951149668937
1989,0.020140046213447456,0.00032180908579981175,0.9795381447007527
1990,0.015032419927997106,0.00041242466177809505,0.9845551554102248
1991,0.011636682668446724,0.00048684370571575194,0.9878764736258374
1992,0.009661170667679563,0.0005400921351784142,0.9897987371971421
1993,0.008849685500578743,0.000569904712747745,0.9905804097866735
1994,0.00898317736112288,0.0005762545646945896,0.9904405680741825
1995,0.009879092803913452,0.0005608939805780175,0.9895600132155085
1996,0.01138916473959926,0.0005269282332358822,0.9880839070271648
1997,0.013396262467413688,0.0004784333971315716,0.9861253041354546
1998,0.015810761184765453,0.00042012161458749653,0.9837691172006471
1999,0.018566752577028993,0.00035705281068739916,0.9810761946122836
2000,0.021618312084100623,0.00029438941995153046,0.9780872984959479
2001,0.024935954542178684,0.00023718985272868764,0.9748268556050925
2002,0.028503353620565827,0.000190236443452724,0.9713064099359815
2003,0.03231436214342746,0.00015789424553077153,0.9675277436110418
2004,0.03637034689860847,0.00014399754568866318,0.9634856555557029
2005,0.04067783525588651,0.00015176203629244138,0.959170402707821
2006,0.04524646702274011,0.00018372098896009606,0.9545698119882998
2007,0.05008723853047295,0.0002416842374049829,0.9496710772321221
2008,0.05521102654620808,0.00032671910940895125,0.9444622543443829
2009,0.06062737882404917,0.00043915238903373795,0.9389334687869171
2010,0.06634355673515686,0.0005785922720962221,0.933077850992747
2011,0.07236381705627458,0.0007439690170253875,0.9268922139267001
2012,0.07868891583347853,0.0009335926058339249,0.9203774915606876
2013,0.08531581689175909,0.001145225521221091,0.9135389575870199
2014,0.09223758601399373,0.001376167984181526,0.9063862460018248
2015,0.09944344872804901,0.0016233533833702,0.8989331978885807
2016,0.10691898802380363,0.00188345058541262,0.8911975613907838
2017,0.11464645774241905,0.0021529707420872173,0.8832005715154938
2018,0.122605185635719,0.002428375165446497,0.8749664391988345
2019,0.13077204158025166,0.0027061822433632017,0.866521776176385
2020,0.1391219462457621,0.0029830704068972706,0.8578949833473407
2021,0.14762839813775103,0.0032559755645071905,0.8491156262977418
2022,0.15626399857866882,0.003522181352294369,0.8402138200690368
2023,0.16500095835054843,0.0037794006863712134,0.8312196409630803
2024,0.17381157076218978,0.004025848463951249,0.822162580773859
2025,0.18266864115353232,0.004260304540658517,0.8130710543058093
2026,0.19154586575689903,0.004482167183086735,0.8039719670600142
2027,0.20041815394923285,0.004691497383316205,0.7948903486674509
2028,0.2092618925814906,0.004889054300802117,0.7858490531177073
2029,0.21805515410161008,0.005076322478116283,0.7768685234202736
2030,0.22677784744483265,0.005255531360266018,0.7679666211949013
2031,0.2354118184621266,0.005429668114793632,0.7591585134230797
2032,0.24394090238602326,0.0056024837499934615,0.7504566138639833
2033,0.25235093399038233,0.0057784933972699366,0.7418705726123477
2034,0.2606297204669721,0.005962970991357972,0.7334073085416699
2035,0.2687669831111542,0.006161938282900839,0.725071078605945
2036,0.27675427251824125,0.006382148339784632,0.7168635791419741
2037,0.28458486202209626,0.006631063553697549,0.7087840744242061
2038,0.2922536242724452,0.006916827260455829,0.7008295484670989
2039,0.29975689387034526,0.0072482292226405,0.6929948769070141
2040,0.307092322434706,0.007634663679687109,0.6852730138856068
2041,0.31425872441353986,0.008086080231389901,0.6776551953550702
2042,0.32125592159073896,0.008612926146710047,0.670131152262551
2043,0.3280845847836124,0.009226080084433527,0.662689335131954
2044,0.33474607634649073,0.009936776608653325,0.6553171470448559
2045,0.34124229561905584,0.01075652108918242,0.6480011832917617
2046,0.34757552736246683,0.011696995232533331,0.6407274774049999
2047,0.3537482972519756,0.01276995325141975,0.6334817494966046
2048,0.35976323304583063,0.013987109112835305,0.6262496578413341
2049,0.3656229352233934,0.015360016208089062,0.6190170485685176
2050,0.3713298577844188,0.016899940161688536,0.6117702020538928
2051,0.37688619963989506,0.0186177269780601,0.6044960733820447
2052,0.3822938098627383,0.020523668415071007,0.5971825217221908
2053,0.3875541067086843,0.022627366908408664,0.589818526382907
2054,0.39266801266377915,0.024937602908930424,0.5823943844272904
2055,0.39763590558454087,0.027462207803968682,0.5749018866114904
2056,0.4024575888132323,0.03020794474898719,0.5673344664377805
2057,0.40713227860615253,0.03318040147549004,0.5596873199183574
2058,0.4116586116166791,0.0363838969396525,0.5519574914436683
2059,0.4160346715826667,0.039821404631097464,0.5441439237862359
2060,0.4202580336824575,0.043494495437509384,0.5362474708800331
2061,0.42432583036471927,0.04740329986492596,0.5282708697703548
2062,0.42823483123736605,0.05154649248386392,0.52021867627877
2063,0.4319815427843227,0.055921296835382016,0.5120971603802952
2064,0.4355623213546167,0.06052351081865035,0.5039141678267328
2065,0.43897349968089716,0.06534755159725734,0.4956789487218454
2066,0.4422115264011646,0.07038651586281085,0.48740195773602457
2067,0.4452731141809817,0.07563225443385861,0.4790946313851597
2068,0.44815539747537636,0.08107545546795623,0.47076914705666745
2069,0.4508560969539686,0.08670573414951413,0.4624381688965173
2070,0.4533736895708014,0.09251172209809622,0.45411458833110235
2071,0.4557075841839949,0.09848115401402568,0.4458112618019794
2072,0.4578583017995263,0.10460094480313845,0.43754075339733534
2073,0.45982765975209255,0.11085725494299241,0.42931508530491513
2074,0.4616189614121404,0.11723553728135885,0.4211455013065007
2075,0.4632371912003105,0.12372056368555562,0.41304224511413395
2076,0.46468921543457004,0.1302964268005124,0.4050143577649175
2077,0.465983990307985,0.1369465154522054,0.39706949423980953
2078,0.4671327779967241,0.14365346021573291,0.38921376178754297
2079,0.46814937078914537,0.15039904962419853,0.38145157958665615
2080,0.4690503233699205,0.1571641157221512,0.3737855609079284
2081,0.46985519249422336,0.16392839013097485,0.3662164173748017
2082,0.4705867817313697,0.17067033225571288,0.3587428860129174
2083,0.47127138729998796,0.17736693343996782,0.3513616792600443
2084,0.47193903941578563,0.1839935014920899,0.3440674590921245
2085,0.4726237311574622,0.19052343190988405,0.33685283693265383
2086,0.47336362245918234,0.1969279757977109,0.32970840174310684
2087,0.47420120566800356,0.20317601430396476,0.32262278002803174
2088,0.4751834128975294,0.20923385494274488,0.3155827321597257
2089,0.4763616433854492,0.2150650657883948,0.308573290826156
2090,0.4777916828561258,0.2206303691977496,0.3015779479461247
2091,0.4795334852718333,0.2258876172042878,0.29457889752387884
2092,0.48165078251070903,0.23079187619525576,0.28755734129403526
2093,0.4842104872557601,0.2352956481930501,0.2804938645511899
2094,0.4872818553725217,0.23934925793460368,0.2733688866928747
2095,0.49093537687223676,0.2429014337338323,0.2661631893939309
2096,0.49524137564130244,0.2459001037804464,0.2588585205782512
2097,0.500268308103098,0.24829342490007955,0.2514382669968225
2098,0.5060807735507803,0.2500310457686413,0.24388818068057844
2099,0.5127372710422935,0.2510655921223168,0.2361971368353897
