year,Model Uncertainty,Scenario Uncertainty,Inter-Annual Variability
1980,0.1280471686942174,0.0024508151514263496,0.8695020161543563
1981,0.10245145271463922,0.0016304350552688704,0.8959181122300919
1982,0.08031873692598698,0.001018064154965183,0.9186631989190478
1983,0.06157560660232979,0.0005838008061620802,0.9378405925915081
1984,0.04605027497001919,0.0002970163684916273,0.9536527086614891
1985,0.0334975420341341,0.00012808511897222428,0.9663743728468936
1986,0.02362394000505601,4.9690334153646756e-05,0.9763263696607903
1987,0.0161106622174595,3.768388151562739e-05,0.9838516539010248
1988,0.010632807333967124,7.153568248200971e-05,0.9892956569835508
1989,0.006874314356981703,0.00013444475230915863,0.9929912408907091
1990,0.0045386213382189846,0.00021319734007339556,0.9952481813217077
1991,0.003355497426332459,0.0002978555121429537,0.9963466470615246
1992,0.0030847152513124023,0.00038134811590038954,0.9965339366327872
1993,0.0035172860034626777,0.0004590203254094112,0.9960236936711279
1994,0.004474936922574847,0.000528182261077123,0.9949968808163481
1995,0.005808411481730612,0.0005876833175651657,0.9936039052007043
1996,0.007395057526078909,0.0006375274736547551,0.9919674150002664
1997,0.009136050764857413,0.0006785371744280783,0.9901854120607145
1998,0.01095350401606567,0.0007120674439477709,0.9883344285399865
1999,0.012787627679558272,0.0007397686410465626,0.9864726036793952
2000,0.014594045518320308,0.0007633941960708419,0.9846425602856088
2001,0.016341324790225712,0.000784649091122139,0.9828740261186522
2002,0.018008745452781007,0.0008050740234681849,0.9811861805237508
2003,0.019584315097051438,0.0008259610305907391,0.9795897238723579
2004,0.021063021328894913,0.0008482964970379348,0.9780886821740671
2005,0.022445305118945387,0.0008727275108916183,0.976681967370163
2006,0.023735740152467828,0.0008995486513863913,0.9753647111961458
2007,0.024941894751709593,0.0009287062227661155,0.9741293990255242
2008,0.026073361185710155,0.0009598172415842699,0.9729668215727056
2009,0.027140932484939356,0.0009922010323425133,0.9718668664827181
2010,0.028155913496567164,0.0010249211556107953,0.970819165347822
2011,0.02912955073079053,0.0010568357370950591,0.9698136135321144
2012,0.030072569674046742,0.001086654141052377,0.9688407761849009
2013,0.030994809511073255,0.0011129984669576982,0.9678921920219691
2014,0.03190494371277152,0.0011344675312104896,0.966960588756018
2015,0.032810280517897264,0.001149702385658487,0.9660400170964443
2016,0.03371663260024519,0.0011574511057961554,0.9651259162939586
2017,0.034628250443998754,0.0011566318381239665,0.9642151177178774
2018,0.035547811039921155,0.0011463924207491636,0.9633057965393297
2019,0.0364764546329392,0.0011261655214515301,0.9623973798456092
2020,0.037413864289977505,0.0010957181197232123,0.9614904175902993
2021,0.03835838009585117,0.00105519446413079,0.960586425440018
2022,0.03930714287178236,0.0010051516333875238,0.9596877054948301
2023,0.04025626015717089,0.0009465871107114708,0.9587971527321176
2024,0.041200991531690996,0.0008809578979468648,0.9579180505703622
2025,0.042135943769525404,0.0008101908090624784,0.957053865421412
2026,0.04305527454741212,0.0007366834683814573,0.9562080419842064
2027,0.043952900139587275,0.0006632963925829186,0.9553838034678298
2028,0.04482270042376291,0.000593335303829067,0.954583964272408
2029,0.045658719811169236,0.0005305243600644375,0.9538107558287664
2030,0.04645536102448882,0.0004789698426323421,0.9530656691328788
2031,0.047207569585853586,0.0004431147430150098,0.9523493156711313
2032,0.04791100252013757,0.00042768398731484874,0.9516613134925477
2033,0.048562185787503064,0.0004376208317789914,0.951000193380718
2034,0.0491586534676574,0.0004780143995663654,0.9503633321327762
2035,0.04969906789639349,0.0005540188316014293,0.949746913272005
2036,0.0501833221097397,0.0006707642694070799,0.9491459136208532
2037,0.05061261890467613,0.0008332604887744924,0.9485541206065494
2038,0.05098952967870078,0.0010462935359991596,0.9479641767853001
2039,0.051318026620110986,0.001314316582934141,0.9473676567969549
2040,0.051603493595359956,0.0016413357234590516,0.9467551706811811
2041,0.05185270786078422,0.0020307924666219048,0.9461164996725939
2042,0.052073796942803265,0.002485444197376676,0.94544075885982
2043,0.052276167398267785,0.0030072447115518787,0.9447165878901803
2044,0.052470406560156405,0.0035972268202728672,0.9439323666195707
2045,0.05266815580072749,0.004255389521498758,0.9430764546777738
2046,0.05288195708325261,0.004980592707709825,0.9421374502090375
2047,0.053125074167991324,0.0057704614020201335,0.9411044644299885
2048,0.053411287901700695,0.006621303892659625,0.9399674082056396
2049,0.053754670881392935,0.007528045308903994,0.9387172838097031
2050,0.05416934277687265,0.008484180783796435,0.9373464764393309
2051,0.05466921035772248,0.009481750439793863,0.9358490392024836
2052,0.055267695859399654,0.01051133916614733,0.9342209649744531
2053,0.05597746112699828,0.011562103228794713,0.932460435644207
2054,0.05681012910880902,0.012621825742021427,0.9305680451491696
2055,0.05777601184458378,0.013677002333632867,0.9285469858217834
2056,0.05888384786882376,0.014712958223331504,0.9264031939078446
2057,0.060140557787298224,0.01571399596152099,0.9241454462511808
2058,0.06155101851088362,0.01666357595306609,0.9217854055360503
2059,0.0631178669676887,0.01754452667155664,0.9193376063607546
2060,0.06484133124104835,0.01833928620222593,0.9168193825567258
2061,0.0667190972002337,0.019030173215571725,0.9142507295841945
2062,0.06874620925012975,0.019599687380539726,0.9116541033693305
2063,0.07091500838068857,0.020030839604158607,0.9090541520151528
2064,0.0732151073259351,0.020307511790868614,0.9064773808831963
2065,0.07563340095687035,0.020414850415516134,0.9039517486276135
2066,0.07815411267403588,0.02033969478663201,0.9015061925393321
2067,0.0807588734587616,0.02007104634779756,0.8991700801934408
2068,0.08342683217726789,0.01960058785807787,0.8969725799646543
2069,0.08613479658966448,0.018923257964226056,0.8949419454461094
2070,0.08885740348308031,0.018037896781686446,0.8931046997352332
2071,0.09156731960033573,0.01694797498054912,0.8914847054191152
2072,0.09423547614839695,0.015662422544104975,0.890102101307498
2073,0.09683134300252653,0.014196576585748459,0.888972080411725
2074,0.0993232500643803,0.012573265491525059,0.8881034844440947
2075,0.10167877135002645,0.010824050626260125,0.8874971780237135
2076,0.10386518807534063,0.008990638173882777,0.8871441737507766
2077,0.10585005500603416,0.007126473888979197,0.8870234711049867
2078,0.1076018991972552,0.0052985165356423435,0.8870995842671026
2079,0.10909108705185207,0.003589171809926634,0.8873197411382213
2080,0.11029089789860239,0.002098338498688145,0.8876107636027094
2081,0.11117885164851715,0.0009454799040034342,0.8878756684474793
2082,0.11173832480647994,0.00027157691997183443,0.8879900982735481
2083,0.1119604963431305,0.00024074787369648325,0.887798755783173
2084,0.11184663322070847,0.0010412275275266062,0.8871121392517649
2085,0.11141069798985323,0.0028852926436501863,0.8857040093664966
2086,0.11068220416444384,0.0060076102713512046,0.883310185564205
2087,0.10970917023924173,0.010661388183209755,0.8796294415775485
2088,0.10856091380105463,0.01711165864828738,0.8743274275506581
2089,0.10733031380720107,0.025625071372572975,0.867044614820226
2090,0.10613503568899445,0.03645577168212655,0.8574091926288789
2091,0.10511712289421432,0.04982734919546875,0.8450555279103169
2092,0.10444032807681922,0.06591149349967265,0.829648178423508
2093,0.10428466281256275,0.08480486789975325,0.810910469287684
2094,0.10483791559075312,0.10650667290081453,0.7886554115084323
2095,0.10628434855742004,0.13090020954636947,0.7628154418962104
2096,0.10879138251025065,0.15774212718198954,0.7334664903077598
2097,0.112495700456983,0.1866626496973866,0.7008416498456304
2098,0.11749064475084471,0.21717877130385518,0.6653305839453002
2099,0.1238168840040955,0.24872029757882255,0.6274628184170821
