year,Model Uncertainty,Scenario Uncertainty,Inter-Annual Variability
1980,0.11192752484447531,0.008202677829881015,0.8798697973256436
1981,0.09054106894014609,0.005158798058640526,0.9043001330012134
1982,0.07231536753086386,0.0029371471215806203,0.9247474853475555
1983,0.05709311484220484,0.0014295898665487342,0.9414772952912465
1984,0.04463792523110817,0.0005186735219321659,0.9548434012469597
1985,0.03466368416883543,8.607374464899507e-05,0.9652502420865157
1986,0.026860832348778854,1.9141066161268354e-05,0.9731200265850599
1987,0.020917783205722344,0.0002154215633766449,0.9788667952309009
1988,0.016536869077992462,0.0005853235998787718,0.9828778073221287
1989,0.013445071552868754,0.001053266659442409,0.9855016617876888
1990,0.011400289065810447,0.0015577014873764834,0.9870420094468131
1991,0.010194095313589885,0.0020503688175431698,0.987755535868867
1992,0.009651936731519074,0.0024951035621626743,0.9878529597063183
1993,0.009631601204098039,0.0028664174908105,0.9875019813050914
1994,0.010020622350345502,0.0031480222170164602,0.986831355432638
1995,0.010733117329445173,0.0033313967835063418,0.9859354858870485
1996,0.0117064039503704,0.0034144572251657117,0.9848791388244639
1997,0.012897625082502933,0.0034003550996365276,0.9837020198178605
1998,0.014280518769722634,0.0032964109581661355,0.9824230702721112
1999,0.015842407756728804,0.003113175433340138,0.981044416809931
2000,0.017581441054105335,0.002863605844875754,0.9795549531010189
2001,0.019504097521860542,0.0025623435145827322,0.9779335589635567
2002,0.02162294208315361,0.002225077180903988,0.9761519807359423
2003,0.023954626207270072,0.0018679810801248958,0.974177392712605
2004,0.02651811784688197,0.0015072175422396997,0.9719746646108783
2005,0.029333150341668557,0.0011584983393279256,0.9695083513190035
2006,0.032418881307396244,0.00083670058006778,0.966744418112536
2007,0.035792756114122824,0.0005555355994086525,0.9636517082864685
2008,0.03946957212087971,0.00032727112401898526,0.9602031567551014
2009,0.04346073796458946,0.00016250714187330612,0.9563767548935372
2010,0.04777372651445359,7.00070212902994e-05,0.9521562664642561
2011,0.05241171368755408,5.6584533753487696e-05,0.9475317017786924
2012,0.057373395876775785,0.00012704666697732197,0.9424995574562469
2013,0.06265297199417531,0.00028419105313790065,0.9370628369526869
2014,0.06824027777295481,0.0005288552779616535,0.9312308669490836
2015,0.07412104984370134,0.0008600140548145116,0.9250189361014842
2016,0.080277302224417,0.0012749184622504045,0.9184477793133327
2017,0.08668778876671845,0.001769271300044053,0.9115429399332375
2018,0.09332852874730245,0.0023374301820808427,0.9043340410706168
2019,0.10017337059672003,0.0029726318173035294,0.8968539975859765
2020,0.10719457190711155,0.0036672284477476265,0.8891381996451408
2021,0.11436337394925472,0.0044129298042381426,0.8812236962465071
2022,0.12165055145447427,0.005201043563839907,0.8731484049816858
2023,0.12902692629264,0.00602270777947416,0.8649503659278859
2024,0.1364638283277023,0.006869111670435319,0.8566670600018623
2025,0.14393349865841767,0.007731699784716615,0.8483348015568657
2026,0.1514094325636117,0.008602357102164851,0.8399882103342234
2027,0.15886665328665595,0.0094735744835564,0.8316597722297876
2028,0.16628192437134198,0.01033859266014431,0.8233794829685137
2029,0.1736339009254761,0.011191525199434033,0.8151745738750898
2030,0.18090322213147778,0.012027461566277745,0.8070693163022445
2031,0.18807255410112647,0.012842551123922468,0.799084894774951
2032,0.19512658533585386,0.01363406959765299,0.7912393450664932
2033,0.20205198468299823,0.014400469666311233,0.7835475456506905
2034,0.20883732398896807,0.015141417335473114,0.7760212586755589
2035,0.21547297599815526,0.015857814862594913,0.7686692091392499
2036,0.22195099013597117,0.01655181277452796,0.7614971970895008
2037,0.22826494981620205,0.017226811430383796,0.7545082387534141
2038,0.23440982191933207,0.017887451919427134,0.7477027261612409
2039,0.2403817922513475,0.018539599241383348,0.7410786085072693
2040,0.24617810266781115,0.019190314547634108,0.7346315827845546
2041,0.2517968805018372,0.019847820368910973,0.7283552991292517
2042,0.2572369715341043,0.020521455032553742,0.7222415734333419
2043,0.26249777393958074,0.02122161819190305,0.7162806078685161
2044,0.2675790763758021,0.02195970592720156,0.7104612176969962
2045,0.27248090211012116,0.02274803470528801,0.7047710631845908
2046,0.27720335794128415,0.02359975478806746,0.6991968872706485
2047,0.2817464931777938,0.02452875163505508,0.6937247551871513
2048,0.2861101657925879,0.025549534716177724,0.6883402994912343
2049,0.2902939204935856,0.026677116132548723,0.6830289633738658
2050,0.2942968768272248,0.0279268763974093,0.677776246775366
2051,0.2981176296801654,0.029314420145378814,0.6725679501744558
2052,0.301754165036773,0.030855422824407654,0.6673904121388193
2053,0.3052037878261574,0.032565469350787656,0.6622307428230548
2054,0.30846306915043903,0.034459887792809604,0.6570770430567514
2055,0.3115278059165473,0.03655357982635589,0.6519186142570969
2056,0.31439300236501105,0.03886085174730062,0.6467461458876883
2057,0.31705286787560866,0.04139524875226544,0.641551883372126
2058,0.31950083319433853,0.04416939625255494,0.6363297705531065
2059,0.3217295880603112,0.0471948506334194,0.6310755613062693
2060,0.32373113354348315,0.05048196551773398,0.625786900938783
2061,0.32549686146194634,0.054039772098093374,0.6204633664399603
2062,0.327017642614029,0.057875880435714976,0.6151064769502561
2063,0.32828394146888745,0.06199640078245189,0.6097196577486607
2064,0.32928594586482923,0.06640588663752311,0.6043081674976476
2065,0.330013712620945,0.07110730023879724,0.5988789871402577
2066,0.33045733519479337,0.07610199797855144,0.5934406668266552
2067,0.330607124512481,0.0813897367000371,0.5880031387874819
2068,0.3304538126087473,0.08696869320541539,0.5825774941858373
2069,0.3299887747930818,0.09283549830028318,0.5771757269066351
2070,0.329204275262176,0.09898527446859534,0.5718104502692286
2071,0.32809373971492445,0.10541167645277759,0.566494583832298
2072,0.3266520585677667,0.11210692306555449,0.5612410183666788
2073,0.32487592945023624,0.1190618161381963,0.5560622544115674
2074,0.3227642415454142,0.12626573573723696,0.5509700227173487
2075,0.32031851820712176,0.13370660452199776,0.5459748772708805
2076,0.3175434203447105,0.14137081041080918,0.5410857692444803
2077,0.31444732768786393,0.14924307977889525,0.5363095925332408
2078,0.31104300794117157,0.1573062899335728,0.5316507021252556
2079,0.3073483894451978,0.1655412119583104,0.5271103985964918
2080,0.3033874456226258,0.17392617594824022,0.522686378429134
2081,0.2991912097497171,0.18243664836341736,0.5183721418868654
2082,0.294798921164568,0.1910447175942786,0.5141563612411534
2083,0.29025931115992476,0.19971848241900472,0.5100222064210705
2084,0.28563201846585823,0.2084213456006656,0.5059466359334761
2085,0.2809891223778649,0.21711121775434483,0.5018996598677902
2086,0.27641674756823864,0.22573965083033867,0.49784360160142266
2087,0.2720166859776479,0.23425092592440208,0.49373238809795
2088,0.2679079380722749,0.24258114529716213,0.4895109166305629
2089,0.2642280394357305,0.2506573896448065,0.485114570919463
2090,0.26113398617465844,0.25839703609868775,0.4804689777266537
2091,0.25880252595015846,0.26570735561036063,0.4754901184394809
2092,0.25742951898035726,0.2724855406412323,0.4700849403784105
2093,0.2572280343972023,0.2786193420445263,0.46415262355827136
2094,0.2584248217578344,0.2839885081205696,0.45758667012159604
2095,0.26125481166345754,0.2884672239685468,0.4502779643679957
2096,0.26595338289057097,0.29192771116941707,0.4421189059400119
2097,0.2727462889587119,0.29424508088335,0.43300863015793806
2098,0.281837392101226,0.29530340624286056,0.4228592016559135
2099,0.2933946996717664,0.295002811295099,0.4116024890331346
