year,Model Uncertainty,Scenario Uncertainty,Inter-Annual Variability
1980,0.08571644940214382,0.0009549059826316985,0.9133286446152244
1981,0.07019248581674023,0.0006841168162925121,0.9291233973669674
1982,0.057083245047426456,0.0004787445803974106,0.9424380103721761
1983,0.046158100851582375,0.00032720653811062943,0.953514692610307
1984,0.037173504002670686,0.00021922347473721652,0.962607272522592
1985,0.029885465070893968,0.00014599305703532836,0.9699685418720707
1986,0.02405910710244909,0.00010023648633096205,0.97584065641122
1987,0.019475417494816023,7.614858937255464e-05,0.9804484339158115
1988,0.01593553850520599,6.928066662578451e-05,0.9839951808281683
1989,0.013263031210477528,7.638164588221636e-05,0.9866605871436402
1990,0.011304567862938791,9.521812181723132e-05,0.9886002140152439
1991,0.009929470608086416,0.00012438860458432354,0.9899461407873293
1992,0.009028457525618339,0.0001631428428530261,0.9908083996315287
1993,0.008511887007133023,0.000211213093864855,0.991276899899002
1994,0.008307723018226227,0.00026866162239569353,0.9914236153593781
1995,0.008359385737509514,0.0003357463084166363,0.9913048679540738
1996,0.00862360333613682,0.00041280512375596964,0.9909635915401072
1997,0.009068341292429538,0.0005001591702015821,0.9904314995373689
1998,0.009670858233990293,0.0005980335268191421,0.9897311082391905
1999,0.01041591627919196,0.0007064949144643905,0.9888775888063436
2000,0.011294159580339351,0.0008254049560184851,0.9878804354636421
2001,0.01230066586926941,0.0009543879637346447,0.986744946166996
2002,0.01343366884040843,0.001092811837214559,0.9854735193223769
2003,0.01469344800205825,0.0012397810906224808,0.9840667709073193
2004,0.016081376848571832,0.0013941407294451168,0.982524482421983
2005,0.01759912304414705,0.0015544896316513248,0.9808463873242016
2006,0.019247990284541463,0.0017192023903172798,0.9790328073251413
2007,0.021028393849553885,0.001886458116037355,0.9770851480344088
2008,0.022939459162978352,0.002054275076287977,0.9750062657607337
2009,0.02497873414655291,0.002220549716998813,0.9728007161364483
2010,0.027142004659169508,0.0023830987498622996,0.9704748965909682
2011,0.029423202352331864,0.002539703235965772,0.9680370944117024
2012,0.03181439405285394,0.002688153008426872,0.9654974529387191
2013,0.03430584208845343,0.002826290938596825,0.9628678669729497
2014,0.036886122668096794,0.0029520552373311676,0.960161822094572
2015,0.03954229411315035,0.0030635197561142864,0.9573941861307353
2016,0.042260101335199855,0.0031589309639560403,0.954580967700844
2017,0.04502420935635228,0.0032367409291158234,0.9517390497145319
2018,0.047818454084520685,0.003295636781778648,0.9488859091337006
2019,0.05062610374584116,0.0033345651328627614,0.946039331121296
2020,0.05343012209693486,0.003352752362891407,0.9432171255401737
2021,0.056213429190801745,0.003349720048684449,0.9404368507605139
2022,0.058959151723649066,0.003325296205574302,0.9377155520707766
2023,0.061650860917904005,0.0032796217379181727,0.9350695173441779
2024,0.0642727948179847,0.0032131534088486323,0.9325140517731667
2025,0.06681006106227437,0.0031266622558430396,0.9300632766818826
2026,0.06924881898829285,0.003021228595371329,0.9277299524163358
2027,0.07157644417393956,0.0028982339373026886,0.9255253218887577
2028,0.07378166910815788,0.002759349117613461,0.9234589817742287
2029,0.0758547041256904,0.0026065196913182425,0.9215387761829914
2030,0.0777873385539472,0.0024419484155744162,0.9197707130304784
2031,0.07957302348036832,0.0022680748682878827,0.9181589016513437
2032,0.08120693201784222,0.002087552257272478,0.9167055157248853
2033,0.0826860051352103,0.00190322152899486,0.9154107733357949
2034,0.08400897805857079,0.0017180826582605736,0.9142729392831687
2035,0.08517638759938798,0.001535263137875383,0.9132883492627366
2036,0.08619056438302432,0.0013579835723975012,0.9124514520445781
2037,0.08705560487123806,0.0011895205124643961,0.9117548746162975
2038,0.08777732725183393,0.0010331664134098613,0.9111895063347561
2039,0.08836320578806814,0.0008921866811787431,0.9107446075307531
2040,0.08882228849258386,0.0007697744478016516,0.9104079370596145
2041,0.08916509126895895,0.0006690026936323149,0.9101659060374088
2042,0.08940347309093015,0.0005927745985719401,0.9100037523104979
2043,0.0895504876433223,0.0005437724744775072,0.9099057398822002
2044,0.0896202138915543,0.0005244058826064346,0.9098553802258392
2045,0.08962756363441911,0.0005367600180760999,0.9098356763475048
2046,0.08958806718811783,0.0005825450969642407,0.909829387714918
2047,0.08951763906280553,0.0006630482146169156,0.9098193127225775
2048,0.08943232349397973,0.0007790887579489026,0.9097885877480715
2049,0.0893480254000211,0.0009309790658939571,0.909720995534085
2050,0.08928022734273397,0.0011184917119306625,0.9096012809453354
2051,0.08924369884658756,0.0013408350450124986,0.9094154661084
2052,0.08925220191221851,0.0015966390303466266,0.9091511590574348
2053,0.0893182002575428,0.0018839521825059252,0.9087978475599513
2054,0.08945257508056066,0.00220025196900214,0.9083471729504372
2055,0.08966436106464393,0.00254246948932808,0.907793169446028
2056,0.0899605012253057,0.0029070301267329936,0.9071324686479614
2057,0.09034563679431053,0.0032899103845638934,0.9063644528211255
2058,0.09082193002912654,0.0036867131566789197,0.9054913568141946
2059,0.09138893528595692,0.00409276007261512,0.9045183046414279
2060,0.0920435180779604,0.004503203604670469,0.9034532783173691
2061,0.09277983071618656,0.004913157258996797,0.9023070120248167
2062,0.09358934750051483,0.005317845476896318,0.9010928070225888
2063,0.09446096525729478,0.005712773083818896,0.8998262616588864
2064,0.09538117033685285,0.006093914485238548,0.8985249151779086
2065,0.09633427634914768,0.006457924400181596,0.8972077992506707
2066,0.09730273545581815,0.006802369613024484,0.8958948949311574
2067,0.0982675265523117,0.007125984895539749,0.8946064885521485
2068,0.09920862391268971,0.0074289544334292775,0.893362421653881
2069,0.10010555129292927,0.0077132209597620405,0.8921812277473087
2070,0.10093803160191328,0.007982826523735035,0.8910791418743517
2071,0.10168673791011618,0.00824428746465348,0.8900689746252304
2072,0.1023341604779631,0.008507007154333609,0.8891588323677032
2073,0.10286560341383913,0.008783728805955782,0.8883506677802051
2074,0.10327033033310085,0.009091029866919622,0.8876386397999795
2075,0.1035428726158534,0.009449856644200845,0.8870072707399458
2076,0.10368452670727472,0.009886092874903319,0.886429380417822
2077,0.10370504980753836,0.01043115222214567,0.885863797970316
2078,0.1036245643147627,0.011122571315735293,0.885252864369502
2079,0.10347567071475354,0.012004572412616956,0.8845197568726295
2080,0.10330573593393062,0.013128543868525442,0.8835657201975439
2081,0.10317930460497965,0.014553369190291012,0.8822673262047293
2082,0.10318051984520699,0.01634550610210649,0.8804739740526865
2083,0.10341538772422662,0.018578694486200885,0.8780059177895725
2084,0.10401363359687096,0.021333137251709114,0.87465322915142
2085,0.10512980198975312,0.024693982283908338,0.8701762157263386
2086,0.10694316297280468,0.028748918181863432,0.8643079188453319
2087,0.10965589615493637,0.033584720288285866,0.8567593835567778
2088,0.11348898708576184,0.0392826341616232,0.8472283787526149
2089,0.1186753095623306,0.045912602756079356,0.83541208768159
2090,0.12544953487228364,0.053526512379535485,0.8210239527481809
2091,0.13403483575259698,0.06215087441499311,0.80381428983241
2092,0.14462685698453634,0.07177962296877792,0.7835935200466858
2093,0.15737606509562532,0.08236796280903928,0.7602559720953354
2094,0.17237024974673382,0.09382835122874036,0.7338013990245258
2095,0.18961948972736659,0.10602966348387619,0.7043508467887571
2096,0.20904605275069002,0.11880032173722281,0.6721536255120871
2097,0.2304813860609794,0.13193562188635993,0.6375829920526606
2098,0.2536714449930942,0.14520881499211993,0.601119740014786
2099,0.2782903150319677,0.1583847772518721,0.5633249077161602
