year,Model Uncertainty,Scenario Uncertainty,Inter-Annual Variability
1980,0.07658791987773282,0.0031802331422749585,0.9202318469799922
1981,0.05830537813991603,0.002148473396380378,0.9395461484637035
1982,0.04331966642415734,0.001361104354996771,0.955319229220846
1983,0.03134938952236362,0.000790053435803927,0.9678605570418325
1984,0.02206467127860569,0.0004048630015159507,0.9775304657198783
1985,0.015112815033267106,0.00017463950352984454,0.984712545463203
1986,0.01013946663985374,6.957596025808065e-05,0.9897909573998882
1987,0.006804649462696288,6.203114911216812e-05,0.9931333193881916
1988,0.004793814698684608,0.00012720407896902344,0.9950789812223464
1989,0.0038245313089648966,0.00024347243685909466,0.9959319962541759
1990,0.003649662355049222,0.00039247391100051424,0.9959578637339502
1991,0.004057911438611821,0.0005590059362673363,0.9953830826251209
1992,0.004872540965160782,0.0007308086081234021,0.9943966504267158
1993,0.00594892978599756,0.0008982821362008758,0.9931527880778017
1994,0.007171484295294933,0.001054176335651247,0.9917743393690538
1995,0.008450278594954485,0.0011932780637482895,0.9903564433412974
1996,0.009717677291233436,0.001312112969263971,0.9889702097395027
1997,0.010925103923002982,0.001408670731698206,0.9876662253452988
1998,0.012040045150872283,0.0014821582276139,0.9864777966215139
1999,0.013043335843289148,0.0015327811170308112,0.9854238830396801
2000,0.013926734964849141,0.0015615529493600193,0.9845117120857908
2001,0.014690783850309145,0.0015701295431490348,0.9837390866065417
2002,0.015342927288993623,0.001560665537470632,0.9830964071735356
2003,0.01589587217753635,0.0015356905492527838,0.9825684372732109
2004,0.016366158996276213,0.0014980021022533453,0.9821358389014705
2005,0.016772920740707256,0.0014505730210996068,0.9817765062381931
2006,0.01713680892528109,0.0013964712685219022,0.981466719806197
2007,0.01747906777337001,0.001338790660591414,0.9811821415660387
2008,0.017820741434362415,0.0012805913458774224,0.98089866721976
2009,0.01818200312046001,0.0012248488927089777,0.9805931479868311
2010,0.01858159545425472,0.0011744113914332385,0.980243993154312
2011,0.01903637521635853,0.0011319644264718054,0.9798316603571696
2012,0.01956095537183182,0.0011000030037927246,0.9793390416243755
2013,0.020167439715083543,0.0010808106326154084,0.978751749652301
2014,0.020865243650026354,0.0010764451963953738,0.9780583111535782
2015,0.021660996392886052,0.0010887313354661645,0.9772502722716477
2016,0.02255851859877381,0.0011192590446075198,0.9763222223566186
2017,0.023558869080982616,0.0011693882122927176,0.9752717427067247
2018,0.02466045304814823,0.001240258658193065,0.9740992882936587
2019,0.025859185208928753,0.0013328049652507532,0.9728080098258205
2020,0.027148698831814855,0.001447776133049714,0.9714035250351355
2021,0.028520593082753277,0.001585758501001467,0.9698936484162453
2022,0.029964709220591624,0.001747202262282151,0.9682880885171262
2023,0.031469429123458806,0.0019324501045697503,0.9665981207719715
2024,0.033021985694134004,0.0021417677055140406,0.9648362466003519
2025,0.03460878003954629,0.002375375426510462,0.9630158445339432
2026,0.03621569769067341,0.0026334803567309617,0.9611508219525956
2027,0.03782841686986821,0.002916308128415838,0.959255275001716
2028,0.039432706237245894,0.0032241342485404972,0.9573431595142136
2029,0.041014705673908546,0.0035573141859642794,0.9554279801401272
2030,0.04256118805093598,0.003916311909213186,0.9535225000398507
2031,0.04405979887828502,0.004301726577687111,0.951638474544028
2032,0.045499273399779966,0.004714317025318641,0.9497864095749013
2033,0.046869627672958665,0.005155023731951367,0.9479753485950899
2034,0.04816232598376889,0.0056249882113655735,0.9462126858048656
2035,0.049370422187885725,0.00612556970806343,0.9445040081040509
2036,0.050488676083944514,0.006658358615344553,0.9428529653007109
2037,0.051513644324585495,0.007225187233474798,0.9412611684419396
2038,0.05244374764227119,0.007828136837473614,0.9397281155202553
2039,0.05327931185746642,0.008469541750374884,0.9382511463921586
2040,0.054022585813270185,0.00915198973785548,0.9368254244488744
2041,0.05467773365456786,0.009878318873395199,0.935443947472037
2042,0.05525080240888417,0.01065161086055599,0.93409758673056
2043,0.05574966438083608,0.01147518023085993,0.9327751553883041
2044,0.05618393318295329,0.012352559736327167,0.9314635070807195
2045,0.05656485338869182,0.01328748250299286,0.9301476641083154
2046,0.056905162474167846,0.014283859029007024,0.9288109784968253
2047,0.057218926280932496,0.015345751872688036,0.9274353218463796
2048,0.05752134450656645,0.016477345538888816,0.9260013099545448
2049,0.05782853071638085,0.01768291370240764,0.9244885555812116
2050,0.05815726360420856,0.018966783456472024,0.9228759529393193
2051,0.05852471399775279,0.020333297337790046,0.9211419886644572
2052,0.05894814755876254,0.021786773192970545,0.919265079248267
2053,0.059444608765491624,0.023331464182461882,0.9172239270520466
2054,0.060030587465661124,0.024971518197354076,0.9149978943369849
2055,0.060721676347934156,0.026710938928976587,0.9125673847230892
2056,0.06153222304025055,0.028553549683097267,0.9099142272766522
2057,0.06247498513206671,0.03050296065585452,0.9070220542120787
2058,0.06356079614425991,0.032562541874111846,0.9038766619816283
2059,0.06479825003584387,0.03473540203481627,0.9004663479293399
2060,0.06619341340146359,0.03702437569702325,0.8967822109015132
2061,0.06774957443343829,0.039432018250491606,0.8928184073160701
2062,0.06946703527377485,0.04196061165484827,0.8885723530713769
2063,0.07134295632461823,0.044612178583722975,0.8840448650916587
2064,0.07337125981346986,0.04738850893177193,0.8792402312547583
2065,0.07554259460000233,0.0502911949626805,0.8741662104373172
2066,0.07784436860074152,0.05332167656504366,0.8688339548342149
2067,0.08026084953850035,0.05648129567557935,0.8632578547859203
2068,0.08277333380215131,0.0597713583601986,0.8574553078376501
2069,0.0853603820746296,0.06319320159241923,0.8514464163329512
2070,0.08799812010897587,0.06674826525839304,0.8452536146326312
2071,0.09066059931508817,0.07043816386905594,0.8389012368158559
2072,0.09332021459704634,0.0742647591033861,0.8324150262995675
2073,0.09594817403994839,0.07823022611022544,0.8258215998498262
2074,0.09851501726997104,0.08233711311217842,0.8191478696178506
2075,0.10099117800031893,0.08658839002369942,0.8124204319759817
2076,0.1033475932118974,0.09098748139429771,0.8056649253938047
2077,0.10555635346486596,0.0955382815642427,0.7989053649708913
2078,0.10759140244571516,0.10024514338587145,0.7921634541684134
2079,0.10942928632302312,0.10511283955824302,0.7854578741187339
2080,0.11104996242035715,0.11014648771183004,0.7788035498678129
2081,0.11243767548730288,0.11535143225343057,0.7722108922592665
2082,0.11358191208659069,0.12073307684906497,0.7656850110643444
2083,0.11447844580257684,0.12629665643470483,0.7592248977627184
2084,0.11513048395853134,0.13204693954273072,0.752822576498738
2085,0.11554992343394742,0.1379878504863975,0.7464622260796551
2086,0.11575872448573996,0.14412199866511413,0.7401192768491458
2087,0.11579039293045935,0.15045010303452713,0.7337595040350136
2088,0.1156915596999654,0.15697030444677737,0.7273381358532572
2089,0.11552362172452535,0.16367735327801075,0.7207990249974638
2090,0.11536438696212926,0.17056167528651284,0.7140739377513579
2091,0.11530963389999428,0.1776083170606873,0.7070820490393184
2092,0.1154744579597275,0.18479579389789347,0.699729748142379
2093,0.11599423058233228,0.19209487212526766,0.6919108972924001
2094,0.11702494944820643,0.19946734929348625,0.6835077012583073
2095,0.11874270837118828,0.20686491331123502,0.6743923783175767
2096,0.12134198180371301,0.21422820500049833,0.6644298131957886
2097,0.1250324008841811,0.22148622934179385,0.653481369774025
2098,0.13003372970819646,0.22855629586582524,0.6414099744259782
2099,0.13656882526644165,0.23534467815780993,0.6280864965757484
