year,Model Uncertainty,Scenario Uncertainty,Inter-Annual Variability
1980,0.11352427855743503,0.008161464038366976,0.878314257404198
1981,0.08847721505428274,0.005202878770589884,0.9063199061751274
1982,0.06727774610180647,0.0030144057693688156,0.9297078481288247
1983,0.049810207164563226,0.0015103287143998535,0.9486794641210369
1984,0.035827859292186695,0.0005888557439591114,0.9635832849638541
1985,0.024991965505189506,0.00014139914845494555,0.9748666353463555
1986,0.016910058450326323,6.041219476668203e-05,0.983029529354907
1987,0.011169289840036848,0.0002452865412982118,0.9885854236186649
1988,0.0073627164392950665,0.0006062435780516903,0.9920310399826532
1989,0.005108033531529053,0.0010664443416745538,0.9938255221267964
1990,0.00405939088118529,0.0015626897598239,0.9943779193589908
1991,0.003913519514573858,0.002045116470100645,0.9940413640153255
1992,0.004411578511648687,0.002476254550115373,0.993112166938236
1993,0.005338046477094107,0.002829740824597547,0.9918322126983083
1994,0.00651776375249981,0.0030889017096659703,0.9903933345378343
1995,0.007811974356913129,0.003245345970974933,0.9889426796721119
1996,0.009113968042873186,0.003297650547334613,0.9875883814097922
1997,0.010344720136183334,0.0032501800764647183,0.986405099787352
1998,0.01144876644116289,0.0031120513322831027,0.985439182226554
1999,0.01239043902481426,0.0028962371509694963,0.9847133238242163
2000,0.013150510261368204,0.002618793163408507,0.9842306965752233
2001,0.013723243499643527,0.0022981877622889318,0.9839785687380675
2002,0.014113822909981564,0.0019547144196622396,0.9839314626703561
2003,0.014336119350394865,0.0016099669711635693,0.9840539136784416
2004,0.014410747119874046,0.0012863619781344324,0.9843028909019915
2005,0.014363365019533945,0.0010066950549274664,0.9846299399255386
2006,0.014223184373809329,0.000793722360782082,0.9849830932654087
2007,0.014021649648384121,0.0006697616271142888,0.9853085887245016
2008,0.013791267557934793,0.0006563108291618416,0.9855524216129034
2009,0.013564566063294346,0.0007736852200178299,0.9856617487166879
2010,0.013373172214918348,0.0010406761105571868,0.9855861516745246
2011,0.013247002051242645,0.0014742365723028966,0.9852787613764544
2012,0.013213561095543967,0.002089200074326843,0.9846972388301293
2013,0.013297356075451012,0.002898039163308447,0.9838046047612405
2014,0.013519420369508183,0.003910670100023879,0.982569909530468
2015,0.013896954154307596,0.005134309770644309,0.9809687360750481
2016,0.014443082748427451,0.006573388436949119,0.9789835288146234
2017,0.015166730563654652,0.00822952095021279,0.9766037484861326
2018,0.016072608449713446,0.010101536408985364,0.9738258551413012
2019,0.01716130829161285,0.012185565003899845,0.9706531267044872
2020,0.0184294958118916,0.014475176418407452,0.967095327769701
2021,0.019870189342483552,0.016961565570396096,0.9631682450871203
2022,0.021473112879924743,0.019633776567166823,0.9588931105529084
2023,0.02322510395237061,0.02247895703841678,0.9542959390092126
2024,0.025110566116877384,0.02548263304267986,0.9494068008404428
2025,0.027111942355830015,0.028628995377129273,0.9442590622670407
2026,0.029210201575382955,0.03190118854545995,0.9388886098791571
2027,0.03138531796625157,0.035281593003177306,0.9333330890305712
2028,0.03361673362660204,0.03875209510528778,0.9276311712681101
2029,0.0358837933491031,0.042294338164393715,0.9218218684865032
2030,0.03816614442704388,0.045889948796418126,0.915943906776538
2031,0.04044409329899704,0.04952073861548676,0.9100351680855161
2032,0.042698918665959894,0.053168876619474,0.904132204714566
2033,0.044913136508133,0.05681703358898834,0.8982698299028787
2034,0.04707071924840439,0.060448498287396346,0.8924807824641993
2035,0.04915726894111273,0.06404726759007218,0.8867954634688151
2036,0.05116014912803387,0.0675981125221559,0.8812417383498102
2037,0.05306857542121569,0.07108662282510783,0.8758448017536764
2038,0.05487367105381782,0.07449923238690408,0.8706270965592782
2039,0.05656849124730689,0.07782323014301719,0.8656082786096759
2040,0.05814801938551456,0.08104675778572597,0.8608052228287595
2041,0.05960913682508219,0.08415879921505857,0.8562320639598592
2042,0.060950574081214355,0.08714916208172294,0.8519002638370626
2043,0.06217284233740814,0.09000845644553246,0.8478187012170594
2044,0.06327814961562739,0.09272807100806418,0.8439937793763084
2045,0.06427030288606532,0.09530015007432587,0.8404295470396088
2046,0.06515459827409034,0.09771757250526138,0.8371278292206483
2047,0.06593770005334071,0.09997393248271881,0.8340883674639405
2048,0.0666275088105355,0.10206352667719468,0.8313089645122698
2049,0.06723302095437061,0.10398134436666537,0.828785634678964
2050,0.06776417822829774,0.10572306411451297,0.8265127576571893
2051,0.06823170820948322,0.10728505421433669,0.8244832375761801
2052,0.06864695625426356,0.10866438044020833,0.822688663305528
2053,0.06902170909339565,0.1098588157924708,0.8211194751141335
2054,0.06936801051013165,0.11086685713306826,0.8197651323568002
2055,0.06969797080667535,0.11168774153710047,0.8186142876562242
2056,0.07002356894070506,0.1123214674941874,0.8176549635651076
2057,0.070356453423461,0.11276881479429308,0.816874731782246
2058,0.07070773896882679,0.11303136337949239,0.8162608976516808
2059,0.0710878058033724,0.11311151056653047,0.8158006836300972
2060,0.07150610300244356,0.11301248318728384,0.8154814138102726
2061,0.07197095994573542,0.11273834409754445,0.8152906959567201
2062,0.07248941122737537,0.11229399009388559,0.815216598678739
2063,0.07306704052735523,0.11168514286374417,0.8152478166089006
2064,0.07370784505148452,0.11091832599285728,0.8153738289556582
2065,0.07441413395346964,0.11000083309442486,0.8155850329521054
2066,0.0751864596768061,0.10894068128048862,0.8158728590427053
2067,0.07602359358802406,0.10774655179731422,0.8162298546146618
2068,0.07692255007643685,0.10642771729732903,0.8166497326262341
2069,0.07787866751970202,0.10499395460412186,0.8171273778761761
2070,0.07888575302273777,0.10345544557797319,0.8176588013992889
2071,0.07993629670170509,0.10182266384256372,0.8182410394557312
2072,0.08102176346560377,0.10010625326740155,0.8188719832669946
2073,0.08213297021477592,0.09831689330063462,0.8195501364845895
2074,0.08326055354777363,0.09646515965572776,0.8202742867964986
2075,0.0843955398662753,0.09456137698282442,0.8210430831509004
2076,0.0855300202297843,0.09261546901704976,0.821854510753166
2077,0.0866579458586722,0.09063680532032704,0.8227052488210008
2078,0.08777604698250718,0.08863405062113605,0.8235899023963569
2079,0.0888848891056531,0.08661501525177724,0.8245000956425697
2080,0.08999007498691747,0.08458650990053802,0.8254234151125445
2081,0.09110359870663058,0.08255420931097059,0.8263421919823988
2082,0.09224536035678153,0.08052252409028027,0.8272321155529383
2083,0.09344484056884704,0.0784944852534061,0.8280606741777469
2084,0.09474292614360372,0.07647164585115399,0.8287854280052422
2085,0.09619386896067394,0.0744540022302453,0.8293521288090808
2086,0.09786733406478283,0.07243994288753623,0.8296927230476809
2087,0.09985047132207356,0.070426232125962,0.8297232965519644
2088,0.1022499058745058,0.06840803748705022,0.829342056638444
2089,0.10519349202042207,0.06637901456044064,0.8284274934191372
2090,0.10883161884860683,0.06433146366988045,0.8268369174815127
2091,0.11333778754252512,0.06225657484177859,0.8244056376156963
2092,0.11890810556624662,0.06014477963099999,0.8209471148027534
2093,0.12575928374652962,0.057986224385691974,0.8162544918677783
2094,0.13412467426911667,0.0557713796398607,0.8101039460910227
2095,0.14424790711684105,0.053491784611063034,0.8022603082720959
2096,0.1563737570648145,0.051140916836396565,0.7924853260987889
2097,0.1707360782988172,0.04871514991727662,0.7805487717839061
2098,0.18754296824796016,0.04621474017146169,0.7662422915805781
2099,0.2069597834231014,0.043644748087059745,0.7493954684898387
