year,Model Uncertainty,Scenario Uncertainty,Inter-Annual Variability
1980,0.02464946863733561,0.0023052130927539564,0.9730453182699104
1981,0.018581638161119213,0.0014785691738511823,0.9799397926650296
1982,0.014116978165383733,0.0008835710447517213,0.9849994507898646
1983,0.01094122042920808,0.00047900105003382317,0.9885797785207581
1984,0.00877435747264889,0.00022701366747833696,0.9909986288598729
1985,0.00737405725430836,9.38344026538902e-05,0.9925321083430377
1986,0.006536166485588249,5.005300368616939e-05,0.9934137805107256
1987,0.00609321550412761,7.062367630534349e-05,0.9938361608195672
1988,0.005911671106569617,0.00013466962857644,0.993953659264854
1989,0.0058885097469999845,0.0002251687431392836,0.9938863215098608
1990,0.005947517519564204,0.0003285777817606683,0.9937239046986751
1991,0.006035588106696732,0.00043443489417063037,0.9935299769991327
1992,0.006119185473278236,0.0005349665126020763,0.9933458480141197
1993,0.006181061147392807,0.0006247142454717906,0.9931942246071354
1994,0.006217264857830511,0.0007001898813375046,0.9930825452608318
1995,0.006234455765860643,0.0007595615434823454,0.993005982690657
1996,0.006247500133594945,0.0008023709876932028,0.9929501288787118
1997,0.006277335229756323,0.000829280264339984,0.9928933845059038
1998,0.006349075051259953,0.000841844877070479,0.9928090800716696
1999,0.006490334433227977,0.0008423108505289716,0.992667354716243
2000,0.006729752926027788,0.0008334328614469644,0.9924368142125254
2001,0.0070957038004300635,0.0008183111497842626,0.9920859850497856
2002,0.007615176233509764,0.0008002456688587464,0.9915845780976316
2003,0.008312824719580293,0.0007826060316014663,0.9909045692488183
2004,0.009210180128565214,0.0007687166464137338,0.990021103225021
2005,0.01032501999168126,0.0007617564162251044,0.9889132235920937
2006,0.011670894309887736,0.0007646731150435615,0.9875644325750687
2007,0.013256803764007149,0.0007801120985915238,0.9859630841374013
2008,0.015087024591129282,0.0008103594573214128,0.9841026159515494
2009,0.017161073030119187,0.0008572995090305145,0.9819816274608503
2010,0.01947379845092417,0.0009223860699259073,0.97960381547915
2011,0.022015593624939298,0.0010066274077658135,0.976977778967295
2012,0.024772706194261432,0.0011105836232569125,0.9741167101824817
2013,0.02772763549314547,0.0012343757699243,0.9710379887369303
2014,0.030859596200970618,0.0013777053459476897,0.9677626984530817
2015,0.03414503130164021,0.001539882793007466,0.9643150859053523
2016,0.03755815453583941,0.0017198634502983486,0.9607219820138622
2017,0.04107150768433824,0.0019162894100623214,0.9570122029055994
2018,0.044656514456976985,0.002127535783802053,0.953215949759221
2019,0.04828401987481394,0.002351759738868946,0.9493642203863172
2020,0.0519248013110818,0.0025869512895800467,0.9454882473993381
2021,0.05555004487119225,0.002830984149438467,0.9416189709793693
2022,0.059131778802808795,0.003081666209835907,0.9377865549873553
2023,0.06264326112569124,0.00333678837144156,0.9340199505028671
2024,0.06605932003041141,0.0035941715568266093,0.930346508412762
2025,0.06935664456617152,0.0038517111882672437,0.9267916442455612
2026,0.07251403173914978,0.004107419160886291,0.923378549099964
2027,0.07551258795304525,0.004359462960819961,0.9201279490861348
2028,0.07833589080966101,0.004606202400846942,0.9170579067894921
2029,0.08097011633721315,0.004846223740889148,0.9141836599218977
2030,0.08340413197021823,0.005078371633478554,0.9115174963963032
2031,0.08562956328837941,0.005301779040945261,0.9090686576706754
2032,0.08764083602638914,0.005515895543537363,0.9068432684300736
2033,0.08943519633886166,0.005720513827851893,0.9048442898332865
2034,0.09101271296295814,0.005915795291686723,0.9030714917453551
2035,0.09237626193480795,0.006102293970036871,0.9015214440951551
2036,0.09353149558729137,0.0062809796034793385,0.9001875248092293
2037,0.09448679441416943,0.006453259096990553,0.8990599464888401
2038,0.09525320319219187,0.0066209967658869785,0.8981258000419212
2039,0.09584434781094091,0.006786532567527755,0.8973691196215313
2040,0.09627633175757543,0.006952698088572729,0.8967709701538519
2041,0.09656760838983211,0.007122829772814596,0.8963095618373533
2042,0.09673882749877294,0.007300778609185284,0.8959603938920417
2043,0.09681265040400469,0.007490915258076533,0.8956964343379189
2044,0.0968135330134368,0.007698130448134983,0.8954883365384282
2045,0.09676747055175797,0.00792782913378368,0.8953047003144583
2046,0.09670170365149934,0.008185917596788356,0.8951123787517123
2047,0.09664438489461617,0.008478783115862027,0.8948768319895217
2048,0.09662420260186,0.008813264860066047,0.8945625325380739
2049,0.09666996551137647,0.009196616155222999,0.8941334183334005
2050,0.09681015144859292,0.009636457099337598,0.8935533914520694
2051,0.09707242411589784,0.010140718302794761,0.8927868575813075
2052,0.0974831257829328,0.010717575572433089,0.8917992986446341
2053,0.09806675701496158,0.011375376615051051,0.8905578663699873
2054,0.09884545265067711,0.012122560784777551,0.8890319865645454
2055,0.09983847056565283,0.012967574117439136,0.887193955316908
2056,0.10106170718583653,0.01391878066239655,0.8850195121517669
2057,0.10252725477845746,0.014984373618018526,0.8824883716035241
2058,0.10424301880296398,0.01617228849868092,0.8795846926983552
2059,0.10621240972092046,0.017490121074822798,0.8762974692042567
2060,0.10843412213535374,0.018945052556778013,0.8726208253078682
2061,0.11090201639677363,0.020543785629642562,0.8685541979735838
2062,0.11360510800502113,0.022292492449326518,0.8641023995456524
2063,0.11652767227596288,0.024196777129986607,0.8592755505940505
2064,0.11964946532342614,0.026261652757964844,0.854088881918609
2065,0.12294606138697499,0.028491534911680178,0.8485624037013448
2066,0.12638929591961226,0.030890248667192224,0.8427204554131955
2067,0.12994781474079087,0.03346105021943457,0.8365911350397746
2068,0.13358770940740902,0.03620665821361295,0.830205632378978
2069,0.1372732354168894,0.03912929293917579,0.8235974716439347
2070,0.1409675960307365,0.042230719177001635,0.8168016847922618
2071,0.1446337844856134,0.04551228649473489,0.8098539290196517
2072,0.14823547381769575,0.04897496261556824,0.8027895635667359
2073,0.15173794924166584,0.0526193535065819,0.7956426972517523
2074,0.15510908027458906,0.056445702056447083,0.7884452176689639
2075,0.15832033271595614,0.06045385932419528,0.7812258079598486
2076,0.1613478280221047,0.06464321908996731,0.7740089528879279
2077,0.1641734538785922,0.06901260881141645,0.7668139373099914
2078,0.16678604309786624,0.07356012530976071,0.759653831592373
2079,0.16918262656918415,0.07828290888570444,0.7525344645451114
2080,0.17136977642277215,0.08317684324172513,0.7454533803355028
2081,0.17336504718913345,0.088236172758344,0.7383987800525226
2082,0.17519851451316185,0.09345302998719095,0.7313484554996472
2083,0.17691440108094092,0.09881686249612118,0.724268736422938
2084,0.17857276459195037,0.10431375926374578,0.7171134761443038
2085,0.18025118730596928,0.10992567794545671,0.7098231347485741
2086,0.18204638899129647,0.11562958042817457,0.7023240305805291
2087,0.18407562191446558,0.12139650575505392,0.6945278723304804
2088,0.18647767605713117,0.12719061388716235,0.6863317100557065
2089,0.1894132477463284,0.13296826528979844,0.6776184869638733
2090,0.19306437771043558,0.13867722440516114,0.6682583978844033
2091,0.19763261086820083,0.1442560998621822,0.6581112892696169
2092,0.20333550521451613,0.1496341692982398,0.6470303254872442
2093,0.21040113683524378,0.1547317526066907,0.6348671105580656
2094,0.2190603290797996,0.15946131067668717,0.6214783602435132
2095,0.2295365058504448,0.16372942226259835,0.6067340718869569
2096,0.2420333413849125,0.16743974945067636,0.5905269091644111
2097,0.25672073914544485,0.17049700080759836,0.5727822600469568
2098,0.2737200995647437,0.1728117712754991,0.5534681291597572
2099,0.2930902420733993,0.17430597321654862,0.5326037847100521
