year,Model Uncertainty,Scenario Uncertainty,Inter-Annual Variability
1980,0.12142747984702841,0.0015425725531977084,0.8770299475997738
1981,0.09918546376619965,0.0009881197979936976,0.8998264164358067
1982,0.07998899023064182,0.0005791754207113354,0.9194318343486467
1983,0.06369298744729943,0.00029645205141122716,0.9360105605012894
1984,0.05009170487470397,0.0001196738685149979,0.949788621256781
1985,0.03893920740649755,2.8702601951842678e-05,0.9610320899915505
1986,0.029968092475389306,4.421090453572452e-06,0.970027486434157
1987,0.022905301556102774,2.936112932119051e-05,0.977065337314576
1988,0.017484531795110933,8.80934101657826e-05,0.9824273747947232
1989,0.01345524582400103,0.00016741569356722697,0.9863773384824317
1990,0.0105886015840875,0.0002563832279376934,0.9891550151879749
1991,0.00868079924169081,0.00034622521343799636,0.9909729755448712
1992,0.007554395106876412,0.0004301860780227538,0.9920154188151009
1993,0.0070581121184599615,0.0005033232745015906,0.9924385646070385
1994,0.007065607519607108,0.0005622854129022388,0.9923721070674907
1995,0.007473574785273311,0.0006050876787644552,0.9919213375359622
1996,0.008199469945500247,0.0006308956097451034,0.9911696344447547
1997,0.00917907534347908,0.000639823638471859,0.990181101018049
1998,0.010364049230931354,0.0006327518127529044,0.9890031989563157
1999,0.011719558851574113,0.0006111616135679257,0.987669279534858
2000,0.013222057089055642,0.0005769905356321202,0.9862009523753122
2001,0.014857235877959783,0.0005325043025204893,0.9846102598195198
2002,0.0166181702847258,0.00048018518818361864,0.9829016445270905
2003,0.018503657069645088,0.0004226349077588641,0.9810737080225961
2004,0.0205167426434732,0.00036249062044718585,0.9791207667360796
2005,0.022663432915309863,0.00030235270934870253,0.9770342143753413
2006,0.024951574813269213,0.0002447234172800663,0.9748037017694507
2007,0.027389899444769942,0.0001919553557488738,0.9724181451994811
2008,0.02998721656024904,0.00014620934186200041,0.969866574097889
2009,0.032751750595351306,0.00010942100219703794,0.9671388284024517
2010,0.035690608546013726,8.327571517673743e-05,0.9642261157388096
2011,0.03880937115130408,6.919156525211718e-05,0.9611214372834439
2012,0.042111797047709,6.830984942100556e-05,0.9578198931028701
2013,0.045599631635668804,8.149280466358947e-05,0.9543188755596677
2014,0.049272509777223944,0.00010932805356576224,0.9506181621692104
2015,0.053127943090322295,0.00015213925904111427,0.9467199176506366
2016,0.057161380628465756,0.0002100023612872414,0.9426286170102469
2017,0.06136633260451897,0.00028276675982770824,0.9383509006356533
2018,0.06573454556128189,0.0003700807257831685,0.9338953737129351
2019,0.07025621901940157,0.0004714202401686281,0.9292723607404298
2020,0.07492025167349738,0.0005861205706562049,0.9244936277558464
2021,0.07971450850937058,0.00071340975193673,0.9195720817386926
2022,0.08462609752478559,0.0008524433121411695,0.9145214591630734
2023,0.08964164906062728,0.0010023394561109377,0.9093560114832618
2024,0.0947475895446268,0.0011622142385821718,0.9040901962167911
2025,0.09993040215637065,0.001331216029605009,0.8987383818140244
2026,0.105176870917594,0.0015085589470131484,0.8933145701353927
2027,0.11047430193707491,0.0016935546931355506,0.8878321433697897
2028,0.11581071988985425,0.0018856427195982385,0.8823036373905475
2029,0.12117503697976395,0.002084418270367701,0.8767405447498683
2030,0.126557192826426,0.0022896583173696115,0.8711531488562043
2031,0.13194826498681034,0.0025013450876150965,0.8655503899255745
2032,0.13734055032436646,0.002719687344239942,0.8599397623313936
2033,0.14272761702644057,0.002945139132940614,0.8543272438406189
2034,0.14810432896643783,0.0031784161775462922,0.8487172548560159
2035,0.15346684324517834,0.00342050979599664,0.843112646958825
2036,0.15881258295212647,0.0036726984064832735,0.8375147186413902
2037,0.1641401855527003,0.0039365565067404126,0.8319232579405593
2038,0.16944943011870503,0.004213961284350571,0.8263366085969445
2039,0.1747411440063582,0.004507096554929177,0.8207517594387126
2040,0.18001709147667302,0.004818454357060846,0.8151644541662663
2041,0.18527984588939192,0.0051508338122765686,0.8095693202983315
2042,0.19053264748527424,0.005507337456688284,0.8039600150580376
2043,0.19577924863798069,0.005891364785866908,0.7983293865761524
2044,0.2010237490431039,0.006306603271147586,0.7926696476857484
2045,0.20627042327081624,0.006757016783538234,0.7869725599456455
2046,0.2115235421327682,0.007246831091293317,0.7812296267759384
2047,0.21678719215444817,0.007780517320465131,0.7754322905250868
2048,0.22206509432978125,0.008362772830368459,0.7695721328398504
2049,0.2273604260628889,0.008998500083287897,0.7636410738538232
2050,0.23267564912663102,0.009692783721688417,0.7576315671516806
2051,0.23801234734880777,0.01045086654530219,0.7515367861058899
2052,0.2433710758333186,0.011278124205626261,0.7453507999610551
2053,0.2487512267969853,0.01218003998095148,0.7390687332220631
2054,0.25415091328930894,0.013162179570897093,0.732686907139794
2055,0.25956687533862677,0.014230166908616757,0.7262029577527566
2056,0.2649944095535679,0.015389661578404889,0.7196159288680273
2057,0.27042732480172144,0.01664633849235589,0.7129263367059226
2058,0.27585792641307977,0.01800587050971945,0.7061362030772007
2059,0.2812770291182919,0.019473914577912046,0.6992490563037961
2060,0.28667399869563626,0.021056101704984655,0.692269899599379
2061,0.29203682449604723,0.0227580313677848,0.6852051441361681
2062,0.2973522197143262,0.02458527054709355,0.6780625097385803
2063,0.302605750027404,0.02654335695622022,0.6708508930163758
2064,0.30778198799630874,0.028637806907229314,0.6635802050964619
2065,0.31286469278598356,0.0308741269128932,0.6562611803011232
2066,0.31783701116924074,0.033257828117082375,0.6489051607136769
2067,0.3226817004366527,0.03579444335690911,0.6415238562064384
2068,0.3273813686413088,0.03848954447174198,0.6341290868869492
2069,0.3319187330759635,0.04134875905613877,0.6267325078678977
2070,0.33627689417931794,0.04437778439722642,0.6193453214234557
2071,0.3404396257980171,0.04758239570748223,0.6119779784945006
2072,0.34439168069284126,0.050968447178334986,0.6046398721288238
2073,0.3481191135142473,0.05454186139266189,0.5973390250930909
2074,0.3516096224906592,0.05830860417549582,0.590081773333845
2075,0.3548529123948179,0.062274640739838905,0.5828724468653431
2076,0.35784108220840893,0.06644586821363238,0.5757130495779587
2077,0.3605690402968786,0.07082802007697175,0.5686029396261497
2078,0.36303495234131095,0.07542653592549896,0.5615385117331901
2079,0.36524072330264573,0.08024639150040898,0.5545128851969453
2080,0.36719251721384494,0.08529188170804824,0.5475156010781068
2081,0.368901315793881,0.09056635043063316,0.5405323337754858
2082,0.37038351174644907,0.09607186083258351,0.5335446274209675
2083,0.37166153374650573,0.10180879969544841,0.5265296665580458
2084,0.37276448924645117,0.10777541249033327,0.5194600982632156
2085,0.3737288081766471,0.11396726600122352,0.5123039258221294
2086,0.3745988610792955,0.12037664050422936,0.5050244984164751
2087,0.3754275120043094,0.12699185822727643,0.4975806297684142
2088,0.37627655920276076,0.13379656053172603,0.48992688026551323
2089,0.377216999237589,0.14076895684037924,0.48201404392203173
2090,0.3783290396081715,0.14788107925242994,0.47378988113939846
2091,0.3797017735933103,0.15509808565891336,0.4652001407477765
2092,0.38143242330962357,0.1623776737971381,0.4561899028932385
2093,0.38362505756309867,0.16966967558039253,0.44670526685650896
2094,0.3863887018031877,0.1769159166570316,0.4366953815397807
2095,0.389834781427164,0.18405042729657364,0.4261147912762624
2096,0.39407388175268787,0.19100009237569968,0.4149260258716125
2097,0.3992118662691647,0.1976858104207944,0.4031023233100409
2098,0.4053454703902011,0.2040242068011868,0.39063032280861204
2099,0.4125575709983941,0.20992990163125236,0.3775125273703535
