year,Model Uncertainty,Scenario Uncertainty,Inter-Annual Variability
1980,0.07894491111654772,0.005245949854549736,0.9158091390289025
1981,0.06270390201600522,0.003316428333824811,0.9339796696501699
1982,0.04906886268411355,0.0019252438633791012,0.9490058934525073
1983,0.03783002875326374,0.0009896273793475925,0.9611803438673886
1984,0.028743406977065566,0.00042658938100620863,0.9708300036419282
1985,0.021548935333733144,0.0001568767117745348,0.9782941879544924
1986,0.015985376098456218,0.00010778877256088096,0.9839068351289829
1987,0.011801615344905921,0.00021493892674347235,0.9879834457283507
1988,0.008764521164304293,0.00042312975739888266,0.990812349078297
1989,0.006663802768162201,0.0006865427540427798,0.9926496544777951
1990,0.005314444713113127,0.0009684388112469752,0.9937171164756399
1991,0.004557304855842028,0.001240540545881236,0.9942021545982768
1992,0.00425841137280845,0.0014822330380557193,0.9942593555891358
1993,0.004307404601083129,0.0016796842306117821,0.9940129111683051
1994,0.0046154733772075665,0.0018249551372787136,0.9935595714855137
1995,0.0051130432421567775,0.0019151436228515388,0.9929718131349917
1996,0.005747396182517868,0.0019515867432237275,0.9923010170742584
1997,0.006480340905746469,0.0019391330326497232,0.9915805260616039
1998,0.007286003908552502,0.0018854855131536933,0.9908285105782938
1999,0.00814878128875261,0.0018006131620353874,0.990050605549212
2000,0.009061466573277286,0.0016962234120812476,0.9892423100146415
2001,0.010023556598486378,0.0015852884837533453,0.9883911549177602
2002,0.011039729635985764,0.0014816184265388215,0.9874786519374754
2003,0.012118485631049426,0.0013994746193925153,0.9864820397495581
2004,0.013270937588396989,0.001353218568367815,0.9853758438432353
2005,0.01450974325135916,0.001356992889109909,0.9841332638595309
2006,0.015848168655511623,0.0014244323093212214,0.9827273990351673
2007,0.017299275019334186,0.0015684040444002242,0.9811323209362656
2008,0.018875224506992035,0.0018007777701700585,0.9793239977228378
2009,0.020586699306294115,0.0021322263490237948,0.977281074344682
2010,0.022442430516349712,0.002572058471210343,0.9749855110124399
2011,0.024448834056032685,0.003128084639207454,0.9724230813047597
2012,0.02660974762096332,0.003806517840268717,0.9695837345387679
2013,0.028926266992380788,0.004611909366505672,0.9664618236411135
2014,0.031396673340659285,0.005547119533544833,0.9630562071257959
2015,0.03401644637462854,0.006613323118338962,0.9593702305070325
2016,0.036778353725732855,0.007810046986709758,0.9554115992875575
2017,0.03967260874362588,0.009135237670106258,0.9511921535862679
2018,0.04268708484296607,0.01058535550771206,0.9467275596493219
2019,0.045807575627091604,0.01215549151787577,0.9420369328550326
2020,0.0490180906441215,0.013839502066508556,0.9371424072893699
2021,0.05230117380811113,0.01563015711607291,0.9320686690758159
2022,0.05563823421634268,0.017519297080749507,0.9268424687029079
2023,0.059009880198437524,0.01949799374873787,0.9214921260528247
2024,0.06239624678223864,0.02155671063836042,0.916047042579401
2025,0.06577730915199387,0.023685459757102033,0.9105372310909041
2026,0.06913317589257917,0.02587395039493858,0.9049928737124823
2027,0.07244435774973189,0.028111728078658617,0.8994439141716095
2028,0.07569200743772468,0.030388301356240387,0.893919691206035
2029,0.07885813043442141,0.032693255191169765,0.8884486143744088
2030,0.08192576428915052,0.03501634965336096,0.8830578860574885
2031,0.08487912799544296,0.037347604467918634,0.8777732675366383
2032,0.08770374102464587,0.039677368852257686,0.8726188901230966
2033,0.09038651638988926,0.041996378096219034,0.8676171055138917
2034,0.09291582820577474,0.044295796713226504,0.8627883750809988
2035,0.09528155530729553,0.04656725003953372,0.8581511946531707
2036,0.09747510779138811,0.04880284618908648,0.8537220460195254
2037,0.0994894341069964,0.05099518799010578,0.8495153779028979
2038,0.10131901587734601,0.053137377845830155,0.8455436062768239
2039,0.10295984919145175,0.05522301642438766,0.8418171343841607
2040,0.10440941816832293,0.057246196529067525,0.8383443853026095
2041,0.10566665932980816,0.05920149310616512,0.8351318475640267
2042,0.10673192114619037,0.06108395153368218,0.8321841273201274
2043,0.1076069180784756,0.06288907346822949,0.829504008453295
2044,0.10829468236207515,0.06461280355214098,0.8270925140857839
2045,0.10879951116686465,0.06625151555473555,0.8249489732783999
2046,0.10912691332242996,0.06780200031212615,0.8230710863654439
2047,0.10928355173819548,0.0692614546482439,0.8214549936135606
2048,0.10927718535671109,0.07062747318835151,0.8200953414549373
2049,0.10911660768363694,0.07189804212675661,0.8189853501896064
2050,0.10881158331838588,0.0730715363492938,0.8181168803323203
2051,0.1083727804873249,0.07414671854669985,0.8174805009659752
2052,0.10781170120401694,0.07512274268083115,0.817065556115152
2053,0.1071406069919596,0.07599915906457505,0.8168602339434654
2054,0.10637244088052207,0.07677592388474877,0.8168516352347293
2055,0.10552074516803024,0.07745341018754842,0.8170258446444213
2056,0.10459957491430873,0.0780324222970572,0.8173680027886341
2057,0.10362340814674519,0.07851421266626107,0.8178623791869938
2058,0.10260705280715747,0.07890050043293181,0.8184924467599108
2059,0.10156555165259136,0.07919349192764118,0.8192409564197675
2060,0.10051408680418658,0.07939590293317912,0.8200900102626344
2061,0.09946788503383631,0.07951098171816079,0.8210211332480029
2062,0.09844212745428628,0.0795425329991149,0.8220153395465989
2063,0.0974518657494605,0.07949494324323743,0.8230531910073021
2064,0.0965119466754185,0.07937320455016637,0.8241148487744151
2065,0.09563695183938747,0.07918294054679242,0.8251801076138201
2066,0.09484115408698549,0.07893043106063159,0.8262284148523829
2067,0.09413849569518853,0.07862263739787102,0.8272388669069404
2068,0.09354259387576433,0.07826722702351777,0.8281901791007179
2069,0.093066777029345,0.07787259871448524,0.8290606242561698
2070,0.09272415765360764,0.07744790766028942,0.8298279346861029
2071,0.09252774599951817,0.07700309103154339,0.8304691629689385
2072,0.09249060859298537,0.07654889364946742,0.8309604977575472
2073,0.09262607547370973,0.07609689396101284,0.8312770305652775
2074,0.09294799929428599,0.07565953045579925,0.8313924702499147
2075,0.09347106693099694,0.07525012739727016,0.8312788056717328
2076,0.09421116464673515,0.07488291892896652,0.8309059164242983
2077,0.09518579466936135,0.07457307051582657,0.8302411348148121
2078,0.09641453863166949,0.07433669492023903,0.8292487664480915
2079,0.09791956021581275,0.07419085965823709,0.8278895801259503
2080,0.09972613654572865,0.07415358033038061,0.8261202831238909
2081,0.10186320138476528,0.07424379630259217,0.8238930023126424
2082,0.1043638789471125,0.07448131856782092,0.8211548024850666
2083,0.10726597972696988,0.07488674263111632,0.8178472776419138
2084,0.11061242387974282,0.07548131497011204,0.8139062611501451
2085,0.11445154631539889,0.07628674052142471,0.8092617131631764
2086,0.1188372331958607,0.07732491921098118,0.8038378475931581
2087,0.1238288274326902,0.07861759669998766,0.797553575867322
2088,0.12949073931974267,0.08018591794894206,0.7903233427313152
2089,0.13589168806732257,0.08204987245548916,0.7820584394771882
2090,0.1431035113136203,0.08422762703221989,0.7726688616541598
2091,0.15119947799988456,0.08673474750096138,0.762065774499154
2092,0.16025206962434138,0.08958332303708157,0.750164607338577
2093,0.1703302189024548,0.09278101708857217,0.736888764008973
2094,0.18149604359837387,0.09633008818458949,0.7221738682170366
2095,0.19380116638748823,0.10022643790308447,0.7059723957094273
2096,0.20728278444991893,0.10445876046343552,0.6882584550866456
2097,0.2219597141386388,0.10900787970546554,0.6690324061558957
2098,0.2378287039182067,0.11384636464221143,0.6483249314395819
2099,0.25486135064528426,0.11893850860097888,0.6262001407537368
