year,Model Uncertainty,Scenario Uncertainty,Inter-Annual Variability
1980,0.056717354158884785,0.0037579683402527084,0.9395246775008624
1981,0.04218995603714273,0.0026044753860923874,0.9552055685767649
1982,0.030571537247783612,0.0017090720130256566,0.9677193907391908
1983,0.021554171845662037,0.0010421650849797733,0.9774036630693582
1984,0.014804436296357464,0.0005724480911395584,0.9846231156125029
1985,0.009983534831371483,0.00026864285896392937,0.9897478223096646
1986,0.006762973145546783,0.0001008225634848732,0.9931362042909684
1987,0.0048357481477120205,4.1324958000449585e-05,0.9951229268942876
1988,0.003923493657953619,6.530442914704968e-05,0.9960112019128993
1989,0.0037802785844866776,0.0001509909737723169,0.996068730441741
1990,0.004193824687022498,0.00027972841182546894,0.995526446901152
1991,0.004984873900117517,0.0004358583748341196,0.9945792677250483
1992,0.006005330812988893,0.0006065060265298097,0.9933881631604813
1993,0.007135677928219106,0.0007813114892331987,0.9920830105825477
1994,0.00828203672543583,0.000952138682493749,0.9907658245920704
1995,0.009373136722779892,0.0011127841321485535,0.9895140791450715
1996,0.01035736299220844,0.0012586993579853179,0.9883839376498061
1997,0.011199987386292522,0.0013867352440778626,0.9874132773696296
1998,0.011880634126971637,0.0014949119998840968,0.9866244538731442
1999,0.012391000138525362,0.0015822155958944836,0.9860267842655802
2000,0.012732826125055725,0.0016484198728651054,0.9856187540020791
2001,0.012916101054177393,0.0016939321898166442,0.985389966756006
2002,0.012957477525723415,0.001719660379261538,0.985322862095015
2003,0.012878871721319799,0.0017268981591752211,0.9853942301195051
2004,0.012706222574315865,0.0017172267159253725,0.9855765507097587
2005,0.012468387775865892,0.00169243011807646,0.9858391821060576
2006,0.01219615619149426,0.001654422548048983,0.9861494212604568
2007,0.011921361419005181,0.0016051857386964771,0.9864734528422984
2008,0.011676084606937696,0.0015467153052081918,0.9867772000878542
2009,0.01149193645349982,0.0014809747992327407,0.9870270887472674
2010,0.011399414538880772,0.0014098568067922028,0.987190728654327
2011,0.01142733228049495,0.0013351502728953264,0.9872375174466098
2012,0.011602317700151653,0.0012585139143261189,0.9871391683855223
2013,0.01194838395546354,0.0011814548997799521,0.9868701611447566
2014,0.012486571292371447,0.001105313071460287,0.9864081156361681
2015,0.013234662422758493,0.0010312499615664312,0.985734087615675
2016,0.014206971851202822,0.0009602427279545083,0.9848327854208427
2017,0.015414209524490663,0.0008930825941015283,0.9836927078814077
2018,0.016863417751739312,0.0008303774004386953,0.9823062048478219
2019,0.01855797857937555,0.0007725582505484174,0.980669463170076
2020,0.020497689012526927,0.0007198893421609239,0.9787824216453122
2021,0.022678897699461867,0.0006724810754473176,0.9766486212250909
2022,0.025094697550436716,0.0006303055792844999,0.9742749968702787
2023,0.027735166332815045,0.0005932141558922728,0.9716716195112927
2024,0.030587647195911626,0.00056095638496686,0.9688513964191215
2025,0.03363706009929257,0.0005331999490548237,0.9658297399516527
2026,0.03686623552317162,0.0005095509071900509,0.9626242135696383
2027,0.04025626073811063,0.000489573925250943,0.9592541653366383
2028,0.04378683168260799,0.00047281182673648397,0.9557403564906555
2029,0.047436600855167065,0.00045880424974810625,0.9521045948950848
2030,0.051183515937418954,0.0004471049859499514,0.9483693790766311
2031,0.05500514194940096,0.00043729766994322986,0.9445575603806559
2032,0.05887896413746593,0.00042900975027737907,0.9406920261122567
2033,0.06278266468471852,0.0004219244019936512,0.9367954109132878
2034,0.06669437444667652,0.00041579041867656095,0.932889835134647
2035,0.07059289471810165,0.00041043003129189923,0.9289966752506065
2036,0.0744578914303178,0.00040574453903717686,0.925136364030645
2037,0.07827005898358956,0.0004017178765996654,0.9213282231398107
2038,0.08201125795869822,0.00039841821082538725,0.9175903238304763
2039,0.08566462388724928,0.00039599754010062686,0.9139393785726502
2040,0.0892146531215751,0.0003946894754016585,0.9103906574030233
2041,0.09264726475141018,0.0003948053186039061,0.9069579299299858
2042,0.09594984229516265,0.00039672848009940836,0.9036534292247379
2043,0.09911125625411532,0.00040090744345597077,0.9004878363024287
2044,0.10212187165679518,0.00040784728746933124,0.8974702810557355
2045,0.104973540089304,0.0004181000466868218,0.8946083598640092
2046,0.10765958039343226,0.0004322538546865586,0.8919081657518811
2047,0.1101747489311504,0.00045092107289100173,0.8893743299959586
2048,0.11251520150753506,0.000474725569118464,0.8870100729233464
2049,0.1146784463247894,0.0005042891997818394,0.8848172644754289
2050,0.11666329311959113,0.0005402177029805365,0.8827964891774283
2051,0.11846979584424457,0.0005830860775070418,0.8809471180782483
2052,0.12009919069996323,0.0006334237466356894,0.879267385553401
2053,0.12155383324723179,0.0006916996038336952,0.8777544671489345
2054,0.1228371284355641,0.0007583071436484716,0.8764045644207875
2055,0.1239534631833832,0.0008335500981089974,0.8752129867185078
2056,0.12490813331190537,0.0009176285851498142,0.8741742381029448
2057,0.12570727134955287,0.0010106263749737855,0.8732821022754733
2058,0.12635777330218934,0.0011124994140612667,0.8725297272837493
2059,0.12686722470766307,0.0012230660935640839,0.871909709198773
2060,0.1272438285074477,0.0013419997352282572,0.871414171757324
2061,0.12749633340584124,0.0014688235871509261,0.8710348430070078
2062,0.1276339657501277,0.001602909010579255,0.870763125239293
2063,0.12766636600115785,0.0017434772907505174,0.8705901567080917
2064,0.12760352889958157,0.001889605658428236,0.8705068654419902
2065,0.12745575285647734,0.0020402380638495925,0.8705040090796731
2066,0.12723359754213492,0.0021942015689568714,0.8705722008889082
2067,0.12694785403254388,0.0023502283992296504,0.8707019175682265
2068,0.12660952851693216,0.0025069850393084833,0.8708834864437593
2069,0.12622984366665407,0.0026631085637765953,0.8711070477695693
2070,0.12582025866896066,0.0028172508909632896,0.8713624904400762
2071,0.12539251440721416,0.0029681319250307197,0.8716393536677551
2072,0.12495870482752083,0.003114602059566042,0.8719266931129132
2073,0.12453137664544861,0.0032557145154958425,0.8722129088390556
2074,0.12412366553843861,0.003390808990188197,0.8724855254713731
2075,0.12374946654309063,0.0035196059756998693,0.8727309274812096
2076,0.12342364639332123,0.0036423135995496962,0.872934040007129
2077,0.12316229813146258,0.0037597468609584486,0.873077955007579
2078,0.12298304154865647,0.0038734593414210938,0.8731434991099224
2079,0.12290536809182888,0.003985888290914228,0.8731087436172569
2080,0.12295103474941615,0.004100512123953665,0.8729484531266302
2081,0.1231445005593642,0.00422202011441653,0.8726334793262193
2082,0.1235134045013818,0.004356492639615072,0.8721301028590032
2083,0.1240890765981858,0.004511589793830856,0.8713993336079833
2084,0.12490707026600621,0.004696744508957051,0.8703961852250367
2085,0.12600770046745158,0.004923355641236656,0.8690689438913118
2086,0.1274365633932177,0.005204973020932661,0.8673584635858496
2087,0.12924500900747382,0.005557464824913602,0.8651975261676127
2088,0.13149052323858193,0.0059991554909844995,0.8625103212704336
2089,0.13423697377786425,0.0065509160835155195,0.8592121101386202
2090,0.13755465708290845,0.007236189157800298,0.8552091537592912
2091,0.14152007502521685,0.00808092349099745,0.8503990014837857
2092,0.14621536200137442,0.009113392284837001,0.8446712457137885
2093,0.15172728032551444,0.010363866232254893,0.8379088534422307
2094,0.1581456973267029,0.011864112839490995,0.8299901898338061
2095,0.1655614738103247,0.0136466960053163,0.8207918301843591
2096,0.1740637162101615,0.015744058104197378,0.8101922256856411
2097,0.18373638131836786,0.01818737850468137,0.7980762401769509
2098,0.19465428280910083,0.021005221754893767,0.7843404954360055
2099,0.20687861937689844,0.02422201196646376,0.7688993686566378
