year,Model Uncertainty,Scenario Uncertainty,Inter-Annual Variability
1980,0.17793713318513163,0.011030981939888067,0.8110318848749803
1981,0.1454416062831536,0.00673378093132472,0.8478246127855216
1982,0.1166312473276077,0.0036355992569373223,0.879733153415455
1983,0.09170533990550428,0.0016037089931188692,0.9066909511013769
1984,0.070660010412235,0.0004711963008800706,0.9288687932868849
1985,0.05332408505994473,5.51472266640226e-05,0.9466207677133913
1986,0.039404451187773006,0.0001727164519762339,0.9604228323602507
1987,0.028532443479810023,0.0006534938364963748,0.9708140626836936
1988,0.020305156937607302,0.0013476786050256263,0.978347164457367
1989,0.014318368184826466,0.0021303887454852096,0.9835512430696883
1990,0.010190144830534958,0.002902885449365148,0.9869069697200998
1991,0.007575833885640812,0.003591627886340592,0.9888325382280185
1992,0.006175964317603617,0.004146000212693183,0.9896780354697032
1993,0.005738844074046604,0.0045353774981098825,0.9897257784278436
1994,0.006059511698428436,0.004745998414389068,0.9891944898871824
1995,0.006976406331234289,0.004777937145651946,0.9882456565231138
1996,0.008366778764931772,0.0046423277121953365,0.9869908935228728
1997,0.010141553412143936,0.0043589029593127234,0.9854995436285434
1998,0.012240102972502824,0.003953847817045541,0.9838060492104516
1999,0.014625205893650356,0.003457938559032484,0.9819168555473172
2000,0.017278334249306533,0.0029049240611279787,0.9798167416895655
2001,0.020195338619246047,0.002330106918921628,0.9774745544618323
2002,0.023382546812988375,0.0017690876615850924,0.9748483655254265
2003,0.026853277731259388,0.0012566454424811418,0.9718900768262595
2004,0.030624759080699268,0.0008257397618625683,0.9685495011574381
2005,0.034715439805302103,0.000506627285269054,0.9647779329094289
2006,0.039142692945860355,0.000326097039522608,0.960531210014617
2007,0.04392090814256383,0.00030683191142442213,0.9557722599460118
2008,0.04905997315741315,0.00046690798245724037,0.9504731188601296
2009,0.05456414270805352,0.0008194423116197386,0.9446164149803268
2010,0.060431289365257164,0.0013723976644435892,0.9381963129702993
2011,0.06665252178736837,0.002128546995152435,0.9312189312174792
2012,0.07321214464913108,0.003085594456244305,0.9237022608946246
2013,0.08008792594810385,0.00423644306732517,0.9156756309845709
2014,0.08725162853077242,0.005569591080464756,0.9071787803887629
2015,0.09466975154596985,0.007069635646168082,0.8982606128078621
2016,0.10230442715419315,0.008717855730570863,0.888977717115236
2017,0.11011441430271712,0.010492846899291511,0.8793927387979914
2018,0.11805613158454303,0.01237117691520676,0.8695726915002503
2019,0.12608468188231278,0.014328038359873797,0.8595872797578133
2020,0.1341548228855817,0.016337870374670212,0.8495073067397481
2021,0.14222185153026612,0.01837493440156097,0.839403214068173
2022,0.1502423747058063,0.020413827177437463,0.8293437981167562
2023,0.15817495800354914,0.022429922150592495,0.8193951198458584
2024,0.1659806380650641,0.02439973726557245,0.8096196246693634
2025,0.1736233078016171,0.026301226530311285,0.8000754656680715
2026,0.1810699781882714,0.02811400045522358,0.790816021356505
2027,0.18829092920497917,0.02981948284864221,0.7818895879463788
2028,0.19525976356730324,0.031401010214699154,0.7733392262179977
2029,0.20195338458472747,0.03284388341462523,0.7652027320006474
2030,0.20835190723874705,0.03413538214726785,0.7575127106139852
2031,0.21443852453182785,0.03526475097481889,0.7502967244933533
2032,0.22019934121177479,0.036223165523225666,0.7435774932649996
2033,0.2256231877443228,0.03700368716244546,0.7373731250932316
2034,0.23070142666692578,0.03760121400058109,0.7316973593324931
2035,0.23542776202892343,0.0380124318310981,0.7265598061399785
2036,0.23979805706122304,0.03823577295266313,0.7219661699861138
2037,0.24381016803807923,0.03827138525878142,0.7179184467031394
2038,0.24746379913527022,0.0381211129799081,0.7144150878848216
2039,0.25076037767783693,0.03778849466927178,0.7114511276528914
2040,0.2537029600529498,0.03727877518231941,0.7090182647647307
2041,0.25629615683363544,0.036598935818300815,0.7071049073480637
2042,0.2585460919568883,0.035757737982958615,0.7056961700601532
2043,0.2604603802300995,0.034765782244900824,0.7047738375249996
2044,0.2620481328248656,0.03363557733285775,0.7043162898422766
2045,0.26331998299500675,0.03238161716851669,0.7042983998364765
2046,0.26428812759651604,0.031020460823357927,0.7046914115801259
2047,0.264966383711835,0.029570809679843754,0.7054628066083213
2048,0.2653702523006223,0.02805357447782201,0.7065761732215557
2049,0.2655169827903736,0.026491925572593566,0.7079910916370329
2050,0.2654256333021565,0.02491131555906704,0.7096630511387765
2051,0.26511711423808276,0.023339465183688513,0.7115434205782288
2052,0.26461421017855813,0.02180630310237086,0.7135794867190711
2053,0.26394156663365287,0.020343845830728617,0.7157145875356186
2054,0.2631256342306571,0.018986010513718673,0.7178883552556241
2055,0.262194556100608,0.01776834850789918,0.7200370953914929
2056,0.26117799413693943,0.016727694113689653,0.7220943117493709
2057,0.260106882345726,0.01590172250532652,0.7239913951489475
2058,0.2590131025793701,0.01532841743672293,0.725658479983907
2059,0.25792908084478283,0.015045451659335475,0.7270254674958816
2060,0.2568873048044376,0.01508949247608993,0.7280232027194723
2061,0.25591977467738014,0.01549544626207934,0.7285847790605405
2062,0.2550573895233643,0.016295668438112657,0.7286469420385231
2063,0.2543292998607283,0.017519164838306865,0.7281515353009649
2064,0.25376224061747327,0.019190821459782754,0.727046937922744
2065,0.2533798756935237,0.021330698790387435,0.7252894255160889
2066,0.2532021865909453,0.02395342840360696,0.7228443850054477
2067,0.2532449337543273,0.02706774963124345,0.7196873166144293
2068,0.25351922301859064,0.030676215451456098,0.7158045615299533
2069,0.25403120523947564,0.0347750926555943,0.71119370210493
2070,0.25478192483565737,0.039354467355446,0.7058636078088967
2071,0.2557673377258017,0.04439855920515588,0.6998341030690424
2072,0.2569784951749028,0.04988623152003618,0.693135273305061
2073,0.2584018958505964,0.05579167677203053,0.6858064273773731
2074,0.2600199853763424,0.062085243021963415,0.6778947716016942
2075,0.26181179146995726,0.0687343642320837,0.6694538442979591
2076,0.2637536607240989,0.07570454961367627,0.6605417896622248
2077,0.26582007432618115,0.08296038801618444,0.6512195376576345
2078,0.26798451285547226,0.0904665252575787,0.641548961886949
2079,0.2702203435877484,0.09818857662696576,0.6315910797852858
2080,0.2725017074798688,0.10609394451403946,0.6214043480060917
2081,0.2748043910445423,0.11415251516461385,0.6110430937908439
2082,0.2771066669617323,0.12233722172463331,0.6005561113136344
2083,0.27939010146121124,0.1306244600460481,0.5899854384927405
2084,0.2816403229990123,0.1389943554230167,0.579365321577971
2085,0.28384775768998133,0.14743087931102455,0.5687213629989942
2086,0.2860083303661182,0.1559218197214638,0.558069849912418
2087,0.28812413516951996,0.1644586040644842,0.5474172607659958
2088,0.29020407427116746,0.1730359842455095,0.5367599414833231
2089,0.2922644554972319,0.18165157732942935,0.5260839671733387
2090,0.29432953090153224,0.1903052693269947,0.515365199771473
2091,0.29643194561808983,0.19899847637851018,0.5045695780034
2092,0.2986130506297411,0.2077332659330849,0.493653683437174
2093,0.3009230144868465,0.21651134272606243,0.482565642787091
2094,0.30342065137279584,0.2253329064777776,0.4712464421494266
2095,0.30617286735330057,0.23419540794832563,0.45963172469837377
2096,0.30925361320735634,0.24309223928939064,0.44765414750325294
2097,0.312742238560469,0.2520114203662006,0.4352463410733304
2098,0.31672115146629326,0.260934368492734,0.4223444800409726
2099,0.3212727374253949,0.26983486185727645,0.4088924007173287
