year,Model Uncertainty,Scenario Uncertainty,Inter-Annual Variability
1980,0.03200393140932758,0.010105075744691003,0.9578909928459814
1981,0.026716035858777503,0.006482077743557131,0.9668018863976654
1982,0.022218751334763653,0.003850612353504092,0.9739306363117323
1983,0.01841954861110949,0.002042537895476769,0.9795379134934137
1984,0.015230630397995763,0.0009018689565463741,0.9838675006454579
1985,0.012571175346712232,0.0002875937905594231,0.9871412308627284
1986,0.010368677652532932,7.510660362158794e-05,0.9895562157438454
1987,0.00855955946355727,0.00015657480342165243,0.9912838657330211
1988,0.0070892306187753246,0.00044053654753315786,0.9924702328336915
1989,0.005911752024471604,0.0008509806022415941,0.9932372673732868
1990,0.004989232650592106,0.0013261097890009139,0.9936846575604069
1991,0.004291063467986844,0.0018169405901949202,0.9938919959418183
1992,0.0037930665691941054,0.002285848399074005,0.9939210850317319
1993,0.0034766156525462047,0.0027051328078461162,0.9938182515396077
1994,0.0033277677803904434,0.003055649581051663,0.9936165826385579
1995,0.0033364319777518456,0.0033255363032738167,0.9933380317189743
1996,0.0034955916524192104,0.0035090439503950065,0.9929953643971858
1997,0.003800589633730101,0.003605477544115496,0.9925939328221544
1998,0.004248481289148841,0.003618243118461882,0.9921332755923892
1999,0.004837457371542504,0.003553994786323129,0.9916085478421344
2000,0.005566336530929976,0.0034218747674909155,0.991011788701579
2001,0.006434126258653377,0.003232838200905932,0.9903330355404406
2002,0.00743965074594205,0.0029990560437422784,0.9895612932103156
2003,0.008581243202463123,0.002733389367375428,0.9886853674301614
2004,0.00985650005776687,0.002448929790662118,0.9876945701515709
2005,0.011262094424543472,0.0021586017112475197,0.9865793038642091
2006,0.012793645320112287,0.0018748223075502766,0.9853315323723375
2007,0.014445639500795974,0.0016092166110130916,0.9839451438881909
2008,0.016211401403467662,0.001372384855854858,0.9824162137406774
2009,0.01808310697351793,0.0011737192828299766,0.9807431737436522
2010,0.020051836784963927,0.0010212682651145363,0.9789268949499216
2011,0.022107663270798095,0.0009216444939321951,0.9769706922352698
2012,0.02423976530212465,0.0008799747496291339,0.9748802599482461
2013,0.026436567355614955,0.000899887433495136,0.9726635452108899
2014,0.02868589450249024,0.0009835344985411878,0.9703305709989686
2015,0.030975140235143226,0.0011316438543691682,0.9678932159104877
2016,0.03329144041504786,0.0013435977756567183,0.9653649618092954
2017,0.03562184951780136,0.001617533497971337,0.9627606169842273
2018,0.03795351465681066,0.0019504613038891466,0.9600960240393002
2019,0.040273843151089034,0.0023383961110778877,0.957387760737833
2020,0.04257066151730134,0.0027764983573126093,0.9546528401253861
2021,0.044832362839913285,0.003259220583766797,0.9519084165763199
2022,0.04704804087350778,0.003780456213136357,0.9491715029133558
2023,0.04920760937748194,0.004333687273694164,0.9464587033488239
2024,0.0513019070064278,0.004912129122683303,0.9437859638708889
2025,0.0533227861597336,0.0055088690680251936,0.9411683447722412
2026,0.055263186797849216,0.006116997741629108,0.9386198154605216
2027,0.0571171961115602,0.006729732304837217,0.9361530715836025
2028,0.05888009382243205,0.007340529077870506,0.9337793770996974
2029,0.06054838407768169,0.007943186579463943,0.9315084293428544
2030,0.062119815750598266,0.00853193753098842,0.9293482467184133
2031,0.06359339081903091,0.009101529963012948,0.9273050792179561
2032,0.06496936258040087,0.009647297636397666,0.9253833397832014
2033,0.0662492233440914,0.010165219352753658,0.9235855573031551
2034,0.0674356836340047,0.010651967671150325,0.9219123486948451
2035,0.06853264139835608,0.011104947190067634,0.9203624114115763
2036,0.06954514290286154,0.01152232232610785,0.9189325347710305
2037,0.07047933513008967,0.011903034664445943,0.9176176302054644
2038,0.07134240807037755,0.012246810239983029,0.9164107816896394
2039,0.07214252878154491,0.012554156287275785,0.9153033149311793
2040,0.07288876513600123,0.012826347251029914,0.9142848876129689
2041,0.07359099983677302,0.013065401159985085,0.9133435990032419
2042,0.07425983318558252,0.013274043623798611,0.9124661231906188
2043,0.0749064755252104,0.013455662228130189,0.9116378622466594
2044,0.07554262834798775,0.013614248760176115,0.9108431228918361
2045,0.07618035382740647,0.013754330401400299,0.9100653157711932
2046,0.07683193335097677,0.013880889944464713,0.9092871767045585
2047,0.07750971600072157,0.013999274095945416,0.9084910099033331
2048,0.07822595681671282,0.014115091793269604,0.9076589513900176
2049,0.07899264800632566,0.014234102296556144,0.9067732496971181
2050,0.07982134242186882,0.014362094123208229,0.905816563454923
2051,0.08072297488794686,0.014504756241665641,0.9047722688703875
2052,0.08170768123583258,0.01466754351826532,0.9036247752459021
2053,0.0827846199360502,0.014855537822245989,0.9023598422417038
2054,0.08396180088693031,0.015073307713791626,0.900964891399278
2055,0.08524592225553705,0.015324768861517271,0.8994293088829457
2056,0.08664222268534968,0.015613048491925106,0.8977447288227253
2057,0.0881543510689791,0.01594035655372914,0.8959052923772917
2058,0.08978425916332734,0.016307866579885512,0.8939078742567872
2059,0.0915321185975009,0.016715609724087217,0.8917522716784119
2060,0.09339626874519145,0.01716238409141628,0.8894413471633923
2061,0.09537319444771505,0.017645682567311968,0.8869811229849729
2062,0.09745753847722442,0.018161640803778214,0.8843808207189973
2063,0.09964214846108838,0.0187050075935972,0.8816528439453144
2064,0.1019181583879691,0.01926913835835201,0.8788127032536789
2065,0.10427510547259805,0.019846013527669775,0.8758788809997321
2066,0.10670107999944545,0.02042628080280202,0.8728726391977525
2067,0.10918290782061987,0.020999322563009806,0.8698177696163703
2068,0.11170636215906306,0.021553347654365243,0.8667402901865717
2069,0.11425640389987433,0.022075506903324913,0.8636680891968007
2070,0.11681744741883299,0.02255203291293752,0.8606305196682295
2071,0.11937365073628746,0.022968403143114404,0.8576579461205981
2072,0.12190922894271641,0.023309528091555808,0.8547812429657278
2073,0.12440879126429015,0.023559964653338105,0.8520312440823717
2074,0.12685770206848682,0.023704159046268203,0.849438138885245
2075,0.1292424694334276,0.023726721093991494,0.8470308094725809
2076,0.13155116455186605,0.023612737429764826,0.8448360980183692
2077,0.13377387813661878,0.023348130304840495,0.8428779915585407
2078,0.13590322191556828,0.022920071710894174,0.8411767063735375
2079,0.13793488257210781,0.02231746583593171,0.8397476515919604
2080,0.13986824030992873,0.021531513323096593,0.8386002463669747
2081,0.14170706243755607,0.020556375263248737,0.8377365622991952
2082,0.14346028197237662,0.01938995500597634,0.837149763021647
2083,0.1451428709588306,0.018034818654851396,0.836822310386318
2084,0.1467768149035832,0.01649927225932758,0.8367239128370891
2085,0.14839218420895237,0.014798614083328799,0.8368092017077188
2086,0.1500282923601837,0.012956570975654577,0.8370151366641617
2087,0.15173491000411748,0.011006916808815072,0.8372581731870674
2088,0.15357348221685851,0.008995252623368451,0.8374312651597731
2089,0.15561826364375694,0.00698089624271425,0.8374008401135289
2090,0.15795724161118876,0.005038789011974043,0.8370039693768372
2091,0.16069267097886003,0.0032612702544298627,0.8360460587667101
2092,0.16394098110574426,0.001759499378142166,0.8342995195161135
2093,0.16783176370036076,0.0006642242084332249,0.831504012091206
2094,0.1725055016266741,0.00012551081165924728,0.8273689875616667
2095,0.17810968924063322,0.0003109815415605879,0.8215793292178062
2096,0.18479304008840172,0.0014020824085984732,0.8138048775029998
2097,0.19269760896616686,0.0035879523775651265,0.803714438656268
2098,0.20194890229059126,0.007056635082136939,0.7909944626272719
2099,0.2126444092834735,0.011983688878803944,0.7753719018377225
