year,Model Uncertainty,Scenario Uncertainty,Inter-Annual Variability
1980,0.0689804900882153,0.0021122614229233433,0.9289072484888613
1981,0.0527468464721001,0.0015259548101360597,0.9457271987177638
1982,0.039716457792019544,0.0010519685334203954,0.95923157367456
1983,0.029517832908739102,0.0006814356863559813,0.969800731404905
1984,0.021756226280590058,0.0004039173230750846,0.9778398563963349
1985,0.016038079667580862,0.0002082380842513153,0.9837536822481678
1986,0.011989226525563985,8.315619393581111e-05,0.9879276172805003
1987,0.009267123492441888,1.785838764678465e-05,0.9907150181199113
1988,0.007567944574584074,2.29299285816941e-06,0.9924297624325578
1989,0.006629617358348586,2.7366547978460986e-05,0.993343016093673
1990,0.0062318904410215495,8.503396266253375e-05,0.9936830755963159
1991,0.006194397048129238,0.00016831103136730752,0.9936372919205034
1992,0.00637349792772587,0.00027123451937802217,0.993355267552896
1993,0.006658489121808102,0.00038878989134298944,0.9929527209868488
1994,0.006967590000010407,0.0005168219531560285,0.9925155880468336
1995,0.007243981439873145,0.0006519390725595977,0.9921040794875672
1996,0.00745205661170993,0.0007914184721947286,0.9917565249160953
1997,0.007573968350501568,0.0009331168144659271,0.9914929148350325
1998,0.0076065049681106915,0.0010753889126329061,0.9913181061192563
1999,0.007558291222407369,0.0012170154534409403,0.9912246933241518
2000,0.007447297564097038,0.0013571401979228287,0.9911955622379801
2001,0.007298624749826473,0.001495216135506786,0.9912061591146666
2002,0.007142536807672979,0.0016309602467742806,0.9912265029455527
2003,0.007012710553243194,0.0017643157032959402,0.9912229737434609
2004,0.00694467917010337,0.0018954209653767571,0.9911598998645199
2005,0.006974451063182257,0.0020245850875105823,0.9910009638493071
2006,0.007137288693742436,0.002152267648253704,0.9907104436580039
2007,0.007466640799882729,0.0022790639207922324,0.990254295279325
2008,0.007993222116734202,0.002405693440080191,0.9896010844431855
2009,0.008744238966986045,0.002532992146103803,0.9887227688869102
2010,0.009742759974939843,0.0026619075988307773,0.9875953324262294
2011,0.01100723205553409,0.0027934963888198976,0.986199271555646
2012,0.012551140606082024,0.002928924128437794,0.9845199352654803
2013,0.01438281074522794,0.0030694670880745314,0.9825477221666974
2014,0.016505345225877155,0.0032165158124343044,0.9802781389616886
2015,0.01891669051332804,0.003371579861514377,0.9777117296251576
2016,0.021609821250437918,0.0035362942434588383,0.9748538845061032
2017,0.02457302971089243,0.0037124267060627404,0.9717145435830449
2018,0.027790303987092303,0.0039018865162288516,0.9683078094966787
2019,0.031241780148801718,0.004106733630809234,0.964651486220389
2020,0.03490424858831474,0.004329188950944822,0.9607665624607404
2021,0.0387516975288305,0.004571645545995086,0.9566766569251745
2022,0.0427558761417461,0.004836680150735252,0.9524074437075186
2023,0.04688686164732751,0.005127065511672845,0.9479860728409997
2024,0.05111361441806902,0.005445782949590049,0.943440602632341
2025,0.055404510815111975,0.005796035568088595,0.9387994536167994
2026,0.05972784165183885,0.006181261299929769,0.9340908970482314
2027,0.06405227038372295,0.006605146767168237,0.9293425828491089
2028,0.0683472442819016,0.0070716401457634704,0.9245811155723348
2029,0.07258335679285101,0.007584964552855082,0.9198316786542938
2030,0.07673265955683398,0.00814963064195596,0.9151177098012101
2031,0.0807689243150057,0.008770448486918561,0.9104606271980757
2032,0.08466785680236703,0.009452538767796458,0.9058796044298366
2033,0.08840726679536345,0.010201342258407253,0.9013913909462293
2034,0.09196719633163364,0.01102262761735311,0.8970101760510133
2035,0.0953300111359844,0.011922497447096838,0.8927474914169188
2036,0.09848045940056266,0.012907391731728857,0.8886121488677086
2037,0.10140570219894132,0.013984087482694918,0.8846102103183637
2038,0.10409531888999864,0.01515969605672034,0.8807449850532811
2039,0.10654129182149226,0.016441655142064904,0.8770170530364428
2040,0.10873797305147007,0.017837716374457788,0.8734243105740721
2041,0.11068203478441116,0.019355928394709034,0.8699620368208799
2042,0.11237240707736051,0.021004612711864264,0.8666229802107752
2043,0.11381020301168486,0.022792333822600416,0.8633974631657146
2044,0.11499863106115898,0.024727862911516716,0.8602735060273243
2045,0.11594289910394383,0.026820133275364207,0.8572369676206919
2046,0.11665010370029062,0.029078188839606223,0.8542717074601032
2047,0.11712911156404755,0.03151112460138736,0.851359763834565
2048,0.11739042507821776,0.034128020087743544,0.8484815548340388
2049,0.11744603887272723,0.03693786457519768,0.8456160965520751
2050,0.11730927976633443,0.03994947635505803,0.8427412438786075
2051,0.11699463608344228,0.04317141569321918,0.8398339482233387
2052,0.11651757157256322,0.04661189240175446,0.8368705360256823
2053,0.1158943272164915,0.050278670971354,0.8338270018121545
2054,0.1151417113718953,0.05417897251303044,0.8306793161150742
2055,0.11427688021313984,0.058319377741630166,0.8274037420452299
2056,0.1133171106465007,0.06270573133732786,0.8239771580161714
2057,0.11227957077681663,0.06734305034385035,0.820377378879333
2058,0.1111810906474931,0.0722354400976985,0.8165834692548084
2059,0.11003793981016934,0.07738601736926949,0.8125760428205611
2060,0.10886561830173563,0.08279684391076465,0.8083375377874997
2061,0.10767866562661826,0.08846887294915115,0.8038524614242306
2062,0.10649049665331038,0.09440190839445874,0.7991075949522309
2063,0.10531327183743067,0.1005945755288466,0.7940921526337228
2064,0.10415780883928785,0.10704430790042858,0.7887978832602835
2065,0.10303353931684639,0.11374734399123998,0.7832191166919136
2066,0.10194852534992908,0.12069873395144395,0.7773527406986269
2067,0.10090953069460466,0.12789235541803604,0.7711981138873593
2068,0.099922161334947,0.13532093002148673,0.7647569086435663
2069,0.09899107147175416,0.14297604065956832,0.7580328878686775
2070,0.0981202419989378,0.15084814104875,0.7510316169523122
2071,0.09731333026043991,0.15892655415550033,0.7437601155840597
2072,0.09657409118328729,0.1671994495962444,0.7362264592204684
2073,0.09590686935828176,0.17565379795064917,0.728439332691069
2074,0.09531715692570737,0.18427529278977264,0.7204075502845199
2075,0.0948122156656495,0.19304823337773214,0.7121395509566183
2076,0.09440175577352761,0.2019553659435146,0.7036428782829578
2077,0.09409866605197403,0.21097767402070008,0.694923659927326
2078,0.09391978391841203,0.22009411922984534,0.6859860968517426
2079,0.09388669603232547,0.229281328173155,0.6768319757945195
2080,0.09402655511768357,0.23851322484641901,0.6674602200358974
2081,0.09437289124854449,0.2477606164865787,0.6578664922648768
2082,0.0949663999922284,0.2569907338389363,0.6480428661688353
2083,0.09585567026515283,0.2661667446233018,0.6379775851115453
2084,0.09709782344425831,0.2752472495757976,0.6276549269799441
2085,0.098759009995554,0.28418579159990187,0.6170551984045441
2086,0.10091471725083287,0.2929304018815594,0.6061548808676077
2087,0.10364981516701272,0.30142323000301957,0.5949269548299677
2088,0.10705827681950418,0.3096002952381845,0.5833414279423114
2089,0.11124248830687154,0.31739142201458004,0.5713660896785484
2090,0.11631206865308838,0.3247204174069885,0.5589675139399232
2091,0.12238212273501163,0.3315055568210797,0.5461123204439087
2092,0.1295708657503541,0.33766043937556445,0.5327686948740815
2093,0.13799657471747076,0.34309527608491874,0.5189081491976104
2094,0.14777387091064156,0.3477186463244299,0.5045074827649285
2095,0.15900938473857493,0.3514397386491112,0.489550876612314
2096,0.1717969138890485,0.35417106227151846,0.47403202383943305
2097,0.186212276095685,0.3558315530975898,0.4579561708067253
2098,0.20230811587022468,0.3563499638601701,0.4413419202696051
2099,0.22010900472079203,0.3556683657507953,0.4242226295284127
