year,Model Uncertainty,Scenario Uncertainty,Inter-Annual Variability
1980,0.14552795514136346,0.0010313575313847553,0.8534406873272518
1981,0.11242235336604978,0.0006934719785312507,0.886884174655419
1982,0.08445871849349358,0.00044349020368516693,0.9150977913028212
1983,0.0615810932947947,0.00027042503918750434,0.9381484816660178
1984,0.043509376237215056,0.00016164436864794663,0.9563289793941371
1985,0.02979802882891682,0.00010410316440872083,0.9700978680066744
1986,0.01989839189977419,8.535372886609304e-05,0.9800162543713598
1987,0.013215605559499105,9.426082842193117e-05,0.9866901336120789
1988,0.009154751098364835,0.00012141841750637661,0.9907238304841288
1989,0.0071542555133106015,0.00015931112353855437,0.9926864333631509
1990,0.006707112569768593,0.00020228501785703434,0.9930906024123743
1991,0.007371908858686805,0.00024639374615508214,0.9923816973951581
1992,0.008776169587307783,0.0002891765072662526,0.990934653905426
1993,0.010614461906327945,0.0003294101404442156,0.9890561279532278
1994,0.01264330215545377,0.0003668633428876744,0.9869898345016586
1995,0.014674419344089433,0.00040206952130252856,0.984923511134608
1996,0.01656745251933171,0.0004361258232657502,0.9829964216574025
1997,0.018222770878519614,0.00047052081064858855,0.9813067083108318
1998,0.01957480711510197,0.000506989049154896,0.9799182038357431
1999,0.02058609261825971,0.0005473901836556548,0.9788665171980846
2000,0.021242043715585225,0.0005936085389508393,0.978164347745464
2001,0.021546475829321426,0.0006474702823752058,0.9778060538883033
2002,0.021517771271252716,0.0007106748174601617,0.9777715539112871
2003,0.021185615122247568,0.000784738217811638,0.9780296466599407
2004,0.020588210768197588,0.0008709469558510406,0.9785408422759514
2005,0.019769890788749245,0.0009703205453271391,0.9792597886659237
2006,0.018779053692942967,0.0010835826304481102,0.9801373636766089
2007,0.017666368713545644,0.0012111397475181624,0.9811224915389362
2008,0.016483204740694285,0.001353068083476601,0.9821637271758291
2009,0.015280252812347503,0.0015091076681480406,0.9832106395195044
2010,0.014106319728607474,0.0016786645343425028,0.9842150157370501
2011,0.013007283901924092,0.001860820278593514,0.9851318958194824
2012,0.012025203203244163,0.002054349221782646,0.9859204475749732
2013,0.0111975779658341,0.0022577426274886596,0.9865446794066772
2014,0.010556767160082761,0.0024692392691378533,0.9869739935707793
2015,0.010129559954000559,0.00268686162700587,0.9871835784189936
2016,0.009936902225297207,0.002908456889846035,0.9871546408848567
2017,0.009993775959770563,0.0031317411461222254,0.9868744828941072
2018,0.010309225511351319,0.0033543459424175185,0.9863364285462312
2019,0.010886521444683285,0.0035738655130294118,0.9855396130422872
2020,0.011723450052155613,0.003787903592270571,0.9844886463555739
2021,0.012812712030251971,0.003994118458280946,0.9831931695114671
2022,0.01414241220130571,0.004190264962069503,0.9816673228366248
2023,0.015696620404191484,0.0043742332105638805,0.9799291463852446
2024,0.017455983700275002,0.004544081913349623,0.9779999343863754
2025,0.01939836706491874,0.004698067564412011,0.9759035653706694
2026,0.021499507092861622,0.004834667785185319,0.9736658251219531
2027,0.023733656300465283,0.004952599342526127,0.9713137443570086
2028,0.026074206713407874,0.005050830915964136,0.968874962370628
2029,0.028494277120057806,0.005128590865056717,0.9663771320148855
2030,0.030967255746241134,0.0051853702633202214,0.9638473739904386
2031,0.03346728868166749,0.005220921813728863,0.9613117895046037
2032,0.03596971240880644,0.005235254667238661,0.958795032923955
2033,0.038451423893007965,0.005228626698345616,0.9563199494086464
2034,0.04089119174663373,0.005201533083429436,0.9539072751699368
2035,0.04326990552618268,0.005154693339904582,0.9515754011339127
2036,0.04557076744462602,0.005089036028360918,0.9493401965270131
2037,0.04777942875574276,0.005005681672784931,0.9472148895714724
2038,0.04988407302067747,0.004905924707355669,0.9452100022719668
2039,0.05187545179376981,0.004791213570066534,0.9433333346361636
2040,0.053746871770199094,0.004663130329071575,0.9415899979007293
2041,0.055494142707424476,0.004523368640057661,0.939982488652518
2042,0.05711548211680953,0.004373711062033838,0.9385108068211566
2043,0.058611384417132546,0.004216005339052488,0.9371726102438149
2044,0.059984453412800835,0.004052139415176336,0.9359634071720228
2045,0.06123920181763418,0.0038840156925105244,0.9348767824898553
2046,0.062381818037312776,0.003713524433143298,0.9339046575295439
2047,0.06341990455482431,0.0035425163190627947,0.933037579126113
2048,0.06436218571532538,0.003372774325031423,0.9322650399596433
2049,0.06521819281543449,0.003205985333019668,0.9315758218515459
2050,0.06599792413357478,0.003043712059118788,0.9309583638073065
2051,0.06671148756639973,0.002887365035649416,0.9304011473979509
2052,0.0673687283623926,0.0027381760304503746,0.929893095607157
2053,0.06797884645743117,0.0025971732499571842,0.9294239802926116
2054,0.06855001370982002,0.0024651588206037784,0.9289848274695762
2055,0.06908899284480514,0.0023426896389423107,0.9285683175162526
2056,0.06960077103271145,0.002230062744513213,0.9281691662227755
2057,0.07008821280409717,0.0021273054442037353,0.927784481751699
2058,0.07055174575519743,0.002034171714759388,0.9274140825300432
2059,0.0709890843817595,0.001950145439046032,0.9270607701791944
2060,0.07139500480369515,0.0018744516060821925,0.9267305435902227
2061,0.0717611781801215,0.0018060762141078506,0.9264327456057707
2062,0.07207607406125645,0.0017437955767420407,0.9261801303620015
2063,0.07232493983817107,0.0016862160324458203,0.9259888441293832
2064,0.0724898683271527,0.001631824612171779,0.9258783070606754
2065,0.07254995992979223,0.0015790518998836755,0.9258709881703241
2066,0.07248159192388322,0.0015263472359549628,0.9259920608401618
2067,0.07225880056905563,0.0014722682516236504,0.9262689311793207
2068,0.07185379440901392,0.0014155854091271287,0.9267306201818589
2069,0.07123761065502324,0.0013554033975927563,0.927406985947384
2070,0.07038093415008273,0.0012913015016285834,0.9283277643482888
2071,0.06925510773381698,0.00122349544364437,0.9295213968225386
2072,0.06783336272137215,0.0011530236037837324,0.9310136136748441
2073,0.06609231335556655,0.0010819610788479503,0.9328257255655854
2074,0.06401376438565727,0.0010136656648902613,0.9349725699494524
2075,0.06158689250245336,0.0009530592279170622,0.9374600482696295
2076,0.058810872339462555,0.0009069480485788741,0.9402821796119586
2077,0.05569802236995467,0.000884384000050483,0.9434175936299949
2078,0.052277550439121294,0.0008970662051867352,0.9468253833556919
2079,0.048599964173267084,0.0009597777197826637,0.9504402581069503
2080,0.04474218807739329,0.0010908448170317423,0.9541669671055749
2081,0.04081337148270997,0.00131259532002953,0.9578740331972606
2082,0.03696127751728412,0.0016517768603594675,0.9613869456223565
2083,0.03337899235650852,0.0021398737648903763,0.9644811338786011
2084,0.03031147113548938,0.00281323592946727,0.9668752929350434
2085,0.02806113734249097,0.003712899824822613,0.9682259628326864
2086,0.026991374078834448,0.00488395107603455,0.968124674845131
2087,0.027526321109635633,0.006374254013266222,0.9660994248770982
2088,0.03014501356338884,0.008232369947078832,0.9616226164895323
2089,0.03536769285813507,0.010504523638224978,0.9541277835036399
2090,0.04373232127325785,0.013230576246804335,0.9430371024799379
2091,0.055760177833065354,0.016439138780512414,0.9278006833864223
2092,0.07191110486263946,0.02014221566228144,0.9079466794750791
2093,0.09253151883991254,0.02433006207413969,0.8831384190859478
2094,0.11780130736071523,0.0289671978248491,0.8532314948144356
2095,0.1476883685183423,0.033990618390203814,0.8183210130914539
2096,0.18192065387839093,0.03931108221183972,0.7787682639097694
2097,0.21998409573437727,0.04481786415175649,0.7351980401138662
2098,0.26115043660610454,0.05038664174175201,0.6884629216521434
2099,0.30453267479947954,0.05588941878381855,0.6395779064167019
