year,Model Uncertainty,Scenario Uncertainty,Inter-Annual Variability
1980,0.19342426720199346,0.0016046671192398894,0.8049710656787666
1981,0.15967208739285987,0.0010105019345700256,0.8393174106725702
1982,0.1299405130854308,0.0005771702033183057,0.8694823167112509
1983,0.10431679294526493,0.0002844875410859432,0.8953987195136492
1984,0.08271065149477158,0.00010935177898389017,0.9171799967262446
1985,0.06488920448660056,2.7752835501681276e-05,0.9350830426778978
1986,0.050518009537309234,1.6472464630132905e-05,0.9494655179980607
1987,0.039201928088915546,5.434518585901894e-05,0.9607437267252255
1988,0.030521270083832236,0.00012305291225397138,0.9693556770039138
1989,0.024060746543681868,0.00020750003093295618,0.9757317534253851
1990,0.019430510732470662,0.00029585589004021105,0.9802736333774892
1991,0.01627980359232794,0.0003793633366945093,0.9833408330709775
1992,0.014304400373730335,0.00045200380554266293,0.9852435958207271
1993,0.01324929297398249,0.000510092123650308,0.9862406149023671
1994,0.012907990155493857,0.0005518535148696677,0.9865401563296365
1995,0.013119608478798384,0.0005770171163894182,0.9863033744048121
1996,0.013764666813324987,0.000586445346393671,0.9856488878402814
1997,0.014760240864291556,0.0005818081981073691,0.9846579509376011
1998,0.016054918980820034,0.0005653043631594905,0.9833797766560205
1999,0.01762383356642778,0.0005394274944307545,0.9818367389391415
2000,0.019463921598945253,0.0005067738519784774,0.9800293045490763
2001,0.021589489185912202,0.00046988699671085326,0.9779406238173769
2002,0.02402810523053217,0.00043113564312092416,0.9755407591263469
2003,0.026816826776616707,0.0003926211122262541,0.9727905521111572
2004,0.029998747063167443,0.00035611175837882723,0.9696451411784537
2005,0.03361985805220397,0.0003230022643408705,0.9660571396834551
2006,0.03772622696053713,0.00029429612008415756,0.9619794769193787
2007,0.04236149091244996,0.0002706099115295971,0.9573678991760204
2008,0.047564683313853176,0.00025219800081291053,0.9521831186853339
2009,0.05336840679481454,0.00023899593262115208,0.9463925972725643
2010,0.05979737137349715,0.00023068068691129014,0.9399719479395916
2011,0.06686730970230484,0.0002267453787884623,0.9329059449189068
2012,0.07458427631914927,0.00022658560291590623,0.9251891380779348
2013,0.08294432783569831,0.0002295943109169136,0.9168260778533848
2014,0.09193356700715065,0.00023526180848862006,0.9078311711843607
2015,0.10152852441314461,0.00024327735205327775,0.898228198234802
2016,0.111696835491537,0.0002536290668917813,0.8880495354415713
2017,0.12239816548662541,0.00026669897950570403,0.877335135533869
2018,0.13358532346155036,0.00028335056093316133,0.8661313259775164
2019,0.1452055064345222,0.0003050066581882012,0.8544894869072895
2020,0.15720161246453276,0.00033371627642139306,0.8424646712590458
2021,0.16951356536623918,0.0003722094136433549,0.8301142252201175
2022,0.1820796005215521,0.0004239395423138975,0.817496459936134
2023,0.19483746920940545,0.0004931141240186893,0.8046694166665758
2024,0.20772552793820528,0.0005847136442291049,0.7916897584175656
2025,0.22068368813245137,0.0007045001563750863,0.7786118117111736
2026,0.2336542159188362,0.0008590164492984907,0.7654867676318653
2027,0.24658237283795523,0.0010555767945082876,0.7523620503675366
2028,0.25941690306592685,0.001302250477682961,0.7392808464563903
2029,0.2721103756918138,0.00160783881515253,0.7262817854930337
2030,0.2846193930749664,0.0019818464877370576,0.7133987604372966
2031,0.2969046817689561,0.0024344476118115283,0.7006608706192322
2032,0.30893108713753525,0.0029764464311726867,0.6880924664312922
2033,0.3206674826585959,0.0036192330364739006,0.6757132843049302
2034,0.33208661841467113,0.004374733434745495,0.6635386481505834
2035,0.3431649207847865,0.005255353550198496,0.6515797256650149
2036,0.35388225900837267,0.006273916539539751,0.6398438244520875
2037,0.3642216946721305,0.0074435928895231086,0.6283347124383465
2038,0.37416921713848933,0.008777822193893578,0.6170529606676171
2039,0.3837134859242377,0.010290226056118386,0.6059962880196439
2040,0.3928455754169813,0.011994511603866855,0.5951599129791518
2041,0.4015587357318043,0.013904365032205296,0.5845368992359904
2042,0.40984816965373805,0.01603333492068735,0.5741184954255747
2043,0.4177108294495576,0.01839470559265555,0.563894464957787
2044,0.42514523574173996,0.02100136071545533,0.5538534035428047
2045,0.43215131751031055,0.023865638154074987,0.5439830443356144
2046,0.4387302746066685,0.02699917735706232,0.534270548036269
2047,0.4448844607354124,0.030412761077272026,0.5247027781873155
2048,0.4506172861265987,0.03411615303416435,0.5152665608392368
2049,0.4559331368883794,0.03811793587370456,0.5059489272379161
2050,0.4608373108205561,0.042425350250398904,0.496737338929045
2051,0.4653359656317851,0.04704414074065136,0.48761989362756364
2052,0.4694360781363816,0.05197841048087997,0.4785855113827384
2053,0.4731454102885821,0.05723049042548704,0.46962409928593085
2054,0.47647248282230176,0.06280082469211254,0.4607266924855857
2055,0.479426550522674,0.06868787825468418,0.45188557122264184
2056,0.4820175791628288,0.07488806870069471,0.4430943521364765
2057,0.4842562220707139,0.08139572589539279,0.4343480520338934
2058,0.48615379479262794,0.08820308075251124,0.4256431244548608
2059,0.4877222457617804,0.09530028628999428,0.4169774679482253
2060,0.4889741238427968,0.10267546963804686,0.40835040651915633
2061,0.4899225420061381,0.11031481568010099,0.3997626423137609
2062,0.49058113665200526,0.11820267967056895,0.3912161836774258
2063,0.49096402445361487,0.12632172743980175,0.3827142481065834
2064,0.49108575600745796,0.13465309865005617,0.37426114534248583
2065,0.4909612704931457,0.14317658857627275,0.36586214093058156
2066,0.49060584990900885,0.15187084351302158,0.3575233065779696
2067,0.4900350775692621,0.16071356414977395,0.3492513582809641
2068,0.4892647996027794,0.16968171112170236,0.34105348927551826
2069,0.48831109537710105,0.1787517057243952,0.3329371988985036
2070,0.4871902554623198,0.18789962125610526,0.32491012328157487
2071,0.4859187707250122,0.19710135848029942,0.3169798707946885
2072,0.48451333330535484,0.20633280168546284,0.30915386500918224
2073,0.48299085211985393,0.21556994878527508,0.30143919909487116
2074,0.481368481628062,0.22478901523280365,0.29384250313913435
2075,0.4796636668052619,0.23396650680039016,0.286369826394348
2076,0.47789420403401195,0.24307926087298531,0.2790265350930027
2077,0.47607831581934174,0.2521044561535017,0.2718172280271567
2078,0.474234742975254,0.26101958917173496,0.26474566785301096
2079,0.47238284818048665,0.26980242200618476,0.25781472981332854
2080,0.4705427339453786,0.2784309000424679,0.25102636601215356
2081,0.4687353710760493,0.28688304379099344,0.24438158513295724
2082,0.4669827345454161,0.29513681948767434,0.23788044596690952
2083,0.4653079455927974,0.3031699901801282,0.23152206422707433
2084,0.463735415133852,0.3109599539603274,0.2253046309058205
2085,0.4622909847095287,0.31848357353962303,0.2192254417508482
2086,0.4610020596229601,0.32571700416602506,0.213280936211015
2087,0.45989772811629503,0.33263552589208756,0.20746674599161738
2088,0.45900886024429516,0.33921338799782064,0.20177775175788412
2089,0.45836817786742506,0.3454236738484815,0.19620814828409353
2090,0.4580102866110645,0.3512381953738949,0.19075151801504056
2091,0.45797166008736157,0.35662742730374314,0.18540091260889527
2092,0.45829056640572374,0.3615604901862059,0.18014894340807036
2093,0.45900692253147657,0.3660051965297139,0.17498788093880965
2094,0.46016206743203175,0.3699281685776688,0.16990976399029958
2095,0.4617984406034651,0.3732950408887515,0.16490651850778346
2096,0.4639591553330623,0.37607075778625215,0.15997008688068548
2097,0.4666874578676192,0.3782199753152452,0.15509256681713562
2098,0.4700260643145172,0.3797075756800213,0.15026636000546156
2099,0.474016376510278,0.3804992952170584,0.14548432827266375
