year,Model Uncertainty,Scenario Uncertainty,Inter-Annual Variability
1980,0.1696572751669885,0.0013599005275342366,0.8289828243054773
1981,0.13443115613759843,0.0009380795697465781,0.864630764292655
1982,0.10359753140546471,0.0006057652158868655,0.8957967033786485
1983,0.07733974098925635,0.00035767395018504,0.9223025850605585
1984,0.05563357979680736,0.000185675724512418,0.9441807444786803
1985,0.03827644593978859,7.971025549105403e-05,0.9616438438047203
1986,0.024927930780527924,2.8725830709903864e-05,0.9750433433887621
1987,0.015154506353022444,2.1521547364544037e-05,0.984823972099613
1988,0.008472171545854355,4.741811012099137e-05,0.9914804103440247
1989,0.004382917573580346,9.672853037236239e-05,0.9955203538960472
1990,0.002402984812561784,0.00016103611592265926,0.9974359790715155
1991,0.0020826051637934033,0.0002333099792350947,0.9976840848569715
1992,0.003018072155202959,0.0003078979097497468,0.9966740299350473
1993,0.004857573324418132,0.00038043651964879427,0.994761990155933
1994,0.007302375149231885,0.0004477131574122353,0.9922499116933559
1995,0.010104836997047534,0.0005075061016726574,0.9893876569012798
1996,0.01306447857754647,0.0005584215944916592,0.9863770998279618
1997,0.01602303436179583,0.0005997396515013556,0.9833772259867029
1998,0.018859155275922766,0.0006312748921546831,0.9805095698319225
1999,0.021483191994273537,0.0006532554116392212,0.9778635525940872
2000,0.023832317064361775,0.0006662197896967257,0.9755014631459415
2001,0.02586611807325222,0.0006709312336361749,0.9734629506931116
2002,0.027562711687057418,0.0006683070189942721,0.9717689812939483
2003,0.028915369820230675,0.0006593609640104381,0.9704252692157589
2004,0.029929621308200594,0.0006451571748853104,0.9694252215169141
2005,0.03062077921794971,0.0006267726604578055,0.9687524481215924
2006,0.031011831690705198,0.0006052677270003009,0.9683829005822945
2007,0.03113164401105551,0.0005816624135639916,0.9682866935753806
2008,0.031013419075763653,0.0005569180553383549,0.968429662868898
2009,0.030693372089524423,0.0005319229964804828,0.9687747049139951
2010,0.030209581593421665,0.0005074819337655934,0.9692829364728127
2011,0.02960098935419016,0.00048430838691875645,0.9699147022588911
2012,0.028906523868351488,0.000463019833478995,0.9706304562981695
2013,0.02816433214351768,0.000444135369264461,0.9713915324872179
2014,0.027411108728849765,0.0004280756112920794,0.9721608156598582
2015,0.026681512141516404,0.0004151647699173195,0.9729033230885663
2016,0.026007665957335942,0.0004056346386508594,0.9735866994040132
2017,0.025418743082943257,0.0003996303680786017,0.9741816265489781
2018,0.02494062884105487,0.00039721791994223855,0.974662153239003
2019,0.02459566716670116,0.00039839291256530454,0.9750059399207336
2020,0.024402484621890066,0.0004030906970769235,0.975194424681033
2021,0.024375894475518037,0.0004111973843230477,0.9752129081401589
2022,0.024526877083874056,0.0004225616002928275,0.9750505613158331
2023,0.024862632478395978,0.0004370065181907871,0.9747003610034133
2024,0.025386702394861384,0.00045434217011341456,0.9741589554350252
2025,0.026099152394862487,0.00047437744806421627,0.9734264701570733
2026,0.02699680937844117,0.0004969317033784034,0.9725062589181803
2027,0.0280735449893114,0.0005218455377066796,0.9714046094729819
2028,0.029320595138298555,0.0005489907047990102,0.9701304141569025
2029,0.030726907434528473,0.0005782788429100157,0.9686948137225616
2030,0.03227950673837888,0.0006096688332885814,0.9671108244283325
2031,0.03396386928073331,0.000643172704416863,0.9653929580148498
2032,0.03576429670749,0.0006788599724708976,0.9635568433200391
2033,0.03766428409723306,0.0007168604721874285,0.9616188554305796
2034,0.039646872009607176,0.0007573654501390951,0.9595957625402538
2035,0.04169498041620689,0.0008006270955245491,0.9575043924882685
2036,0.043791716894781875,0.000846956435240369,0.9553613266699778
2037,0.045920657785717245,0.0008967197802682106,0.9531826224340145
2038,0.04806609837671151,0.0009503336523308349,0.9509835679709576
2039,0.0502132718240814,0.0010082583224591518,0.9487784698534594
2040,0.05234853514850076,0.0010709900323571662,0.9465804748191421
2041,0.05445952277581313,0.0011390520570929482,0.9444014251670939
2042,0.05653526817058306,0.0012129846451360273,0.9422517471842808
2043,0.05856629459664256,0.0012933339231815013,0.9401403714801759
2044,0.06054467626440969,0.0013806400051720293,0.9380746837304182
2045,0.06246407134532461,0.0014754241306689595,0.9360605045240064
2046,0.06431972836673774,0.0015781754238140334,0.9341020962094482
2047,0.06610846777737224,0.001689337129610691,0.932202195093017
2048,0.06782864101292943,0.0018092922639324585,0.930362066723138
2049,0.06948006792430564,0.0019383494666463076,0.928581582609048
2050,0.0710639538754441,0.002076728735189673,0.9268593173893662
2051,0.07258279024205308,0.002224547609198268,0.9251926621487486
2052,0.07404023739856164,0.002381807789413886,0.9235779548120244
2053,0.07544099416545469,0.00254838268048802,0.9220106231540572
2054,0.07679065475205231,0.002724006213031399,0.9204853390349164
2055,0.07809555476472599,0.0029082630788197757,0.9189961821564543
2056,0.07936261031434179,0.00310058081612764,0.9175368088695306
2057,0.08059915045468562,0.0033002245241756725,0.9161006250211386
2058,0.0818127484447123,0.0035062937625535977,0.9146809577927342
2059,0.08301105256967214,0.003717722800052198,0.9132712246302757
2060,0.08420162194261127,0.003933284551855887,0.9118650935055328
2061,0.08539177030527996,0.004151597968796167,0.9104566317259238
2062,0.08658842247127548,0.004371139922641509,0.909040437606083
2063,0.08779798690870823,0.004590261831833192,0.9076117512594586
2064,0.0890262511285094,0.004807211026907825,0.9061665378445828
2065,0.09027830267415977,0.005020157533925519,0.9047015397919147
2066,0.09155848305083171,0.005227226442090514,0.9032142905070778
2067,0.09287037719777651,0.005426536026931139,0.9017030867752923
2068,0.09421684698208964,0.005616242204904876,0.9001669108130055
2069,0.09560011113882405,0.0057945891539938395,0.8986052997071821
2070,0.09702187809051518,0.005959966825164159,0.8970181550843207
2071,0.09848353794843517,0.006110975407330748,0.895405486644234
2072,0.09998641629549707,0.006246497097826145,0.8937670866066768
2073,0.10153209716034174,0.006365775632786917,0.8921021272068713
2074,0.10312281950181566,0.00646850426299211,0.8904086762351923
2075,0.10476195049916545,0.006554922020028393,0.8886831274808061
2076,0.1064545424609852,0.0066259195396726365,0.8869195379993422
2077,0.10820797565777937,0.006683154370560664,0.88510886997166
2078,0.11003269006290006,0.006729176057393665,0.8832381338797063
2079,0.11194300847525292,0.0067675612067751014,0.881289430317972
2080,0.11395804786613384,0.006803057972226992,0.8792388941616391
2081,0.11610271566203856,0.006841738680547337,0.8770555456574141
2082,0.1184087796899697,0.006891157881418491,0.8747000624286119
2083,0.12091599237452519,0.006960513005496747,0.8721234946199781
2084,0.12367323991603864,0.0070607999695938665,0.8692659601143675
2085,0.12673967062292318,0.007204956641483323,0.8660553727355935
2086,0.13018574236961744,0.007407980851323875,0.8624062767790587
2087,0.13409409619756882,0.007687007242443837,0.8582188965599873
2088,0.13856014842937886,0.008061321974921517,0.8533785295956996
2089,0.14369225325056867,0.008552289977756623,0.8477554567716747
2090,0.14961126339621714,0.00918316372236355,0.8412055728814193
2091,0.15644929091140228,0.00997874180164956,0.8335719672869482
2092,0.1643474567312663,0.010964841988121825,0.8246877012806119
2093,0.1734524256496563,0.012167560480402644,0.814380013869941
2094,0.18391156855511323,0.013612296027208386,0.8024761354176785
2095,0.1958666730359559,0.015322537926853027,0.7888107890371912
2096,0.20944626823582396,0.01731844228971364,0.7732352894744624
2097,0.2247568131045669,0.019615256316639153,0.7556279305787941
2098,0.24187323714409464,0.02222169173694853,0.7359050711189568
2099,0.2608295594000098,0.025138387369341916,0.7140320532306483
