year,Model Uncertainty,Scenario Uncertainty,Inter-Annual Variability
1980,0.09598083464632175,0.0007467899744400165,0.9032723753792383
1981,0.0749584597329389,0.0005381260703003618,0.9245034141967609
1982,0.05720810447274146,0.00037406850049399897,0.9424178270267646
1983,0.04254134530239278,0.00024941711630547956,0.9572092375813018
1984,0.03070682950852917,0.00015883494322574998,0.969134335548245
1985,0.021412610109628992,9.711833317541391e-05,0.9784902715571956
1986,0.01434643795416077,5.9400483950119034e-05,0.9855941615618892
1987,0.00919281458160709,4.128714682769179e-05,0.9907658982715652
1988,0.005646292091620262,3.8931202245595736e-05,0.9943147767061341
1989,0.0034210420057651245,4.905674097882311e-05,0.9965299012532561
1990,0.002257064645808366,6.89449694070432e-05,0.9976739903847847
1991,0.0019235969430585116,9.639375730402457e-05,0.9979800092996375
1992,0.0022203340134087225,0.00012966100094115795,0.9976500049856502
1993,0.002977050756851555,0.00016740001280606096,0.9968555492303425
1994,0.004052132524890499,0.0002085929391423534,0.9957392745359671
1995,0.005330427902692568,0.0002524863745736973,0.9944170857227338
1996,0.0067207382264238905,0.0002985317860257918,0.9929807299875504
1997,0.008153171738688366,0.0003463322636792924,0.9915004959976323
1998,0.009576517212730111,0.0003955962150531452,0.9900278865722169
1999,0.010955734862173671,0.0004460980955805413,0.9885981670422458
2000,0.012269620169502674,0.0004976459571911263,0.9872327338733061
2001,0.013508665888384236,0.0005500553981826876,0.9859412787134331
2002,0.014673127457110961,0.000603129386627216,0.9847237431562618
2003,0.015771284739683717,0.0006566434289919096,0.9835720718313244
2004,0.016817885064950678,0.0007103355492238705,0.9824717793858255
2005,0.017832750414834325,0.0007639006998088258,0.9814033488853567
2006,0.018839531142078335,0.0008169889224234581,0.9803434799354982
2007,0.019864588305263168,0.0008692071016382182,0.9792662045930987
2008,0.020935991431899115,0.0009201236891491678,0.9781438848789518
2009,0.022082618674200354,0.0009692761409059313,0.9769481051848937
2010,0.023333350957276768,0.001016180537916611,0.9756504685048066
2011,0.024716353638561124,0.0010603431592675744,0.9742233032021713
2012,0.026258440832828387,0.001101273332981432,0.9726402858341903
2013,0.02798452087650795,0.0011384974790798602,0.9708769816444122
2014,0.029917120944121644,0.0011715735136259226,0.9689113055422525
2015,0.03207599122361116,0.0012001056062408049,0.9667239031701481
2016,0.0344777881819917,0.0012237583758242505,0.964298453442184
2017,0.03713583699620565,0.0012422705809308789,0.9616218924228636
2018,0.04005997134386315,0.0012554675852235104,0.9586845610709134
2019,0.04325645035085616,0.0012632723579955292,0.9554802772911483
2020,0.04672794797380735,0.0012657147509245242,0.9520063372752682
2021,0.05047361203749924,0.0012629387161717342,0.9482634492463291
2022,0.0544891864708326,0.001255207361722622,0.9442556061674447
2023,0.05876719113652669,0.0012429056435367054,0.9399899032199366
2024,0.0632971505573367,0.001226540718978563,0.9354763087236847
2025,0.06806586440984685,0.0012067399814725765,0.9307273956086807
2026,0.07305771002527515,0.0011842467351134039,0.9257580432396115
2027,0.0782549682721337,0.0011599137925104633,0.9205851179353558
2028,0.0836381647273384,0.0011346950128875524,0.915227140259774
2029,0.08918641602846435,0.0011096351190588382,0.9097039488524769
2030,0.09487777484655692,0.0010858578723682494,0.9040363672810748
2031,0.10068956717018193,0.0010645530046114599,0.8982458798252065
2032,0.10659871321977064,0.0010469618773723465,0.892354324902857
2033,0.11258202966879172,0.001034362505300021,0.8863836078259083
2034,0.11861650887600361,0.001028053633637326,0.880355437490359
2035,0.12467956989060973,0.0010293385719514119,0.8742910915374389
2036,0.13074928348117182,0.0010395085709989,0.8682112079478292
2037,0.13680456674928063,0.001059826180552356,0.862135607070167
2038,0.14282534830830274,0.0010915084585823485,0.8560831432331149
2039,0.14879270703058334,0.0011357103443261792,0.8500715826250904
2040,0.1546889815063595,0.001193508215113349,0.8441175102785272
2041,0.16049785478823309,0.0012658836257835528,0.8382362615859833
2042,0.16620441610491288,0.0013537074318486849,0.8324418764632384
2043,0.17179520069102006,0.0014577242583476199,0.8267470750506323
2044,0.1772582111282375,0.0015785372783398434,0.8211632515934226
2045,0.18258292084118596,0.0017165937212390765,0.815700485437575
2046,0.18776026549281571,0.0018721705939963175,0.810367563913188
2047,0.1927826194360932,0.002045361329206098,0.8051720192347007
2048,0.19764376466326652,0.0022360628757184847,0.800120172461015
2049,0.2023388495182681,0.002443963698256671,0.7952171867834752
2050,0.20686434246150068,0.0026685327592456264,0.7904671247792536
2051,0.2112179791349051,0.00290900947305787,0.7858730113920369
2052,0.21539870791486146,0.0031643949410240066,0.7814368971441146
2053,0.21940663113639108,0.0034334446161272225,0.7771599242474817
2054,0.2232429462857704,0.0037146626480350406,0.7730423910661945
2055,0.22690988476263482,0.004006298190340236,0.7690838170470249
2056,0.2304106541276384,0.004306343666413523,0.765283002205948
2057,0.23374937686614233,0.00461253588433004,0.7616380872495276
2058,0.23693103505613394,0.004922359666399262,0.7581466052774669
2059,0.23996141375937804,0.0052330546716044795,0.7548055315690175
2060,0.24284704846112845,0.005541625986588359,0.7516113255522832
2061,0.24559517555738156,0.005844858371292177,0.7485599660713262
2062,0.2482136854613609,0.006139334974288947,0.7456469795643502
2063,0.250711081432127,0.006421461044083963,0.742867457523789
2064,0.2530964405586354,0.00668749247121521,0.7402160669701494
2065,0.2553793829828181,0.006933570560082353,0.7376870464570995
2066,0.2575700444865131,0.007155762825420859,0.735274192688066
2067,0.25967905587715023,0.007350110675081367,0.7329708334477684
2068,0.2617175323765008,0.007512684454711961,0.7307697831687873
2069,0.2636970670218773,0.00763964662625317,0.7286632863518695
2070,0.2656297355779592,0.007727323443861879,0.7266429409781789
2071,0.2675281107280796,0.007772285931932967,0.7246996033399875
2072,0.2694052855485035,0.0077714408691630195,0.7228232735823334
2073,0.27127490900859574,0.007722132540637957,0.7210029584507662
2074,0.27315123204748826,0.007622255592773492,0.7192265123597382
2075,0.27504916658524986,0.007470380161616561,0.7174804532531335
2076,0.2769843557459222,0.007265889468296141,0.7157497547857817
2077,0.2789732544674035,0.00700913065258881,0.7140176148800076
2078,0.2810332236982132,0.006701578808814461,0.7122651974929722
2079,0.2831826308056456,0.006346014517729635,0.7104713546766248
2080,0.2854409577154602,0.00594671436665942,0.7086123279178803
2081,0.28782891478526546,0.005509653039042535,0.706661432175692
2082,0.2903685490969136,0.005042715907868254,0.7045887349952181
2083,0.29308335013023806,0.004555918041667607,0.7023607318280943
2084,0.29599833771774625,0.004061626402708206,0.6999400358795456
2085,0.29914012669559664,0.003574778461704295,0.6972850948426991
2086,0.3025369541753687,0.003113089143665434,0.6943499566809659
2087,0.30621865648969826,0.0026972354396786447,0.6910841080706231
2088,0.3102165788605477,0.0023510053712273112,0.687432415768225
2089,0.3145633994568936,0.002101394031248263,0.6833352065118581
2090,0.3192928478666099,0.001978627361185679,0.6787285247722045
2091,0.3244392979889125,0.0020160906595648675,0.6735446113515225
2092,0.33003721427635885,0.002250136471020685,0.6677126492526205
2093,0.33612043762166577,0.002719745577571171,0.6611598168007632
2094,0.34272129712302607,0.0034660150480835174,0.6538126878288903
2095,0.3498695459690731,0.0045314510782912786,0.6455990029526355
2096,0.3575911328178041,0.005959050086568637,0.6364498170956272
2097,0.36590683236802113,0.007791163110434705,0.6263020045215443
2098,0.37483078219031796,0.010068152861309939,0.615101064948372
2099,0.3843689883803272,0.01282687221860731,0.6028041394010655
