year,Model Uncertainty,Scenario Uncertainty,Inter-Annual Variability
1980,0.05429313082067271,0.0009997973433931015,0.9447070718359342
1981,0.041757331892733354,0.000721524329252903,0.9575211437780137
1982,0.031558149250744606,0.0004982946116343051,0.9679435561376211
1983,0.023445111044641247,0.00032459903163708495,0.9762302899237216
1984,0.01716048450837735,0.0001946656703680774,0.9826448498212547
1985,0.012450139797558485,0.0001027177102608007,0.9874471424921807
1986,0.009071732288291154,4.317197234569928e-05,0.9908850957393632
1987,0.006800380392616632,1.0781054026803334e-05,0.9931888385533565
1988,0.0054321702336552315,7.256242406117454e-07,0.9945671041421041
1989,0.004785889633048596,8.66555123788132e-06,0.9952054448157135
1990,0.004703400458902514,3.07587912367624e-05,0.9952658407498607
1991,0.005049022702396579,6.365646375646003e-05,0.994887320833847
1992,0.0057082489637171625,0.00010448139302775501,0.9941872696432551
1993,0.006586045836961532,0.0001507960146040492,0.9932631581484344
1994,0.0076049384040087695,0.00020056435111207247,0.9921944972448792
1995,0.00870302133977273,0.00025211137231279454,0.9910448672879144
1996,0.009831996273036946,0.0003040822445394629,0.9898639214824236
1997,0.01095529970448352,0.00035540305598481565,0.9886892972395316
1998,0.012046360867961738,0.000405243989802548,0.9875483951422357
1999,0.013087009026200762,0.00045298548576999155,0.9864600054880293
2000,0.014066037573377679,0.0004981877092490086,0.9854357747173733
2001,0.01497792275768505,0.0005405631587117299,0.9844815140836033
2002,0.01582169052012881,0.0005799524450132678,0.9835983570348579
2003,0.01659992101814964,0.0006163029421152321,0.9827837760397352
2004,0.01731788080919417,0.0006496500425896976,0.9820324691482161
2005,0.017982770351435202,0.0006801008354778205,0.981337128813087
2006,0.018603076671833037,0.0007078198468840763,0.9806891034812828
2007,0.01918802149664081,0.0007330167163417586,0.9800789617870174
2008,0.019747094861785164,0.000755935437503953,0.979496969700711
2009,0.020289667422177245,0.0007768451583525314,0.9789334874194703
2010,0.020824672909182794,0.0007960321673056123,0.9783792949235116
2011,0.02136035563082043,0.0008137930841375238,0.9778258512850421
2012,0.02190407607933017,0.0008304290550541498,0.9772654948656156
2013,0.022462169826188816,0.0008462407542590127,0.9766915894195521
2014,0.02303985456004487,0.0008615243225638626,0.9760986211173912
2015,0.02364118077575546,0.0008765678683706168,0.975482251355874
2016,0.024269020714341075,0.0008916486915318256,0.9748393305941271
2017,0.024925091943336246,0.0009070310625374377,0.9741678769941263
2018,0.02561001049520119,0.0009229644008071982,0.9734670251039916
2019,0.02632337002112679,0.000939681942358426,0.9727369480365148
2020,0.02706384148584884,0.0009573998741626799,0.9719787586399885
2021,0.02782929116765736,0.0009763164798408749,0.9711943923525017
2022,0.028616910346802665,0.0009966119400934151,0.9703864777131038
2023,0.029423356386190817,0.0010184479459717452,0.9695581956678375
2024,0.030244898296585485,0.0010419677291143485,0.9687131339743001
2025,0.03107756519868786,0.0010672961250602795,0.9678551386762518
2026,0.031917295394262024,0.0010945395583633242,0.9669881650473746
2027,0.0327600808116159,0.001123786278358687,0.9661161329100254
2028,0.033602106711504265,0.0011551064046436787,0.965242786883852
2029,0.03443988386323656,0.0011885519564318685,0.9643715641803315
2030,0.035270369874285605,0.0012241568867870454,0.9635054732389274
2031,0.036091080831011375,0.001261936849635812,0.9626469823193529
2032,0.03690018824041246,0.0013018891191158408,0.9617979226404716
2033,0.03769660366939922,0.0013439920745242514,0.9609594042560765
2034,0.03848004776865323,0.0013882048346200604,0.9601317473967268
2035,0.03925110293762191,0.0014344666188768381,0.9593144304435013
2036,0.040011250639243934,0.0014826960579514417,0.9585060533028047
2037,0.04076289099432973,0.001532790369000912,0.9577043186366693
2038,0.04150934448155578,0.0015846245959422313,0.956906030922502
2039,0.04225483681765724,0.0016380506650226765,0.9561071125173202
2040,0.04300446498350509,0.0016928965019291247,0.9553026385145658
2041,0.04376414571219655,0.0017489652752734797,0.95448688901253
2042,0.04454054523218436,0.0018060346981414082,0.9536534200696742
2043,0.04534099197179077,0.001863856448946212,0.9527951515792631
2044,0.046173371572800576,0.0019221558993490198,0.9519044725278505
2045,0.04704600548475873,0.0019806320716419237,0.9509733624435994
2046,0.04796751322258019,0.0020389580407314083,0.9499935287366884
2047,0.048946660895928515,0.002096781752806322,0.9489565573512652
2048,0.0499921964764969,0.002153727243652146,0.947854076279851
2049,0.0511126743192205,0.002209396590412478,0.946677929090367
2050,0.05231627062054189,0.0022633724434518217,0.9454203569360062
2051,0.053610592917111385,0.0023152213112477274,0.9440741857716408
2052,0.055002486609863344,0.0023644975366775125,0.9426330158534592
2053,0.05649784147908517,0.0024107482073495085,0.9410914103135652
2054,0.05810140184792052,0.0024535188751465937,0.9394450792769329
2055,0.059816583350083226,0.002492360287581309,0.9376910563623354
2056,0.06164530226447211,0.0025268358734535095,0.9358278618620745
2057,0.06358781833867114,0.0025565304113855745,0.9338556512499433
2058,0.06564259678672589,0.0025810596078272834,0.9317763436054468
2059,0.06780619246105456,0.0026000805880073545,0.9295937269509381
2060,0.07007315915823363,0.002613303686702763,0.9273135371550636
2061,0.0724359868879191,0.002620504979065371,0.9249435081330155
2062,0.07488507072688179,0.0026215401867804525,0.9224933890863377
2063,0.07740871152954817,0.00261635944912533,0.9199749290213265
2064,0.07999315032415037,0.002605023674282054,0.9174018260015675
2065,0.08262263871852722,0.002587721944216806,0.914789639337256
2066,0.08527954415137982,0.0025647904767079227,0.9121556653719123
2067,0.08794449167903617,0.002536733241344736,0.9095187750796191
2068,0.09059654142552924,0.002504244423951921,0.9068992141505188
2069,0.09321340171265025,0.0024682331960807417,0.9043183650912691
2070,0.09577168008652624,0.00242985071124891,0.9017984692022248
2071,0.098247171285783,0.0023905201438541353,0.8993623085703629
2072,0.10061518299628762,0.0023519700479922405,0.8970328469557202
2073,0.10285090597575514,0.0023162713212380986,0.8948328227030067
2074,0.10492982819177336,0.002285878684769614,0.8927842931234571
2075,0.10682820195572898,0.002263676773110106,0.8909081212711609
2076,0.10852356926680623,0.002253031668143002,0.8892233990650508
2077,0.10999535807648718,0.002257848063375591,0.8877467938601372
2078,0.11122555881552097,0.0022826326114936935,0.8864918085729854
2079,0.11219949809593245,0.002332563280700167,0.8854679386233674
2080,0.11290672594901374,0.002413564622114502,0.8846797094288718
2081,0.11334203586450074,0.0025323882199002456,0.884125575915599
2082,0.11350663816549102,0.0026966967372235237,0.8837966650972855
2083,0.11340950736090388,0.0029151490235754716,0.8836753436155207
2084,0.1130689214908439,0.0031974827765676446,0.8837335957325884
2085,0.11251420936847731,0.0035545886376471157,0.8839312019938755
2086,0.1117877060377147,0.003998568315567923,0.8842137256467173
2087,0.1109469107642249,0.004542765427201693,0.8845103238085734
2088,0.11006680553893902,0.005201755531453653,0.8847314389296073
2089,0.10924227200319997,0.005991276445971437,0.8847664515508286
2090,0.10859048432792695,0.006928077362578329,0.8844814383094947
2091,0.10825310507055219,0.008029659565850557,0.8837172353635973
2092,0.1083980258254617,0.009313880728668563,0.8822880934458698
2093,0.10922031740276317,0.010798391512889466,0.8799812910843474
2094,0.11094195539776047,0.012499878406235862,0.8765581661960037
2095,0.11380981266763,0.014433095200688131,0.8717570921316818
2096,0.11809136901052411,0.01660968102387847,0.8652989499655974
2097,0.12406760269030184,0.01903679355687893,0.8568956037528193
2098,0.13202266725639117,0.021715619248955757,0.8462617134946532
2099,0.14223021419926452,0.024639871910959947,0.8331299138897756
