year,Model Uncertainty,Scenario Uncertainty,Inter-Annual Variability
1980,0.07578588888561975,0.00014960597864698658,0.9240645051357333
1981,0.05920679468697132,8.376378264255114e-05,0.9407094415303862
1982,0.045440629189201144,4.102501188244464e-05,0.9545183457989164
1983,0.03423708617441575,1.62459124746768e-05,0.9657466679131096
1984,0.025318419733925037,4.77534515894033e-06,0.974676804920916
1985,0.01839627378732366,2.5671304030768896e-06,0.9816011590822732
1986,0.013185337221724177,6.232490495833984e-06,0.9868084302877799
1987,0.009413640759819339,1.30442668072033e-05,0.9905733149733734
1988,0.0068296873307908245,2.09056247602824e-05,0.9931494070444489
1989,0.005206834364499109,2.8295156993858332e-05,0.9947648704785069
1990,0.004345446049822385,3.419843555343184e-05,0.9956203555146242
1991,0.004073344326709897,3.80338279824578e-05,0.9958886218453076
1992,0.004245039358428686,3.957820352983787e-05,0.9957153824380415
1993,0.004740146534834171,3.8896239040680826e-05,0.9952209572261251
1994,0.005461311911159141,3.627549252455097e-05,0.9945024125963162
1995,0.006331888995971252,3.216834926727723e-05,0.9936359426547615
1996,0.0072935399827730235,2.7141071023143062e-05,0.9926793189462038
1997,0.008303877940283606,2.1829804764349823e-05,0.9916742922549521
1998,0.00933422292342209,1.690303568023766e-05,0.9906488740408976
1999,0.010367513314011798,1.3029901477519176e-05,0.9896194567845107
2000,0.011396390534101457,1.0853749276276762e-05,0.9885927557166222
2001,0.012421461320642008,1.0970341248458415e-05,0.9875675683381094
2002,0.013449731787676215,1.3910202134722825e-05,0.986536358010189
2003,0.014493203323975655,2.012468217622491e-05,0.9854866719938482
2004,0.01556761755793373,2.997537107582433e-05,0.9844024070709905
2005,0.016691338074403015,4.372659715724264e-05,0.9832649353284397
2006,0.017884357371052678,6.154078000282075e-05,0.9820541018489445
2007,0.01916741864516877,8.347644030925675e-05,0.9807491049145219
2008,0.02056124454102062,0.00010948872144607963,0.9793292667375333
2009,0.022085865987041764,0.00013943225678176788,0.9777747017561764
2010,0.02376004620124401,0.00017306620105463842,0.9760668875977013
2011,0.025600795580976183,0.00021006129098372994,0.9741891431280401
2012,0.027622974678726816,0.0002500086778198594,0.9721270166434534
2013,0.02983898127923665,0.00029243034666069943,0.9698685883741026
2014,0.03225851938939339,0.00033679083405379354,0.9674046897765528
2015,0.034888446407716905,0.0003825100085107814,0.9647290435837722
2016,0.037732693672455665,0.00042897654887170386,0.9618383297786727
2017,0.04079225681519527,0.00047556189552918975,0.9587321812892756
2018,0.044065248947851875,0.0005216342816745196,0.9554131167704736
2019,0.04754701096457968,0.0005665726411994397,0.9518864163942209
2020,0.051230271678065806,0.0006097799838840526,0.9481599483380502
2021,0.05510534983841207,0.0006506960945960305,0.9442439540669919
2022,0.05916039025085711,0.0006888092889645534,0.9401508004601783
2023,0.06338162537003184,0.0007236669785603647,0.9358947076514078
2024,0.06775365471824185,0.0007548849953475349,0.9314914602864106
2025,0.07225973446124362,0.0007821555178635957,0.9269581100208928
2026,0.07688206910765381,0.0008052534674877525,0.9223126774248586
2027,0.08160210015987009,0.0008240415209407351,0.9175738583191893
2028,0.08640078412039298,0.0008384735242915365,0.9127607423553156
2029,0.09125885725611642,0.0008485965690505346,0.907892546174833
2030,0.09615708116744419,0.0008545515472997917,0.902988367285256
2031,0.10107646776167109,0.0008565725638845605,0.8980669596744443
2032,0.10599848065481512,0.0008549849645669822,0.893146534380618
2033,0.110905211607288,0.0008502023719553942,0.8882445860207566
2034,0.11577953343782905,0.0008427226246572691,0.8833777439375137
2035,0.1206052258174029,0.0008331228511725358,0.8785616513314245
2036,0.12536707931878327,0.0008220536580759724,0.8738108670231408
2037,0.13005097461621412,0.0008102326430748097,0.869138792740711
2038,0.13464394087387782,0.0007984371745112331,0.8645576219516109
2039,0.13913419444051647,0.0007874966063872284,0.8600783089530962
2040,0.14351115909694986,0.0007782839628047369,0.8557105569402454
2041,0.1477654698675758,0.0007717070410332902,0.8514628230913909
2042,0.15188896286509285,0.0007686991795988369,0.8473423379553083
2043,0.15587465264757228,0.0007702094350093917,0.8433551379174185
2044,0.15971669845587916,0.0007771924851354651,0.8395061090589854
2045,0.16341036158990832,0.0007905980791454263,0.8357990403309462
2046,0.16695195497385024,0.0008113601330421335,0.8322366848931078
2047,0.1703387864468879,0.0008403855141693016,0.8288208280389429
2048,0.17356909728483028,0.0008785425003477818,0.8255523602148218
2049,0.17664199695459465,0.0009266489809942192,0.8224313540644111
2050,0.1795573949364381,0.0009854604702755308,0.8194571445932863
2051,0.1823159307045334,0.0010556579343946027,0.8166284113610719
2052,0.18491890334776476,0.0011378355220584499,0.8139432611301768
2053,0.18736820130242515,0.0012324883599744768,0.8113993103376004
2054,0.18966623250245795,0.0013400003398272304,0.8089937671577148
2055,0.1918158570726341,0.001460632248032853,0.8067235106793331
2056,0.19382032316445333,0.0015945100805976537,0.8045851667549491
2057,0.19568320573814033,0.0017416139434997013,0.80257518031836
2058,0.19740835214860344,0.00190176751759661,0.8006898803338
2059,0.19899983220845277,0.00207462823619356,0.7989255395553537
2060,0.2004618971973036,0.0022596785421626947,0.7972784242605337
2061,0.2017989477160977,0.002456218110820057,0.7957448341730823
2062,0.20301551232750048,0.002663357354741145,0.7943211303177584
2063,0.2041162389908155,0.002880012454612306,0.7930037485545722
2064,0.20510590062793296,0.003104901908261927,0.791789197463805
2065,0.20598941849892938,0.0033365449206841286,0.7906740365803865
2066,0.20677190392050146,0.0035732617700330997,0.7896548343094655
2067,0.20745872155165587,0.003813176201135484,0.7887281022472087
2068,0.2080555787015264,0.004054220273994192,0.7878902010244794
2069,0.20856864031977743,0.004294141632739706,0.7871372180474828
2070,0.20900467548338272,0.004530513551239918,0.7864648109653773
2071,0.20937123808009547,0.004760747872811759,0.7858680140470927
2072,0.2096768847465941,0.004982111280274332,0.7853410039731316
2073,0.20993143316959284,0.005191745107263487,0.7848768217231435
2074,0.21014626603355624,0.005386689137638673,0.784467044828805
2075,0.21033468189628818,0.005563909943698683,0.7841014081600133
2076,0.21051229754952575,0.005720334150164279,0.7837673683003099
2077,0.2106975026453496,0.005852887662692676,0.7834496096919576
2078,0.21091196981266203,0.005958541307716404,0.7831294888796215
2079,0.21118121755679886,0.006034364169618946,0.7827844182735821
2080,0.21153522465328842,0.006077585361421572,0.78238718998529
2081,0.21200908983848224,0.006085665648594814,0.7819052445129229
2082,0.21264372372727858,0.006056380016440101,0.7812998962562813
2083,0.21348655911439582,0.005987912119871212,0.780525528765733
2084,0.2145922525584944,0.005878961825358456,0.7795287856161471
2085,0.2160233431160355,0.0057288662076333645,0.7782477906763312
2086,0.21785082171783202,0.005537734001279797,0.7766114442808882
2087,0.22015454982811694,0.005306592346264195,0.7745388578256188
2088,0.22302345235465396,0.005037543725810217,0.7719390039195358
2089,0.22655539104629305,0.004733928350878128,0.7687106806028289
2090,0.23085661268872906,0.004400486035260981,0.7647429012760099
2091,0.2360406526838029,0.004043507474317618,0.7599158398418795
2092,0.24222657184375654,0.0036709630868264984,0.7541024650694169
2093,0.24953641377940958,0.0032925928336089666,0.7471709933869815
2094,0.25809179095705465,0.002919938778645593,0.7389882702642998
2095,0.2680095592058791,0.0025662990195592207,0.7294241417745617
2096,0.2793966121315546,0.002246582321757871,0.7183568055466876
2097,0.29234392440264056,0.0019770442643031465,0.7056790313330563
2098,0.3069200989479437,0.0017748920921914727,0.6913050089598649
2099,0.32316480261692476,0.0016577550103865604,0.6751774423726886
