year,Model Uncertainty,Scenario Uncertainty,Inter-Annual Variability
1980,0.018627557122225247,0.0029496375537446102,0.9784228053240301
1981,0.013407618799587013,0.0019660301350159877,0.9846263510653971
1982,0.009613976806734073,0.0012307876824128427,0.989155235510853
1983,0.006986101571651166,0.0007047020389061205,0.9923091963894427
1984,0.005286698610980774,0.0003512462253357289,0.9943620551636836
1985,0.004305128131697441,0.00013724390749697183,0.9955576279608056
1986,0.0038587216860656564,3.3206115451396876e-05,0.996108072198483
1987,0.0037925540879674823,1.3415595258873356e-05,0.9961940303167736
1988,0.0039781606644071245,5.583171206549903e-05,0.9959660076235274
1989,0.004311597252667375,0.00014187713435807683,0.9955465256129745
1990,0.0047111473183867264,0.0002561545056516966,0.9950326981759616
1991,0.005114896452923621,0.0003861291124025011,0.9944989744346738
1992,0.005478322066103819,0.0005218030224101751,0.993999874911486
1993,0.005771992952280901,0.000655397591052061,0.9935726094566669
1994,0.005979430402170671,0.0007810548105132728,0.993239514787316
1995,0.006095154297460251,0.000894563133039132,0.9930102825695006
1996,0.006122917440912975,0.0009931100254227919,0.9928839725336642
1997,0.00607412007321342,0.0010750614817415485,0.9928508184450451
1998,0.005966389347911366,0.0011397670844438856,0.9928938435676448
1999,0.005822305419086667,0.0011873886921768505,0.9929903058887365
2000,0.005668256128907448,0.0012187504493197305,0.9931129934217728
2001,0.005533403537465417,0.0012352075973120062,0.9932313888652226
2002,0.005448747451529218,0.0012385318908599869,0.9933127206576108
2003,0.0054462747760874175,0.0012308115494316823,0.9933229136744809
2004,0.005558185923238779,0.0012143642090813086,0.9932274498676799
2005,0.005816192594155498,0.001191660937675371,0.9929921464681691
2006,0.006250883707839092,0.001165260730580236,0.9925838555615807
2007,0.006891158697662545,0.0011377540371790777,0.9919710872651584
2008,0.00776372828035684,0.0011117150084707845,0.9911245567111724
2009,0.008892684757780326,0.001089661576798265,0.9900176536654214
2010,0.010299143311995225,0.0010740231759457234,0.988626833512059
2011,0.012000957035874471,0.0010671156517927192,0.9869319273123327
2012,0.014012506086358232,0.0010711230457167763,0.9849163708679249
2013,0.016344562602311173,0.0010880857697972567,0.9825673516278915
2014,0.019004229353919735,0.0011198951023673517,0.9798758755437129
2015,0.021994951310221354,0.001168293342472848,0.9768367553473057
2016,0.025316594540637446,0.001234879293662159,0.9734485261657003
2017,0.028965589775776016,0.0013211183193692151,0.9697132919048547
2018,0.032935130340973735,0.001428356780908304,0.9656365128781179
2019,0.03721542118657947,0.0015578396023840332,0.9612267392110365
2020,0.04179396593421987,0.0017107309523257345,0.9564953031134543
2021,0.04665588657967803,0.0018881366332522851,0.9514559767870696
2022,0.05178426357413475,0.0020911281628430644,0.9461246082630222
2023,0.057160488016229305,0.0023207671453723496,0.9405187448383984
2024,0.06276461928678792,0.002578129822253162,0.934657250890959
2025,0.06857573551217748,0.002864330879233919,0.9285599336085886
2026,0.0745722738741648,0.0031805460749499376,0.9222471800508854
2027,0.08073235250301049,0.0035280331319608362,0.9157396143650287
2028,0.0870340691448648,0.003908150444312582,0.9090577804108225
2029,0.09345577227713861,0.004322373463598881,0.9022218542592625
2030,0.09997630454970514,0.004772308115167369,0.8952513873351274
2031,0.10657521247864893,0.005259701437816232,0.8881650860835348
2032,0.11323292569220259,0.005786448957067267,0.8809806253507302
2033,0.11993090286982032,0.006354599189694084,0.8737144979404856
2034,0.1266517482200123,0.006966354406823824,0.8663818973731638
2035,0.1333792963534309,0.007624068774789753,0.8589966348717794
2036,0.14009867131507014,0.008330242915566714,0.8515710857693631
2037,0.14679631828198048,0.009087515630960262,0.8441161660870592
2038,0.1534600127494942,0.009898652525966688,0.836641334724539
2039,0.16007884880175252,0.01076653198367455,0.8291546192145729
2040,0.16664320871103586,0.011694128567637291,0.8216626627213268
2041,0.17314471783577118,0.01268449352682847,0.8141707886374004
2042,0.17957618408529857,0.013740733781519243,0.8066830821331821
2043,0.18593152772978205,0.014865988605662564,0.7992024836645554
2044,0.19220570170729379,0.01606340453821759,0.7917308937544887
2045,0.19839460393628414,0.017336109351031255,0.7842692867126846
2046,0.20449498565700272,0.01868718488283431,0.776817829460163
2047,0.21050435494361525,0.020119639114048713,0.769376005942336
2048,0.2164208780199319,0.021636378588867706,0.7619427433912003
2049,0.22224328077450825,0.02324018066563905,0.7545165385598527
2050,0.22797074983761914,0.02493366701795543,0.7470955831444254
2051,0.2336028356940645,0.026719278092999288,0.7396778862129362
2052,0.2391393584493814,0.028599249867133674,0.7322613916834849
2053,0.24458031778672137,0.030575592569230113,0.7248440896440486
2054,0.2499258077219604,0.032650072440436335,0.7174241198376032
2055,0.25517593652315984,0.03482419716033673,0.7099998663165034
2056,0.2603307535202849,0.03709920462715586,0.7025700418525591
2057,0.2653901831229382,0.039476056892545124,0.6951337599845167
2058,0.2703539671230385,0.041955437492315506,0.6876905953846459
2059,0.27522161493443686,0.0445377548164179,0.6802406302491453
2060,0.279992363432176,0.0472231501969604,0.6727844863708636
2061,0.2846651458415896,0.05001151097293107,0.6653233431854794
2062,0.28923857148612486,0.05290248874441103,0.6578589397694642
2063,0.2937109132150568,0.055895523146906684,0.6503935636380365
2064,0.2980801089085991,0.05898986974983789,0.6429300213415631
2065,0.30234376903076576,0.06218463225771094,0.6354715987115234
2066,0.3064991985362411,0.06547879905777461,0.6280220024059843
2067,0.3105434248019059,0.06887128262383042,0.6205852925742638
2068,0.31447323969104846,0.07236096138401484,0.6131657989249367
2069,0.3182852489561133,0.07594672290153065,0.6057680281423561
2070,0.3219759317934144,0.079627508389964,0.5983965598166217
2071,0.3255417110999309,0.08340235636011754,0.5910559325399516
2072,0.3289790316158103,0.08727044481332326,0.5837505235708664
2073,0.33228444916183664,0.09123113138942851,0.5764844194487349
2074,0.3354547276099116,0.09528398895717209,0.5692612834329164
2075,0.33848694715839667,0.09942883660208086,0.5620842162395224
2076,0.34137862158852533,0.10366576366893743,0.5549556147425373
2077,0.34412782490762656,0.10799514734699223,0.5478770277453813
2078,0.34673332991553346,0.11241765873581917,0.5408490113486474
2079,0.3491947571533539,0.11693425958011278,0.5338709832665334
2080,0.3515127352807593,0.12154618580191554,0.5269410789173252
2081,0.3536890729798702,0.12625491690725565,0.5200560101128742
2082,0.3557269438211986,0.1310621288054815,0.51321092737332
2083,0.35763108298682,0.13596962777856877,0.5063992892346112
2084,0.3594079948365142,0.14097926557475615,0.4996127395887296
2085,0.3610661714327096,0.1460928305505009,0.49284099801678954
2086,0.3626163206060734,0.1513119148368946,0.48607176455703205
2087,0.3640715967189731,0.15663775579367853,0.4792906474873484
2088,0.3654478352585501,0.16207104789082477,0.47248111685062505
2089,0.3667637789801958,0.16761172758968346,0.46562449343012074
2090,0.3680412908372925,0.1732587276529109,0.45869998150979663
2091,0.3693055426088466,0.17900970347241804,0.45168475391873536
2092,0.3705851614075083,0.18486073464920869,0.44455410394328293
2093,0.3719123240886599,0.19080600439060968,0.4372816715207304
2094,0.3733227731333295,0.19683746551271755,0.42983976135395296
2095,0.3748557376552917,0.20294450305773976,0.42219975928696857
2096,0.376553732985654,0.2091136052006552,0.41433266181369083
2097,0.3784622154653171,0.21532806307457428,0.40620972146010864
2098,0.3806290693344565,0.2215677171018803,0.3978032135636632
2099,0.3831039072664168,0.22780877590254747,0.3890873168310356
