year,Model Uncertainty,Scenario Uncertainty,Inter-Annual Variability
1980,0.01875225450249334,0.009743607440892536,0.9715041380566142
1981,0.012864184382165711,0.006139823404204065,0.9809959922136302
1982,0.008659046818780427,0.003553386053055043,0.9877875671281645
1983,0.005800395383694228,0.0018073373653777812,0.9923922672509281
1984,0.003983311510146282,0.0007344225202322123,0.9952822659696215
1985,0.002942221327557139,0.0001827764175179438,0.9968750022549249
1986,0.002453945903589633,1.894504868100454e-05,0.9975271090477295
1987,0.0023373610398589777,0.00012890334365755875,0.9975337356164834
1988,0.0024508744007754775,0.00041769202134835396,0.9971314335778761
1989,0.002688668303178199,0.0008081914967327194,0.996503140200089
1990,0.002976393005247707,0.0012394268529370579,0.9957841801418152
1991,0.0032667629618107815,0.0016646809889604448,0.9950685560492287
1992,0.0035353280014427785,0.0020495964120230076,0.9944150755865342
1993,0.0037765612324030225,0.0023703723467486124,0.9938530664208484
1994,0.004000316922168654,0.0026121114595539048,0.9933875716182774
1995,0.004228659200014281,0.0027673355323522397,0.9930040052676335
1996,0.004493033071857067,0.002834668402827972,0.9926722985253149
1997,0.004831736356986762,0.002817672232305834,0.9923505914107074
1998,0.005287651990266701,0.0027238182902095073,0.9919885297195238
1999,0.005906203471810597,0.002563572512664759,0.9915302240155247
2000,0.006733507899292481,0.0023495784282249084,0.9909169136724826
2001,0.007814709622635307,0.002095922412946926,0.9900893679644177
2002,0.009192488282892045,0.0018174715834299254,0.9889900401336781
2003,0.010905743453283474,0.0015292773635552982,0.9875649791831612
2004,0.01298846469143422,0.0012460419263947587,0.9857654933821711
2005,0.015468798544862923,0.0009816479155535943,0.9835495535395835
2006,0.01836832526736548,0.0007487529136031596,0.9808829218190314
2007,0.02170155583129974,0.0005584522519241968,0.9777399919167761
2008,0.02547565513742947,0.0004200129961784758,0.974104331866392
2009,0.029690390491209064,0.0003406815026128001,0.9699689280061782
2010,0.03433829807264609,0.0003255656590181777,0.9653361362683357
2011,0.03940505028497814,0.0003775904310358106,0.960217359283986
2012,0.04487000151020107,0.000497523577023575,0.9546324749127753
2013,0.05070688272462948,0.0006840661536612468,0.9486090511217093
2014,0.05688460924901469,0.000934000038013227,0.9421813907129721
2015,0.06336816751468301,0.0012423837877807034,0.9353894486975363
2016,0.07011954175691988,0.001602786704979102,0.928277671538101
2017,0.07709864594178183,0.0020075507097984014,0.9208938033484197
2018,0.08426423047159196,0.0024480696704605154,0.9132876998579474
2019,0.09157473385540571,0.0029150769407813183,0.9055101892038131
2020,0.09898906064187205,0.0033989323964934348,0.8976120069616345
2021,0.10646726938718286,0.0038899021097154028,0.8896428285031017
2022,0.1139711593022052,0.004378425215043144,0.8816504154827516
2023,0.12146475404940689,0.00485536391610358,0.8736798820344895
2024,0.1289146831272639,0.005312234911560157,0.865773081961176
2025,0.1362904618162032,0.005741420331884982,0.8579681178519117
2026,0.14356468223039776,0.006136359165992543,0.8502989586036097
2027,0.15071312095667588,0.006491720132810071,0.842795158910514
2028,0.15771477543580678,0.006803557175773197,0.8354816673884201
2029,0.1645518401651625,0.007069450069233358,0.8283787097656041
2030,0.17120963293932134,0.007288632404191366,0.8215017346564873
2031,0.1776764805640462,0.007462108195626286,0.8148614112403275
2032,0.1839435756517004,0.0075927598293858084,0.8084636645189138
2033,0.19000480860979074,0.007685447641260823,0.8023097437489485
2034,0.19585658551441454,0.0077471020709757275,0.7963963124146097
2035,0.20149763278336927,0.007786808310549706,0.7907155589060809
2036,0.20692879779453488,0.007815881743907644,0.7852553204615575
2037,0.21215284186151728,0.007847932997380914,0.7799992251411018
2038,0.2171742337649716,0.007898918885790113,0.7749268473492382
2039,0.2219989397695173,0.00798717556993514,0.7700138846605477
2040,0.22663421305608678,0.008133429426294607,0.7652323575176186
2041,0.23108838034758977,0.008360779160483632,0.7605508404919266
2042,0.2353706258885803,0.008694643359215208,0.7559347307522044
2043,0.23949077207535718,0.009162666561345009,0.7513465613632978
2044,0.2434590559580864,0.009794576397894236,0.7467463676440194
2045,0.24728589904699733,0.010621985541238587,0.7420921154117641
2046,0.25098167412410005,0.011678132301442764,0.7373401935744572
2047,0.25455646731356574,0.01299755454869264,0.7324459781377416
2048,0.25801983799392486,0.014615695074581086,0.7273644669314941
2049,0.26138057775281576,0.016568437185378107,0.7220509850618061
2050,0.2646464763723111,0.018891573766386838,0.7164619498613021
2051,0.2678240944165945,0.021620216466919494,0.7105556891164859
2052,0.2709185535227418,0.024788154986099317,0.7042932914911589
2053,0.2739333463584304,0.028427182760828888,0.6976394708807406
2054,0.27687017702627215,0.032566405795361596,0.6905634171783663
2055,0.27972883886806355,0.03723155953668973,0.6830396015952467
2056,0.28250713416092443,0.04244435743917595,0.6750485083998996
2057,0.2852008439882097,0.04822189810945881,0.6665772579023315
2058,0.28780375230944094,0.05457615822162462,0.6576200894689345
2059,0.290307725595725,0.06151359549720729,0.6481786789070678
2060,0.2927028486952099,0.0690348829466427,0.6382622683581473
2061,0.2949776157493081,0.077134789214152,0.6278875950365398
2062,0.2971191698575935,0.08580221551960572,0.6170786146228009
2063,0.299113583211845,0.09502038934633075,0.6058660274418243
2064,0.3009461711546358,0.1047672082606773,0.5942866205846868
2065,0.302601828147026,0.11501571924559528,0.5823824526073788
2066,0.30406537323945104,0.12573471292996527,0.5701999138305837
2067,0.3053218971883341,0.13688940503861613,0.5577886977730498
2068,0.3063570970435964,0.1484421752480502,0.5452007277083533
2069,0.30715759314381275,0.16035333144171587,0.5324890754144714
2070,0.3077112199528108,0.17258186707256137,0.5197069129746278
2071,0.308007286238789,0.18508618329034224,0.5069065304708688
2072,0.3080368041699217,0.19782474986145654,0.49413844596862166
2073,0.30779268660783765,0.21075668129069516,0.4814506321014672
2074,0.3072699161565827,0.22384221680052227,0.46888786704289503
2075,0.30646569097868753,0.23704308894717116,0.45649122007414134
2076,0.3053795527874614,0.2503227784147532,0.44429766879778543
2077,0.3040135046533915,0.263646652708082,0.43233984263852654
2078,0.30237212833604593,0.2769819903469527,0.4206458813170014
2079,0.3004627066812602,0.2902978988464105,0.4092393944723293
2080,0.29829536178971955,0.3035651311271473,0.39813950708313306
2081,0.29588321616948376,0.31675580940566034,0.3873609744248559
2082,0.29324258355310445,0.3298430678318198,0.3769143486150757
2083,0.29039319758398374,0.3428006186898543,0.36680618372616197
2084,0.2873584814524016,0.3556022554299176,0.3570392631176808
2085,0.2841658655358545,0.36822129660189523,0.3476128378622503
2086,0.28084715293030654,0.3806299811004293,0.33852286596926423
2087,0.277438934678317,0.3927988201245516,0.3297622451971315
2088,0.2739830527338449,0.40469591689717765,0.3213210303689775
2089,0.27052710506714395,0.4162862583487286,0.31318663658412743
2090,0.2671249837634394,0.42753099461264943,0.3053440216239112
2091,0.2638374317522207,0.4383867160202774,0.29777585222750186
2092,0.26073259943147875,0.44880474694916306,0.2904626536193583
2093,0.257886571141735,0.4587304798210657,0.28338294903719924
2094,0.25538382773642204,0.4681027770180077,0.2765133952455702
2095,0.25331759659011505,0.4768534810412972,0.2698289223685878
2096,0.2517900337126025,0.4849070766667124,0.263302889620685
2097,0.25091216743616435,0.49218056372580415,0.2569072688380315
2098,0.2508035244355059,0.4985836048704735,0.25061287069402066
2099,0.25159134780111986,0.5040190239614488,0.24438962823743132
