year,Model Uncertainty,Scenario Uncertainty,Inter-Annual Variability
1980,0.08981795046916664,0.00021425820663159648,0.9099677913242018
1981,0.0717992834159744,0.0001509470734268583,0.9280497695105987
1982,0.056575471436971315,0.00010105959456920639,0.9433234689684595
1983,0.043933173818089914,6.329404918378708e-05,0.9560035321327263
1984,0.03362548444376385,3.620957635710527e-05,0.966338305979879
1985,0.025388213734793368,1.8306142477610663e-05,0.9745934801227291
1986,0.018953619818218803,8.090976443002496e-06,0.9810382892053382
1987,0.014061218562733617,4.130211453748257e-06,0.9859346512258126
1988,0.010465685445406124,5.086278117274857e-06,0.9895292282764765
1989,0.007942119846965539,9.742764110111397e-06,0.9920481373889244
1990,0.006289080534048248,1.7018988473909538e-05,0.9936939004774779
1991,0.0053298508116613645,2.597671324982498e-05,0.9946441724750887
1992,0.004912375749109894,3.5821232769448425e-05,0.9950518030181207
1993,0.00490826468733006,4.589877696392354e-05,0.995045836535706
1994,0.005211183174766103,5.569180380841543e-05,0.9947331250214254
1995,0.00573488935923806,6.481335612719932e-05,0.9942002972846348
1996,0.00641110441236985,7.300132818756476e-05,0.9935158942594425
1997,0.007187352104912649,8.011322358995772e-05,0.9927325346714974
1998,0.008024857692169719,8.612172046823059e-05,0.9918890205873621
1999,0.00889656281091006,9.111121629443531e-05,0.9910123259727955
2000,0.009785287540013862,9.527540069010729e-05,0.9901194370592961
2001,0.010682054490211087,9.891578713591103e-05,0.9892190297226531
2002,0.011584576678487057,0.0001024410847471871,0.9883129822367658
2003,0.012495905362908875,0.00010636728708301096,0.9873977273500082
2004,0.013423228584881755,0.00011131829336981479,0.9864654531217484
2005,0.01437681027309681,0.00011802687164583088,0.9855051628552575
2006,0.015369058872785186,0.00012733583533829952,0.9845036052918765
2007,0.016413715158656278,0.00014019923158033274,0.9834460856097633
2008,0.017525149292741054,0.00015768342744884137,0.9823171672798101
2009,0.01871775908822094,0.00018096794586131086,0.9811012729659176
2010,0.020005461665258312,0.0002113459753392231,0.9797831923594025
2011,0.021401272012194075,0.0002502244411875415,0.9783485035466184
2012,0.02291696238551104,0.00029912364174812414,0.9767839139727409
2013,0.0245627975845863,0.000359676328919156,0.9750775260864945
2014,0.02634734010948653,0.00043362629158930945,0.9732190335989241
2015,0.02827732103556359,0.0005228264228795402,0.9711998525415568
2016,0.030357570587334,0.0006292363007553643,0.9690131931119107
2017,0.03259100364723405,0.0007549192141360555,0.9666540771386298
2018,0.034978653831658255,0.0009020388987277205,0.964119307269614
2019,0.03751975148848209,0.0010728556909074638,0.9614073928206104
2020,0.040211838192563534,0.00126972247220009,0.9585184393352363
2021,0.0430509126463795,0.0014950800634619477,0.9554540072901585
2022,0.046031601390510504,0.0017514525058538902,0.9522169461036356
2023,0.04914734754707657,0.0020414418146703435,0.9488112106382531
2024,0.05239061360310349,0.002367722447726836,0.9452416639491696
2025,0.05575309005291982,0.002733035348701163,0.941513874598379
2026,0.059225906436755425,0.0031401815917976696,0.937633911971447
2027,0.06279983945517889,0.003592015456408555,0.9336081450884126
2028,0.06646551379798576,0.004091436929587177,0.929443049272427
2029,0.07021359158715543,0.004641383530239919,0.9251450248826046
2030,0.07403494860965537,0.005244821291087889,0.9207202300992566
2031,0.07792083300881579,0.005904734998122388,0.9161744319930618
2032,0.08186300594432556,0.006624117196413753,0.9115128768592606
2033,0.08585386125729834,0.007405956399619525,0.9067401823430821
2034,0.08988652488476145,0.008253223835815898,0.9018602512794227
2035,0.09395493172794211,0.00916885934248646,0.8968762089295715
2036,0.09805388097048517,0.01015575556446544,0.8917903634650494
2037,0.10217906940817534,0.011216741349442167,0.8866041892423825
2038,0.10632710316614583,0.012354563576501323,0.8813183332573529
2039,0.11049548900077165,0.013571868155533495,0.8759326428436948
2040,0.11468260549160389,0.014871179829426488,0.8704462146789695
2041,0.1188876558211807,0.016254881235877934,0.8648574629429414
2042,0.12311060277162705,0.017725191569326858,0.8591642056590462
2043,0.12735208779106605,0.019284144803251923,0.8533637674056821
2044,0.13161333619723545,0.020933568109258126,0.8474530956935064
2045,0.13589604878914563,0.022675060899378697,0.8414288903114756
2046,0.1402022840017383,0.02450997476561835,0.8352877412326435
2047,0.14453433064196422,0.026439394816781085,0.8290262745412547
2048,0.14889457449774232,0.028464123241208037,0.8226413022610496
2049,0.15328536127186265,0.03058466529687326,0.816129973431264
2050,0.157708858153885,0.03280121838393328,0.8094899234621818
2051,0.16216691580877143,0.035113664597616966,0.8027194195936117
2052,0.16666093513216929,0.03752156760116632,0.7958174972666645
2053,0.1711917401762841,0.040024173608991624,0.7887840862147243
2054,0.17575945985891797,0.04262041742152598,0.781620122719556
2055,0.18036342200058164,0.0453089330255521,0.7743276449738663
2056,0.18500206073351655,0.048088069665822894,0.7669098696006605
2057,0.18967284061009682,0.05095591283804182,0.7593712465518614
2058,0.19437219882420215,0.05391030960576526,0.7517174915700326
2059,0.19909550703262757,0.05694889890406214,0.7439555940633104
2060,0.203837053852804,0.06006914568563777,0.7360938004615583
2061,0.2085900493693347,0.06326837806278954,0.7281415725678757
2062,0.21334665193762986,0.06654382708411821,0.7201095209782519
2063,0.2180980158958949,0.06989266846227887,0.7120093156418263
2064,0.22283436257661596,0.07331206420597204,0.7038535732174122
2065,0.2275450702594233,0.07679920426877296,0.6956557254718039
2066,0.23221878622904496,0.08035134613669463,0.6874298676342604
2067,0.2368435544344176,0.08396585189971521,0.6791905936658671
2068,0.24140696320289295,0.0876402208700644,0.6709528159270427
2069,0.24589630692859188,0.09137211687839049,0.6627315761930177
2070,0.25029876275283186,0.0951593891561981,0.6545418480909699
2071,0.2546015807360312,0.09900008538475184,0.6463983338792169
2072,0.2587922857432026,0.10289245545552839,0.638315258801269
2073,0.26285889261588435,0.10683494555739083,0.6303061618267248
2074,0.26679013157174647,0.11082618028011913,0.6223836881481344
2075,0.2705756872129338,0.11486493258149386,0.6145593802055723
2076,0.2742064502636978,0.11895007925489445,0.6068434704814079
2077,0.2776747835232794,0.1230805421745675,0.5992446743021531
2078,0.2809748049880049,0.12725521165899753,0.5917699833529976
2079,0.28410268969060604,0.13147285262820352,0.5844244576811904
2080,0.28705699302408716,0.135731990854682,0.5772110161212307
2081,0.2898389983611899,0.14003077733108862,0.5701302243077214
2082,0.29245309200780023,0.1443668305630671,0.5631800774291326
2083,0.29490716726881433,0.1487370528859563,0.5563557798452292
2084,0.29721305941408,0.15313742164497987,0.5496495189409402
2085,0.29938701146482555,0.15756275197914862,0.5430502365560258
2086,0.30145016944971187,0.16200643225468542,0.5365433982956027
2087,0.3034291009025278,0.1664601312460214,0.5301107678514508
2088,0.3053563304725035,0.17091347856704703,0.5237301909604496
2089,0.3072708759215682,0.17535372332627858,0.5173754007521533
2090,0.3092187666627686,0.17976537448121024,0.5110158588560212
2091,0.311253517642207,0.18412983372955008,0.5046166486282431
2092,0.31343651873220124,0.18842503368862723,0.49813844757917164
2093,0.3158372974724808,0.19262509909011724,0.49153760343740205
2094,0.31853359251271823,0.19670005527552362,0.48476635221175823
2095,0.3216111741584485,0.20061561326471938,0.47777321257683214
2096,0.3251633318223332,0.2043330687081885,0.47050359946947834
2097,0.32928994720951343,0.20780935599620778,0.46290069679427887
2098,0.33409607032383154,0.21099730377862097,0.45490662589754743
2099,0.3396899257819803,0.21384613900239943,0.4464639352156202
