year,Model Uncertainty,Scenario Uncertainty,Inter-Annual Variability
1980,0.1689775434846076,0.0009740245981796963,0.8300484319172127
1981,0.135355828068832,0.000569920212365273,0.8640742517188027
1982,0.10589832391270629,0.00029071128011406495,0.8938109648071797
1983,0.08071892472134812,0.00011775271340223465,0.9191633225652497
1984,0.05974907746883714,3.06333509374281e-05,0.9402202891802254
1985,0.042768459531931084,8.772779221578164e-06,0.9572227676888474
1986,0.029443406317915612,3.274946491529319e-05,0.9705238442171692
1987,0.01936690921204472,8.526521992437883e-05,0.9805478255680309
1988,0.012095389840693277,0.00015172883000455042,0.9877528813293023
1989,0.007179279924743512,0.00022049975724908286,0.9926002203180074
1990,0.004186177647459966,0.0002828643326864825,0.9955309580198536
1991,0.002716667474522048,0.0003328264266607138,0.9969505060988172
1992,0.002413724029086966,0.0003667878665312438,0.9972194881043818
1993,0.0029669968144376033,0.00038317887268105803,0.9966498243128814
1994,0.004113333488230375,0.00038208234013785945,0.9955045841716318
1995,0.0056347622698193715,0.0003648796407585993,0.994000358089422
1996,0.0073549271655525255,0.00033393301185954727,0.992311139822588
1997,0.0091347272142452,0.00029231085636218,0.9905729619293926
1998,0.01086768737139166,0.00024355614976772974,0.9888887564788406
1999,0.01247540472041424,0.00019149458015879213,0.987333100699427
2000,0.013903277356898334,0.0001400777489983633,0.9859566448941034
2001,0.015116620803563343,9.325604396507129e-05,0.9847901231524716
2002,0.01609720989439754,5.487608106337632e-05,0.9838479140245392
2003,0.0168402437533726,2.8598429656084812e-05,0.9831311578169712
2004,0.017351705203972338,1.7831890452729533e-05,0.9826304629055749
2005,0.017646073023887453,2.568156049866024e-05,0.9823282454156139
2006,0.017744346201454514,5.490859753069693e-05,0.9822007452010147
2007,0.01767233461308975,0.00010790024799371941,0.9822197651389165
2008,0.017459180993090087,0.00018664915715342043,0.9823541698497565
2009,0.017136078644868803,0.0002927414051310763,0.9825711799500001
2010,0.016735161618072366,0.00042735299757881506,0.9828374853843488
2011,0.01628854359901037,0.0005912544088386831,0.9831202019921509
2012,0.01582749116392318,0.0007848233700292179,0.9833876854660476
2013,0.015381720412115503,0.0010080653414711596,0.9836102142464133
2014,0.014978807513489427,0.0012606415205639928,0.9837605509659466
2015,0.014643707255133339,0.0015419041987996302,0.9838143885460671
2016,0.014398377354411619,0.0018509381823966686,0.9837506844631917
2017,0.014261500161122726,0.00218660829933621,0.983551891539541
2018,0.014248302743711373,0.002547611513667413,0.9832040857426212
2019,0.014370467290238874,0.002932532660895136,0.982697000048866
2020,0.014636127909126577,0.003339902699183443,0.98202396939169
2021,0.01504994668637747,0.003768258422566138,0.9811817948910564
2022,0.015613262473695483,0.004216201831354703,0.9801705356949497
2023,0.016324301986034094,0.004682458589131728,0.9789932394248342
2024,0.017178445244790126,0.005165934307421666,0.9776556204477883
2025,0.01816853480180042,0.0056657670137764005,0.9761656981844231
2026,0.019285218068484676,0.006181375920223561,0.9745334060112918
2027,0.020517313716073942,0.006712505266258667,0.9727701810176674
2028,0.021852190776001302,0.007259262314504564,0.9708885469094941
2029,0.023276152916699558,0.007822150015448242,0.9689016970678521
2030,0.024774817967956955,0.008402093273219094,0.966823088758824
2031,0.02633348785735605,0.009000459097849996,0.964666053044794
2032,0.027937500136173424,0.009619070641377259,0.9624434292224494
2033,0.029572557186826134,0.010260214673828963,0.9601672281393449
2034,0.03122503115450312,0.010926643445501148,0.9578483253999958
2035,0.03288223791777192,0.011621570494501233,0.9554961915877269
2036,0.0345326814279087,0.01234866016667276,0.9531186584054185
2037,0.03616626558857176,0.013112011961552308,0.950721722449876
2038,0.03777447338046106,0.013916139395628425,0.9483093872239104
2039,0.03935051380349536,0.01476594264344454,0.9458835435530601
2040,0.040889435724377594,0.01566667633987152,0.9434438879357508
2041,0.04238820893091454,0.016623911543881265,0.9409878795252041
2042,0.0438457750123823,0.017643492811598497,0.9385107321760191
2043,0.045263065890686696,0.0187314892166111,0.9360054448927022
2044,0.046642992235183874,0.019894140792414774,0.9334628669724013
2045,0.04799040184589933,0.02113779923791494,0.9308717989161858
2046,0.04931200857709733,0.02246886506516885,0.9282191263577338
2047,0.05061629158709705,0.02389371801367843,0.9254899903992245
2048,0.05191336788866476,0.02541864703420804,0.9226679850771272
2049,0.053214836091573035,0.027049773873134512,0.9197353900352924
2050,0.05453359548507364,0.02879297676758833,0.916673427747338
2051,0.055883639293704074,0.03065381258496376,0.9134625481213322
2052,0.05727982841971582,0.03263743929939116,0.910082732280893
2053,0.05873764375932536,0.03474854100011847,0.9065138152405561
2054,0.06027292541527859,0.03699125674706658,0.9027358178376548
2055,0.061901599450600524,0.03936911443774724,0.8987292861116523
2056,0.06363940177644481,0.041884974213305434,0.8944756240102497
2057,0.06550159930420812,0.04454098006525172,0.8899574206305403
2058,0.06750272229634888,0.04733852371638066,0.8851587539872705
2059,0.06965630939395262,0.05027822162133898,0.8800654689847084
2060,0.07197467589074828,0.05335990723408545,0.8746654168751663
2061,0.07446871114558397,0.05658263783953501,0.868948651014881
2062,0.07714771579957676,0.05994471889015213,0.8629075653102711
2063,0.0800192815930386,0.06344374322759633,0.8565369751793651
2064,0.08308922256128236,0.06707664621818367,0.8498341312205341
2065,0.08636156396439737,0.07083977520087442,0.8427986608347282
2066,0.08983858901414768,0.07472897073000818,0.8354324402558442
2067,0.0935209501251541,0.07873965618279653,0.8277393936920493
2068,0.09740784241775384,0.08286693656807012,0.819725221014176
2069,0.10149724097556988,0.08710569594644797,0.8113970630779822
2070,0.10578619790784223,0.09145069702112191,0.8027631050710358
2071,0.11027119597696297,0.09589667181261406,0.7938321322104229
2072,0.11494855435448768,0.10043840439268592,0.7846130412528265
2073,0.11981487747597885,0.10507079660184075,0.7751143259221804
2074,0.12486754077763212,0.10978891532368684,0.765343543898681
2075,0.13010520518612848,0.11458801562682921,0.7553067791870424
2076,0.1355283459749044,0.11946353485423154,0.745008119170864
2077,0.1411397881374178,0.12441105505469885,0.7344491568078835
2078,0.14694523326151343,0.12942623175065093,0.7236285349878357
2079,0.15295376276870853,0.1345046811862098,0.7125415560450816
2080,0.1591782995381858,0.13964183131841468,0.7011798691433995
2081,0.16563600859862945,0.1448327294631858,0.6895312619381848
2082,0.17234861358204837,0.15007181058896057,0.6775795758289911
2083,0.17934259966978344,0.15535262808498523,0.6653047722452313
2084,0.18664927656659877,0.16066755115957193,0.6526831722738293
2085,0.19430466331755,0.16600743549230892,0.6396879011901411
2086,0.2023491631669124,0.17136128026272046,0.6262895565703671
2087,0.21082698737698485,0.17671588479270392,0.6124571278303113
2088,0.2197852993295405,0.18205552449432622,0.5981591761761333
2089,0.22927304605486742,0.18736167008955207,0.5833652838555805
2090,0.23933946246292725,0.19261277944931393,0.5680477580877589
2091,0.25003225227170545,0.1977841904068021,0.5521835573214925
2092,0.2613954655367098,0.20284815083484592,0.5357563836284444
2093,0.2734671332937545,0.20777401442718613,0.5187588522790593
2094,0.28627674684606197,0.21252862979086298,0.5011946233630749
2095,0.299842708959394,0.2170769388716624,0.4830803521689436
2096,0.3141699189100535,0.22138278726783173,0.46444729382211464
2097,0.3292476710149621,0.2254099309129875,0.44534239807205045
2098,0.34504806728447035,0.2291232006038597,0.42582873211166994
2099,0.36152512113580515,0.23248977174251154,0.4059851071216833
