year,Model Uncertainty,Scenario Uncertainty,Inter-Annual Variability
1980,0.17177837438921062,0.0006546936615021607,0.8275669319492872
1981,0.1369996596125821,0.00045776772079254564,0.8625425726666254
1982,0.10695555515918487,0.0003010626994599873,0.8927433821413552
1983,0.08169318014979224,0.00018286957932129737,0.9181239502708863
1984,0.06104219094344814,9.99383767903177e-05,0.9388578706797616
1985,0.04466195294246212,4.7946276890709937e-05,0.9552901007806471
1986,0.03209574046274754,2.1975712306826348e-05,0.9678822838249457
1987,0.02282336526885635,1.693926526326275e-05,0.9771596954658803
1988,0.016306356005512335,2.7915099482985556e-05,0.9836657288950046
1989,0.012022783998523811,5.038148891167767e-05,0.9879268345125646
1990,0.009491274747109833,8.035722261580035e-05,0.9904283680302743
1991,0.008285345438484621,0.00011446479338826578,0.9916001897681271
1992,0.008039997449336466,0.00014993674961425924,0.9918100658010492
1993,0.008452664421737347,0.00018458443357019963,0.9913627511446925
1994,0.009280419622134634,0.00021674510013713837,0.9905028352777282
1995,0.010334975960365289,0.00024521924625273047,0.989419804793382
1996,0.011476609708318907,0.00026920610139477644,0.9882541841902864
1997,0.012607775605020603,0.00028824235230549844,0.9871039820426739
1998,0.013666888554508528,0.00030214641385117657,0.9860309650316403
1999,0.014622534165008397,0.0003109695167424253,0.9850664963182492
2000,0.015468221945772664,0.00031495329974000916,0.9842168247544872
2001,0.016217701445851062,0.00031449349099681336,0.983467805063152
2002,0.016900807814266054,0.0003101086651169447,0.982789083520617
2003,0.01755977723540505,0.0003024131897565624,0.9821378095748384
2004,0.0182459654334832,0.00029209338964310494,0.9814619411768737
2005,0.01901690765337803,0.0002798862297870593,0.9807032061168349
2006,0.019933667836282972,0.0002665598195213443,0.9797997723441957
2007,0.021058440318365197,0.00025289529857055413,0.9786886643830642
2008,0.02245238236278106,0.0002396699173941616,0.9773079477198248
2009,0.024173668453296954,0.00022764107416115587,0.9755986904725419
2010,0.02627576959744246,0.000217531477905898,0.9735066989246516
2011,0.028805969125695587,0.0002100154392897039,0.9709840154350148
2012,0.031804130198217984,0.00020570659328574548,0.9679901632084962
2013,0.035301732512849376,0.00020514724477382302,0.9644931202423768
2014,0.039321190898908565,0.00020879967665826874,0.9604700094244332
2015,0.04387546356026077,0.00021703949260756266,0.9559074969471317
2016,0.04896795195063594,0.00023015135052831677,0.9508018966988357
2017,0.05459267771283201,0.00024832698233077504,0.9451589953048372
2018,0.06073472007405926,0.00027166563597199526,0.9389936142899687
2019,0.06737088360265613,0.00030017674863073307,0.9323289396487131
2020,0.07447055736111775,0.0003337846687165913,0.9251956579701657
2021,0.08199672320652815,0.00037233519769627955,0.9176309415957756
2022,0.0899070675975087,0.00041560350459838647,0.9096773288978929
2023,0.09815514883674664,0.000463303227544803,0.9013815479357085
2024,0.10669157648642101,0.0005150961206169159,0.892793327392962
2025,0.1154651624192413,0.0005706021196035711,0.8839642354611551
2026,0.12442400878447926,0.000629409326177639,0.874946581889343
2027,0.13351650516803457,0.000691083677369961,0.8657924111545955
2028,0.14269221648621305,0.0007551780098977913,0.8565526055038892
2029,0.151902649134812,0.0008212403315921544,0.8472761105335959
2030,0.16110188714844473,0.0008888212487658337,0.8380092916027895
2031,0.17024710122908696,0.0009574803870067783,0.8287954183839062
2032,0.17929893458900348,0.0010267918125593347,0.8196742735984371
2033,0.18822177460856115,0.0010963484628207173,0.8106818769286182
2034,0.1969839205181209,0.0011657656617768955,0.8018503138201022
2035,0.20555766258340805,0.0012346838912779532,0.7932076535253141
2036,0.21391928241528535,0.0013027706399143088,0.7847779469448004
2037,0.22204899175075055,0.001369721754756219,0.7765812864944933
2038,0.22993081939713675,0.0014352621995281608,0.768633918403335
2039,0.23755245865244787,0.0014991464321358755,0.7609483949154163
2040,0.2449050871550547,0.0015611583977955413,0.7535337544471497
2041,0.25198316564430867,0.0016211113517746528,0.7463957230039167
2042,0.2587842237185611,0.0016788475425143017,0.7395369287389246
2043,0.26530863883661443,0.0017342377423818355,0.7329571234210036
2044,0.2715594121272601,0.0017871808777388894,0.726653406995001
2045,0.2775419441009211,0.0018376035863060635,0.7206204523127728
2046,0.2832638146111308,0.0018854599798578335,0.7148507254090113
2047,0.2887345643545935,0.0019307313517924062,0.709334704293614
2048,0.29396548027214686,0.001973426145383205,0.7040610935824698
2049,0.2989693863536925,0.0020135800298059486,0.6990170336165016
2050,0.3037604366588473,0.0020512559983452247,0.6941883073428076
2051,0.30835391095268616,0.002086544848588454,0.6895595441987253
2052,0.3127660117046698,0.0021195655257717798,0.6851144227695585
2053,0.31701366262210673,0.002150465705714725,0.6808358716721784
2054,0.32111430795950086,0.002179422513751027,0.6767062695267482
2055,0.3250857099610964,0.0022066432134958958,0.6727076468254076
2056,0.3289457490079931,0.0022323660101860997,0.6688218849818208
2057,0.3327122237502975,0.002256860868033327,0.665030915381669
2058,0.3364026524659826,0.0022804303855143136,0.6613169171485032
2059,0.3400340807130372,0.0023034105644347915,0.657662508722528
2060,0.3436228920907902,0.002326171589152992,0.6540509363200567
2061,0.3471846314002451,0.0023491186408206126,0.6504662499589343
2062,0.35073383784155965,0.0023726925812172796,0.646893469577223
2063,0.35428389663140675,0.0023973706299024356,0.6433187327386908
2064,0.357846909262109,0.002423667024468758,0.6397294237134223
2065,0.3614335896463169,0.0024521336069253602,0.6361142767467577
2066,0.36505318951816024,0.0024833605829290037,0.6324634498989107
2067,0.36871345555208956,0.002517977046639974,0.6287685674012705
2068,0.3724206254817826,0.002556651908573682,0.6250227226096436
2069,0.37617946272397035,0.0026000946202729153,0.6212204426557567
2070,0.3799933356271178,0.0026490563388099704,0.6173576080340722
2071,0.38386434194476465,0.002704330925487081,0.6134313271297482
2072,0.38779348010958375,0.0027667564624143473,0.6094397634280019
2073,0.39178086866789136,0.0028372167046241265,0.6053819146274846
2074,0.39582601324095473,0.002916642738721754,0.6012573440203236
2075,0.3999281219579704,0.0030060147671367513,0.5970658632748927
2076,0.40408646575000323,0.003106363724144276,0.5928071705258525
2077,0.4083007846515541,0.003218772744724454,0.5884804426037215
2078,0.41257173362041893,0.003344378248507066,0.584083888131074
2079,0.4169013695233536,0.0034843700252347783,0.5796142604514116
2080,0.4212936716884983,0.0036399902381475174,0.5750663380733542
2081,0.4257550913514345,0.0038125306451006684,0.5704323780034648
2082,0.4302951247065487,0.004003327467383977,0.5657015478260673
2083,0.4349268988924888,0.004213752791682091,0.5608593483158291
2084,0.43966776002988167,0.004445201972261434,0.5558870379978569
2085,0.44453984429663007,0.004699075705173155,0.5507610799981967
2086,0.4495706135414525,0.004976755477833817,0.5454526309807136
2087,0.45479332276914636,0.005279571220485874,0.5399271060103676
2088,0.46024738498561285,0.005608759760901756,0.5341438552534854
2089,0.4659785830898808,0.005965412705802442,0.5280560042043168
2090,0.47203907405793,0.006350413016017148,0.521610512926053
2091,0.47848711582294245,0.006764359613527175,0.5147485245635305
2092,0.4853864406286431,0.0072074802656423515,0.5074060791057147
2093,0.49280519720669597,0.007679534361673279,0.4995152684316308
2094,0.5008143819621206,0.008179708455411758,0.4910059095824678
2095,0.5094857006999423,0.008706509643733972,0.48180778965632365
2096,0.5188888245608209,0.009257663782562446,0.4718535116566166
2097,0.5290880571663737,0.009830027882041983,0.4610819149515843
2098,0.5401384877700615,0.010419528596713188,0.44944198363322535
2099,0.5520817948001121,0.011021138867381115,0.4368970663325068
