year,Model Uncertainty,Scenario Uncertainty,Inter-Annual Variability
1980,0.07777297367232619,0.00024208030648264041,0.9219849460211912
1981,0.06017788693138142,0.00016461770821430603,0.9396574953604043
1982,0.045594307333520316,0.00010531019279223249,0.9543003824736874
1983,0.033764489424832345,6.191375349225969e-05,0.9661735968216754
1984,0.02439565250880988,3.2106948874042755e-05,0.9755722405423161
1985,0.017179255614865625,1.3606056230960341e-05,0.9828071383289034
1986,0.01180687034425116,4.252040950938765e-06,0.9881888776147979
1987,0.007982308080011356,2.069979047565606e-06,0.9920156219409411
1988,0.005430133887349485,5.304099665924552e-06,0.9945645620129846
1989,0.0039009987938482234,1.2432943391198762e-05,0.9960865682627605
1990,0.0031743671580796214,2.2169415953190264e-05,0.9968034634259672
1991,0.0030592439974668774,3.345024275367587e-05,0.9969073057597794
1992,0.0033934631000298475,4.541862824014569e-05,0.99656111827173
1993,0.004042013441151292,5.740313928325912e-05,0.9959005834195654
1994,0.004894784921324139,6.889507422074634e-05,0.9950363200044552
1995,0.00586402086740385,7.952586508464562e-05,0.9940564532675116
1996,0.0068816824454729485,8.904554068579254e-05,0.9930292720138413
1997,0.007896863481329047,9.73028338016023e-05,0.9920058336848693
1998,0.008873341905549706,0.00010422723004685517,0.9910224308644034
1999,0.009787316123152976,0.00010981302672589405,0.990102870850121
2000,0.010625347919477241,0.00011410538388971669,0.989260546696633
2001,0.011382515773374492,0.00011718819876469397,0.9885002960278608
2002,0.012060771265970271,0.00011917366742068372,0.9878200550666091
2003,0.012667485099551679,0.00012019337241595001,0.9872123215280324
2004,0.013214167174346142,0.00012039066915993232,0.9866654421564939
2005,0.01371534358777446,0.00011991429312911922,0.9861647421190964
2006,0.01418757524149214,0.0001189129707633484,0.9856935117877444
2007,0.014648603746914084,0.00011753098399860319,0.9852338652690873
2008,0.015116612581494009,0.00011590453972334587,0.9847674828787827
2009,0.015609592884377452,0.00011415887767367557,0.9842762482379489
2010,0.016144805685724663,0.00011240605583284432,0.9837427882584425
2011,0.016738333102148874,0.00011074333022335092,0.9831509235676278
2012,0.017404712698462894,0.00010925210753532448,0.9824860351940017
2013,0.01815664957942742,0.00010799737924366637,0.981735353041329
2014,0.019004801642512156,0.0001070276284328834,0.980888170729055
2015,0.01995763300436777,0.00010637515280113391,0.9799359918428311
2016,0.02102133117656372,0.00010605674432242066,0.9788726120791138
2017,0.022199782788494982,0.00010607469629037722,0.9776941425152147
2018,0.02349460282156534,0.00010641808518659252,0.9763989790932481
2019,0.02490521169154459,0.00010706426378803597,0.9749877240446674
2020,0.026428954057678596,0.00010798054759246374,0.9734630653947289
2021,0.028061253546318436,0.00010912600270409244,0.9718296204509774
2022,0.029795796635027766,0.00011045334684910697,0.970093750018123
2023,0.03162473979944157,0.00011191081809297828,0.9682633493824655
2024,0.033538933202761356,0.00011344411321266024,0.966347622684026
2025,0.035528155197689204,0.0001149982116265717,0.9643568465906842
2026,0.03758135190134543,0.00011651914027566814,0.9623021289583789
2027,0.03968687696712315,0.00011795561942568418,0.9601951674134512
2028,0.04183272603565949,0.00011926057352065071,0.9580480133908199
2029,0.04400676309018914,0.00012039246693027531,0.9558728444428807
2030,0.0461969340503657,0.00012131647980904078,0.9536817494698252
2031,0.048391466062698466,0.00012200547831474822,0.9514865284589868
2032,0.05057904898368629,0.0001224408253451835,0.9492985101909684
2033,0.052748998559217844,0.00012261294408502549,0.9471283884966972
2034,0.05489139985568459,0.0001225217345050371,0.9449860784098103
2035,0.056997229856342126,0.0001221767633670395,0.9428805933802908
2036,0.05905845982069162,0.00012159727353392711,0.9408199429057744
2037,0.061068136507520104,0.00012081201298883338,0.9388110514794911
2038,0.06302044351077829,0.00011985888245934222,0.9368596976067624
2039,0.06491074241999817,0.00011878442907424317,0.9349704731509276
2040,0.06673559461340936,0.00011764314487104418,0.9331467622417196
2041,0.0684927648262921,0.00011649666731974538,0.9313907385063882
2042,0.07018120648362432,0.00011541281554165386,0.9297033807008339
2043,0.07180102973590925,0.0001144644952277706,0.9280845057688629
2044,0.0733534538424011,0.00011372851280554678,0.9265328176447933
2045,0.07484074325075821,0.00011328428473358601,0.9250459724645081
2046,0.07626612925232125,0.00011321247250737868,0.9236206582751714
2047,0.07763371729732334,0.00011359356581898324,0.9222526891368578
2048,0.07894838218973133,0.0001145064012942421,0.9209371114089744
2049,0.08021565022482338,0.00011602671886574309,0.919668323056311
2050,0.08144157123184856,0.00011822569282992368,0.9184402030753216
2051,0.08263258096509327,0.00012116854231937416,0.9172462504925873
2052,0.08379535529548576,0.000124913200682136,0.916079731503832
2053,0.08493665859665528,0.00012950914136988375,0.9149338322619748
2054,0.08606318775952566,0.00013499633589266678,0.9138018159045816
2055,0.0871814141006507,0.0001414044620983157,0.912677181437251
2056,0.08829742625229754,0.0001487523305407477,0.9115538214171617
2057,0.08941677686330612,0.00015704765902065513,0.9104261754776732
2058,0.09054433494013518,0.00016628719608648748,0.9092893778637783
2059,0.09168414903565705,0.00017645724231912108,0.9081393937220238
2060,0.09283932336668542,0.0001875347017746644,0.9069731419315399
2061,0.09401191098165192,0.00019948858593010952,0.9057886004324179
2062,0.09520282784727542,0.00021228214664507447,0.9045848900060796
2063,0.09641179126418409,0.00022587563171583397,0.9033623331041002
2064,0.09763728689862669,0.00024022972615683508,0.9021224833752164
2065,0.098876567349063,0.00025530974182939186,0.9008681229091076
2066,0.10012568722762812,0.00027109058036988673,0.899603222192002
2067,0.10137957697517824,0.0002875625613551045,0.8983328604634666
2068,0.10263216040387126,0.00030473815544259243,0.8970631014406861
2069,0.10387651827443001,0.00032265967577882633,0.8958008220497912
2070,0.1051051029051953,0.00034140796896314356,0.8945534891258415
2071,0.10631000703933785,0.0003611122559057936,0.8933288807047564
2072,0.10748329098176916,0.0003819610721582668,0.8921347479460726
2073,0.10861737339959628,0.0004042144633675489,0.8909784121370361
2074,0.10970549048150191,0.0004282175408341705,0.8898662919776639
2075,0.11074222892061977,0.0004544153262203525,0.8888033557531598
2076,0.11172413983864413,0.00048336914121064034,0.8877924910201452
2077,0.11265043986648372,0.0005157743870649848,0.8868337857464513
2078,0.11352380732902721,0.0005524798465246885,0.885923712824448
2079,0.11435127991893455,0.0005945083647942131,0.8850542117162713
2080,0.11514526135369507,0.0006430787564395225,0.8842116598898654
2081,0.11592464035839907,0.000699628580914594,0.8833757310606863
2082,0.11671602387221948,0.000765837347641123,0.8825181387801395
2083,0.11755507885792953,0.0008436492624960849,0.8816012718795744
2084,0.11848796938342646,0.0009352943744555723,0.880576736242118
2085,0.11957286236337736,0.0010433065792445437,0.879383831057378
2086,0.12088145647801221,0.001170536168265232,0.8779480073537226
2087,0.12250046745113095,0.0013201541719350383,0.876179378376934
2088,0.124532968581668,0.0014956448629097707,0.8739713865554222
2089,0.12709945321648797,0.0017007819716180143,0.8711997648118941
2090,0.13033843808937462,0.001939583519369995,0.8677219783912553
2091,0.13440638647925454,0.0022162396173038587,0.8633773739034416
2092,0.13947668184671702,0.002535007595680324,0.8579883105576027
2093,0.1457373583548357,0.002900069001812773,0.8513625726433516
2094,0.1533872819874905,0.0033153453666257674,0.8432973726458838
2095,0.16263051352643856,0.0037842719076126717,0.8335852145659488
2096,0.17366867412472606,0.004309533492909564,0.8220217923823644
2097,0.18669129711560942,0.004892773194900049,0.8084159296894906
2098,0.201864395432913,0.005534291472905039,0.792601313094182
2099,0.21931778507910943,0.006232761832738079,0.7744494530881525
