year,Model Uncertainty,Scenario Uncertainty,Inter-Annual Variability
1980,0.15609676541799597,0.0032038580719180496,0.8406993765100861
1981,0.13026420280287293,0.001961836659330251,0.8677739605377969
1982,0.10733635058738425,0.0010801036051588954,0.8915835458074569
1983,0.08731062213537204,0.0005037220889945701,0.9121856557756335
1984,0.07009903566859561,0.00017587971488581202,0.9297250846165186
1985,0.05554666989151151,4.112237958863069e-05,0.9444122077288998
1986,0.04345105974243474,4.788551144011274e-05,0.9565010547461252
1987,0.03358057309826786,0.00015025906225987344,0.9662691678394723
1988,0.025690451702630693,0.0003090260475703426,0.9740005222497989
1989,0.019535833466676433,0.0004920806139143129,0.9799720859194092
1990,0.01488158530853098,0.0006743621416073463,0.9844440525498616
1991,0.011509138566786007,0.0008374447674613458,0.9876534166657527
1992,0.009220730255616628,0.0009689073537000227,0.9898103623906833
1993,0.007841542575173716,0.001061585203344221,0.991096872221482
1994,0.007220238022255163,0.001112779738304539,0.9916669822394403
1995,0.007228338522687784,0.0011234783911321727,0.9916481830861801
1996,0.007758827302088433,0.00109761804395107,0.9911435546539605
1997,0.008724270940115941,0.0010414099754905432,0.9902343190843936
1998,0.010054688644809795,0.000962734526158969,0.9889825768290311
1999,0.011695329549083776,0.0008706060365280777,0.9874340644143881
2000,0.01360447167163611,0.0007747056312722723,0.9856208226970916
2001,0.015751314747589357,0.0006849767115154443,0.9835637085408953
2002,0.01811401182634922,0.0006112777640095028,0.9812747104096412
2003,0.020677865673245095,0.0005630874863389469,0.9787590468404159
2004,0.02343370049622541,0.000549257544882805,0.9760170419588918
2005,0.02637641330357706,0.0005778095462153029,0.9730457771502077
2006,0.029503703058511997,0.0006557728862794362,0.9698405240552086
2007,0.0328149712903971,0.0007890617497767556,0.9663959669598261
2008,0.036310388279475116,0.000982388850265709,0.9627072228702591
2009,0.03999011694008478,0.0012392146553265977,0.9587706684045887
2010,0.0438536856188277,0.0015617298655438477,0.9545845845156284
2011,0.047899498745907536,0.00195086969973027,0.9501496315543623
2012,0.05212447875628241,0.002406357437307414,0.9454691638064101
2013,0.056523824342462614,0.0029267743978125963,0.9405494012597249
2014,0.06109087660199769,0.0035096536366582463,0.935399469761344
2015,0.06581707888351639,0.004151593657796321,0.9300313274586873
2016,0.07069201894015029,0.004848388455645324,0.9244595926042043
2017,0.0757035380250334,0.005595169899405721,0.918701292075561
2018,0.08083789674765095,0.006386558749050167,0.9127755445032989
2019,0.08607998199514068,0.007216820188320337,0.906703197816539
2020,0.09141354396610742,0.008080020505766856,0.9005064355281258
2021,0.0968214515821522,0.008970181242996611,0.8942083671748512
2022,0.10228595500845111,0.009881428827083226,0.8878326161644656
2023,0.10778894756316214,0.010808136101141013,0.8814029163356969
2024,0.11331221801526332,0.011745055508296656,0.87494272647644
2025,0.11883768717264744,0.012687440756062016,0.8684748720712905
2026,0.12434762524585267,0.013631158155233181,0.8620212165989141
2027,0.12982484451171616,0.0145727857897646,0.8556023696985193
2028,0.13525286684846705,0.015509701325488484,0.8492374318260445
2029,0.14061606397982296,0.01644015851352368,0.8429437775066535
2030,0.14589977197212908,0.017363353380385693,0.8367368746474853
2031,0.1510903782938712,0.018279480420958283,0.8306301412851705
2032,0.15617538574224007,0.01918977936560219,0.8246348348921578
2033,0.16114345225358043,0.020096575240920216,0.8187599725054994
2034,0.16598441085791618,0.02100330917580348,0.8130122799662802
2035,0.17068927041078508,0.02191456415467111,0.8073961654345438
2036,0.17525020102464922,0.022836083954986094,0.8019137150203647
2037,0.17966050391180816,0.0237747864862196,0.7965647096019722
2038,0.18391457078930545,0.02473877150338484,0.7913466577073098
2039,0.18800783267526494,0.025737323252435725,0.7862548440722993
2040,0.1919366992384632,0.026780906197643225,0.7812823945638936
2041,0.19569849347151705,0.02788115573176101,0.7764203507967219
2042,0.19929137887386195,0.029050860840188826,0.7716577602859493
2043,0.20271428312679457,0.030303939464195382,0.7669817774090101
2044,0.2059668181265194,0.031655405037453566,0.762377776836027
2045,0.20904919715023054,0.0331213231544299,0.7578294796953395
2046,0.21196215020245,0.034718757101714064,0.753319092695836
2047,0.2147068385334003,0.036465701642971984,0.7488274598236276
2048,0.21728476749508485,0.038381003576467065,0.7443342289284481
2049,0.2196977003125151,0.04048426805547639,0.7398180316320085
2050,0.2219475718048271,0.042795750777469915,0.735256677417703
2051,0.22403640532787078,0.0453362346510256,0.7306273600211036
2052,0.2259662297668476,0.04812689123791283,0.7259068789952396
2053,0.2277390027530928,0.051189127847267035,0.7210718693996402
2054,0.22935653722782828,0.054544420060608216,0.7160990427115634
2055,0.2308204354458681,0.05821413122142931,0.7109654333327027
2056,0.23213203034701646,0.06221932182780713,0.7056486478251764
2057,0.2332923378985615,0.06658054871439166,0.7001271133870468
2058,0.23430201997373024,0.07131765879116062,0.6943803212351093
2059,0.23516136188216608,0.07644957882758432,0.6883890592902496
2060,0.23587026664533803,0.08199410560750045,0.6821356277471615
2061,0.23642826425046604,0.08796769832176494,0.675604037427769
2062,0.2368345438531524,0.09438527792837575,0.6687801782184719
2063,0.23708800454335913,0.10126003523216655,0.6616519602244743
2064,0.23718733051649257,0.10860325106962664,0.6542094184138807
2065,0.23713108913622674,0.11642413001753792,0.6464447808462352
2066,0.23691785331859508,0.12472964953268448,0.6383524971487204
2067,0.2365463493830787,0.13352442388573518,0.6299292267311861
2068,0.23601562720493321,0.14281058351569892,0.621173789279368
2069,0.23532525631303994,0.15258766828697481,0.6120870753999853
2070,0.23447554222126832,0.1628525303694516,0.6026719274092801
2071,0.23346776283893986,0.17359924806680374,0.5929329890942564
2072,0.23230442280882505,0.18481904128785712,0.5828765359033179
2073,0.23098952163369998,0.19650018995859128,0.5725102884077088
2074,0.22952883074214092,0.20862794747337132,0.5618432217844879
2075,0.22793017667557136,0.22118444941946266,0.550885373904966
2076,0.22620372184322002,0.23414861106577564,0.5396476670910042
2077,0.22436223960171123,0.2474960143327836,0.5281417460655052
2078,0.22242137184158706,0.26119878489603376,0.5163798432623792
2079,0.2203998641950469,0.2752254593432446,0.5043746764617086
2080,0.21831976678367307,0.2895408484030901,0.492139384813237
2081,0.2162065901477635,0.30410590366164947,0.4796875061905871
2082,0.2140894047207347,0.3188775964349793,0.467032998844286
2083,0.21200087035547346,0.33380882254162353,0.4541903071029029
2084,0.2099771849368029,0.34884834831173583,0.44117446675146127
2085,0.20805793839495948,0.3639408133466647,0.42800124825837577
2086,0.20628585805988287,0.3790268138876446,0.41468732805247266
2087,0.20470643984392753,0.3940430803084633,0.4012504798476091
2088,0.20336745427323352,0.40892277263568494,0.3877097730910816
2089,0.2023183245616899,0.42359590984046774,0.37408576559784235
2090,0.20160937983683136,0.43798994508608124,0.36040067507708734
2091,0.20129099074085902,0.45203049499631137,0.34667851426282964
2092,0.20141260103851533,0.46564222611369954,0.33294517284778496
2093,0.20202167897358672,0.4787498868104906,0.3192284342159226
2094,0.2031626185277402,0.49127946860400457,0.30555791286825534
2095,0.20487562605168824,0.5031594698123313,0.2919649041359805
2096,0.2071956356034075,0.5143222210660949,0.2784821433304975
2097,0.2101512977343666,0.5247052294064345,0.26514347285919887
2098,0.2137640898222682,0.5342524845466975,0.2519834256310343
2099,0.21804759015987404,0.5429156744981957,0.2390367353419302
