year,Model Uncertainty,Scenario Uncertainty,Inter-Annual Variability
1980,0.12687725610365388,0.007817896338697946,0.8653048475576482
1981,0.09519383654141038,0.005321358233138674,0.8994848052254509
1982,0.06923677318629942,0.0033650183056827122,0.9273982085080178
1983,0.048774376216545644,0.0019199335391056793,0.9493056902443486
1984,0.03331620351506334,0.0009341130050698964,0.9657496834798668
1985,0.022205994419773712,0.0003413596891058925,0.9774526458911205
1986,0.014710228389587904,6.949897704944804e-05,0.9852202726333625
1987,0.010090599483756115,4.696581997911802e-05,0.9898624346962648
1988,0.0076557199611435815,0.00020738216188136716,0.9921368978769751
1989,0.006792683380195684,0.0004922388933047514,0.9927150777264995
1990,0.0069820820812732665,0.0008520548919531466,0.9921658630267736
1991,0.007801065932937624,0.0012464603639937206,0.9909524737030686
1992,0.008918751167202437,0.0016436129974921236,0.9894376358353055
1993,0.010087423625731002,0.0020192671910271077,0.9878933091832419
1994,0.011131979152281871,0.0023557189808907316,0.9865123018668275
1995,0.011939158673986285,0.002640765696154642,0.9854200756298591
1996,0.012447453500023629,0.002866756493003862,0.9846857900069725
1997,0.012638080945876415,0.0030297660237279143,0.9843321530303958
1998,0.0125271265447553,0.003128896363736545,0.9843439770915081
1999,0.012158775955858394,0.0031656976166736838,0.9846755264274678
2000,0.011599473472366907,0.00314368910483766,0.9852568374227955
2001,0.010932814938984884,0.0030679616221620976,0.9859992234388529
2002,0.010254989460447662,0.002944840693338873,0.9868001698462134
2003,0.009670614014652487,0.002781594063480463,0.987547791921867
2004,0.009288842497268773,0.0025861687143892338,0.988124988788342
2005,0.009219677601464098,0.0023669477168626087,0.9884133746816732
2006,0.009570455299185297,0.002132518321336552,0.9882970263794782
2007,0.010442516629643385,0.0018914495840691935,0.9876660337862874
2008,0.011928114357140642,0.0016520772888667028,0.9864198083539927
2009,0.014107629308162962,0.0014222998410788387,0.9844700708507582
2010,0.01704718350375426,0.001209389031905479,0.9817434274643403
2011,0.020796743397689835,0.0010198208357054745,0.9781834357666047
2012,0.02538879072010613,0.0008591328759580793,0.9737520764039357
2013,0.030837620314964787,0.0007318140073248542,0.9684305656777105
2014,0.0371392903780431,0.0006412304256694935,0.9622194791962874
2015,0.044272214590899826,0.0005895907895537206,0.9551381946195464
2016,0.05219835456278241,0.0005779511474489481,0.9472236942897686
2017,0.06086492140688786,0.0006062576371695938,0.9385288209559425
2018,0.07020648815825369,0.0006734230573659181,0.9291200887843803
2019,0.08014738405710062,0.0007774317656385627,0.9190751841772609
2020,0.09060423843010612,0.0009154658361990571,0.9084802957336948
2021,0.10148854581076096,0.0010840452409783927,0.8974274089482608
2022,0.11270914147526001,0.001279174428708467,0.8860116840960316
2023,0.12417448758300734,0.001496488581489549,0.874329023835503
2024,0.13579470025117626,0.0017313935883214117,0.8624739061605023
2025,0.14748327486003665,0.001979195273937069,0.8505375298660264
2026,0.15915847878218506,0.0022352141269853434,0.8386063070908295
2027,0.17074441835449225,0.002494884077634499,0.8267606975678733
2028,0.18217178932573377,0.0027538339119933405,0.8150743767622729
2029,0.1933783454897565,0.0030079524346265808,0.8036137020756169
2030,0.20430911308633692,0.0032534369161402728,0.7924374499975229
2031,0.2149164000470472,0.0034868279651066336,0.7815967719878462
2032,0.22515963556409135,0.00370503142728005,0.7711353330086287
2033,0.2350050847021865,0.0039053297319429927,0.7610895855658705
2034,0.2444254692878202,0.00408538525931905,0.7514891454528608
2035,0.25339953367703216,0.004243236353413543,0.7423572299695543
2036,0.2619115763836268,0.0043772889211004555,0.7337111346952728
2037,0.26995097441618665,0.004486304671444455,0.7255627209123688
2038,0.27751171407094166,0.004569386946894298,0.7179188989821641
2039,0.28459194345002886,0.004625965595054041,0.7107820909549171
2040,0.2911935540342533,0.0046557813867059775,0.7041506645790407
2041,0.29732179777694195,0.004658870807114129,0.698019331415944
2042,0.3029849423707586,0.004635551031607468,0.6923795065976339
2043,0.308193963595897,0.0045864059580214295,0.6872196304460816
2044,0.31296227481111527,0.00451227264773104,0.6825254525411538
2045,0.3173054899106792,0.0044142282109291085,0.6782802818783917
2046,0.3212412182439719,0.004293577808795179,0.6744652039472329
2047,0.32478888230301384,0.004151841368473908,0.6710592763285123
2048,0.32796955437315534,0.0039907410643201194,0.6680397045625245
2049,0.3308058099269067,0.0038121874098540447,0.6653820026632392
2050,0.3333215875620262,0.0036182640596114247,0.6630601483783625
2051,0.3355420511343226,0.003411210948272399,0.6610467379174049
2052,0.3374934464447573,0.0031934050610897546,0.6593131484941528
2053,0.3392029520168776,0.0029673386194365744,0.6578297093636858
2054,0.3406985142456512,0.0027355942509859825,0.6565658915033628
2055,0.3420086623896237,0.0025008167197530977,0.6554905208906232
2056,0.34316230628766614,0.002265681701313388,0.6545720120110203
2057,0.3441885089575348,0.0020328609617001592,0.6537786300807651
2058,0.34511623502097666,0.0018049844749388972,0.6530787805040845
2059,0.34597408069975577,0.0015846006003088305,0.6524413186999354
2060,0.3467899797884033,0.0013741335767976964,0.6518358866347991
2061,0.3475909006536495,0.001175841166280612,0.6512332581800698
2062,0.34840253350485395,0.0009917719017891182,0.6506056945933569
2063,0.3492489813672016,0.0008237246907310828,0.6499272939420673
2064,0.35015246194791466,0.0006732114617814234,0.649174326590304
2065,0.3511330331972537,0.0005414250593427616,0.6483255417434034
2066,0.3522083582292725,0.00042921410736160255,0.6473624276633659
2067,0.35339351484310677,0.0003370664068116085,0.6462694187500817
2068,0.3547008718002718,0.0002651026951022209,0.645034025504626
2069,0.3561400339213262,0.00021308250769046035,0.6436468835709833
2070,0.35771787599378535,0.0001804230729519865,0.6421017009332626
2071,0.3594386663864003,0.0001662329330399941,0.6403951006805596
2072,0.36130429268911074,0.00016936057531157853,0.6385263467355776
2073,0.3633145905467502,0.00018845909539496792,0.6364969503578548
2074,0.3654677796185205,0.0002220671919241687,0.6343101531895553
2075,0.36776100809823936,0.00026870654748444863,0.6319702853542762
2076,0.37019100119260706,0.0003269958752442427,0.6294820029321486
2077,0.3727548144412387,0.00039578132937698234,0.6268494042293843
2078,0.37545068308966223,0.0004742835218299038,0.6240750333885079
2079,0.378278966275784,0.000562260623486129,0.6211587731007299
2080,0.3812431752370363,0.000660187444385729,0.6180966373185779
2081,0.3843510760812644,0.0007694497094862635,0.6148794742092494
2082,0.3876158537953276,0.000892552109443381,0.611491594095229
2083,0.39105731639163516,0.0010333379712978343,0.6079093456370669
2084,0.3947031107905656,0.0011972161031850073,0.6040996731062495
2085,0.3985899026620121,0.001391388413156847,0.6000187089248311
2086,0.40276446445626685,0.0016250676612342156,0.595610467882499
2087,0.4072845789886391,0.0019096706448727013,0.5908057503664882
2088,0.41221964564270924,0.0022589656319836303,0.5855213887253071
2089,0.4176508353392458,0.002689145746819595,0.5796600189139345
2090,0.42367061187168037,0.0032187931386265098,0.5731105949896931
2091,0.43038140215206844,0.0038686910434213746,0.5657499068045102
2092,0.43789318517202347,0.0046614372423429305,0.5574453775856336
2093,0.4463197885910108,0.005620812148359031,0.5480593992606302
2094,0.4557737308416428,0.0067708636650014855,0.5374554054933557
2095,0.46635957915883963,0.008134691685216144,0.5255057291559442
2096,0.4781659712049272,0.009732948209081735,0.512101080585991
2097,0.49125671516174374,0.011582118020419056,0.4971611668178372
2098,0.5056616698928187,0.013692702364191754,0.48064562774298963
2099,0.5213684003237387,0.01606748702949996,0.4625641126467613
