year,Model Uncertainty,Scenario Uncertainty,Inter-Annual Variability
1980,0.22923228523568887,0.0004875136600943113,0.7702802011042169
1981,0.19064501769972453,0.0003211050502045634,0.8090338772500709
1982,0.1555167061831008,0.00019330633399354384,0.8442899874829056
1983,0.12424962517727509,0.00010180077579013219,0.8756485740469347
1984,0.09707060291199034,4.2999762638315454e-05,0.9028863973253713
1985,0.07403387187472722,1.2393791136702107e-05,0.9259537343341361
1986,0.05503876382608426,4.942770461947161e-06,0.9449562934034538
1987,0.03985779160031805,1.5453521553330593e-05,0.9601267548781286
1988,0.028169973394634992,3.890450208503359e-05,0.97179112210328
1989,0.019594679921893003,7.069445214875105e-05,0.9803346256259582
1990,0.01372242002854326,0.00010680800133153318,0.9861707719701251
1991,0.010140381408151987,0.00014390387779873387,0.9897157147140492
1992,0.008451838566761793,0.00017933917498620802,0.991368822258252
1993,0.008289532201664687,0.00021114616966887574,0.9914993216286664
1994,0.009323748411805421,0.00023797791139161322,0.990438273676803
1995,0.01126612337695051,0.00025903637776572195,0.9884748402452839
1996,0.013870255307621225,0.00027399388559955554,0.9858557508067792
1997,0.01693011112294287,0.00028291506435525497,0.9827869738127019
1998,0.020277047513440397,0.0002861840612671439,0.9794367684252924
1999,0.023776079955747365,0.0002844393793174352,0.9759394806649352
2000,0.02732185521706291,0.00027851727370878214,0.9723996275092283
2001,0.03083463706192308,0.0002694035942970546,0.9688959593437798
2002,0.03425649912376138,0.0002581933602793417,0.9654853075159592
2003,0.037547831703501774,0.0002460571557719179,0.9622061111407263
2004,0.040684211611731455,0.00023421328163691945,0.9590815751066316
2005,0.04365364394841547,0.00022390458621756947,0.9561224514653669
2006,0.046454161206973404,0.0002163792110391239,0.9533294595819874
2007,0.04909175085236931,0.00021287435890040573,0.9506953747887303
2008,0.05157857802854682,0.0002146025592553878,0.9482068194121979
2009,0.05393146744531637,0.00022273997849839799,0.9458457925761852
2010,0.05617061224807339,0.000238416331744301,0.9435909714201823
2011,0.05831847716429605,0.00026270631750055463,0.9414188165182035
2012,0.06039887155790318,0.00029662230814111155,0.9393045061339558
2013,0.06243616939189573,0.0003411082744241338,0.9372227223336801
2014,0.0644546556650928,0.00039703494535964755,0.9351483093895475
2015,0.06647798632814793,0.0004651961377714334,0.9330568175340807
2016,0.06852874734991951,0.0005463063463842015,0.9309249463036963
2017,0.07062810210366337,0.0006409996066217816,0.9287308982897149
2018,0.07279551938104262,0.0007498296434542033,0.9264546509755033
2019,0.07504857302488352,0.0008732712739506057,0.9240781557011659
2020,0.07740280766974966,0.001011723128504642,0.9215854692017457
2021,0.07987166256512687,0.0011655116602130378,0.9189628257746602
2022,0.08246644883873541,0.001334896185871302,0.9161986549753933
2023,0.0851963728075296,0.001520075258987978,0.9132835519334824
2024,0.08806860045757056,0.0017211937521939959,0.9102102057902354
2025,0.09108835563291563,0.0019383510350583781,0.906973293332026
2026,0.09425904660339338,0.0021716097664676655,0.903569343630139
2027,0.09758241495847852,0.002421005199938694,0.8999965798415829
2028,0.10105869981514504,0.00268655507625632,0.8962547451085987
2029,0.1046868124566867,0.0029682695973317582,0.8923449179459816
2030,0.1084645155942702,0.0032661616356853738,0.8882693227700444
2031,0.11238860197079259,0.0035802569645207874,0.8840311410646866
2032,0.11645506724491499,0.003910604235515629,0.8796343285195694
2033,0.12065927441871198,0.004257284957858351,0.8750834406234297
2034,0.12499610451434683,0.004620422930019041,0.8703834725556341
2035,0.12946009289432706,0.005000193514120791,0.8655397135915521
2036,0.13404554581448216,0.0053968325712673995,0.8605576216142504
2037,0.13874663999907996,0.005810644690053341,0.8554427153108667
2038,0.14355749950233812,0.006242011463872289,0.8502004890337896
2039,0.14847225425118968,0.006691398981239097,0.8448363467675712
2040,0.1534850760182182,0.007159365343725798,0.8393555586380561
2041,0.1585901964413004,0.0076465675649972555,0.8337632359937024
2042,0.16378190579544064,0.00815376849732628,0.828064325707233
2043,0.1690545341782077,0.008681843475156605,0.8222636223466356
2044,0.1744024189174882,0.009231786933999911,0.8163657941485118
2045,0.1798198579395799,0.009804719071970999,0.810375422988449
2046,0.18530105273720945,0.010401892433190328,0.8042970548296002
2047,0.19084004380766445,0.011024698985795623,0.7981352572065399
2048,0.1964306401924464,0.011674677258421402,0.7918946825491322
2049,0.20206634575821883,0.012353519937920441,0.7855801343038608
2050,0.20774028709830097,0.013063082017502677,0.7791966308841963
2051,0.2134451423482286,0.013805389351849015,0.7727494682999224
2052,0.21917307575282663,0.01458264823321803,0.7662442760139553
2053,0.22491568028084755,0.015397255367218057,0.7596870643519343
2054,0.23066392969363744,0.016251808881437763,0.7530842614249248
2055,0.23640814222302528,0.01714912039372677,0.746442737383248
2056,0.2421379585009934,0.018092227806767124,0.7397698136922395
2057,0.2478423337328382,0.019084409270671853,0.73307325699649
2058,0.25350954781181934,0.02012919822481484,0.7263612539633658
2059,0.2591272313704805,0.021230399552039605,0.7196423690774799
2060,0.26468241110186114,0.022392106267515408,0.7129254826306235
2061,0.27016157382599465,0.023618717789630237,0.7062197083843751
2062,0.2755507489668055,0.024914958327586362,0.6995342927056082
2063,0.2808356127887357,0.026285895935348566,0.6928784912759156
2064,0.28600161091120685,0.027736961604922943,0.6862614274838702
2065,0.2910341021335411,0.029273967981964414,0.6796919298844946
2066,0.2959185239083611,0.03090312689367935,0.6731783491979596
2067,0.3006405793525999,0.03263106508385551,0.6667283555635447
2068,0.30518644827391256,0.034464836559772796,0.6603487151663147
2069,0.3095430231261687,0.036411931070174125,0.6540450458036572
2070,0.3136981725986708,0.038480275627229804,0.6478215517740995
2071,0.3176410359761939,0.04067822788435422,0.6416807361394518
2072,0.3213623490568279,0.043014558762769196,0.635623092180403
2073,0.3248548109754139,0.04549841967706828,0.6296467693475178
2074,0.32811348910811716,0.048139292065360585,0.6237472188265222
2075,0.3311362727396495,0.05094691309523488,0.6179168141651156
2076,0.33392437467467967,0.05393117302001194,0.6121444523053083
2077,0.3364828884672989,0.05710197617839223,0.6064151353543089
2078,0.3388213989866846,0.060469060382132005,0.6007095406311833
2079,0.3409546493403853,0.06404176469833674,0.5950035859612781
2080,0.3429032583564592,0.06782873739049701,0.5892680042530438
2081,0.3446944781838064,0.07183757633253789,0.5834679454836558
2082,0.3463629774205569,0.07607439161735013,0.577562630962093
2083,0.3479516216920268,0.0805432853764476,0.5715050929315256
2084,0.3495122145049212,0.08524574287482604,0.5652420426202527
2085,0.35110614556667474,0.09017993662657792,0.5587139178067474
2086,0.35280487754983364,0.09533995010571535,0.551855172344451
2087,0.3546901857768472,0.10071493686881146,0.5445948773543414
2088,0.35685404796049053,0.10628824468797562,0.5368577073515339
2089,0.3593980666730116,0.11203654699029106,0.5285653863366973
2090,0.362432303109507,0.11792904241094603,0.5196386544795469
2091,0.36607340331070304,0.12392680034903612,0.5099997963402607
2092,0.3704419207106797,0.12998234611678453,0.4995757331725357
2093,0.37565878421689747,0.13603958948374922,0.48830162629935325
2094,0.3818409237446204,0.14203420439243922,0.47612487186294045
2095,0.38909616462261043,0.14789455245031957,0.46300928292706994
2096,0.3975176075097338,0.153543216631076,0.44893917585919013
2097,0.4071778303486309,0.1588991619689489,0.43392300768242004
2098,0.4181233570419043,0.1638804750110516,0.4179961679470441
2099,0.43036990438561773,0.168407558137802,0.4012225374765802
