year,Model Uncertainty,Scenario Uncertainty,Inter-Annual Variability
1980,0.07688058137365318,0.002428781341392503,0.9206906372849543
1981,0.061124222422579554,0.0015746842290312339,0.9373010933483892
1982,0.0478599575043884,0.0009535046563085758,0.951186537839303
1983,0.036890545702551555,0.0005274952251149071,0.9625819590723336
1984,0.027992990230152833,0.00026017154704362764,0.9717468382228035
1985,0.02093233154309705,0.00011759467276397802,0.9789500737841389
1986,0.015472996855104037,6.923071692434313e-05,0.9844577724279717
1987,0.011387523142733799,8.843583358248126e-05,0.9885240410236837
1988,0.008462769837770974,0.00015263425242730862,0.9913845959098018
1989,0.0065039181043132265,0.00024326278080795554,0.9932528191148787
1990,0.005336643467807884,0.00034555083073006945,0.9943178057014621
1991,0.004807865043095284,0.0004481952478351231,0.9947439397090697
1992,0.004785447707224783,0.000542977333885872,0.9946715749588894
1993,0.005157181509557181,0.0006243575362739892,0.9942184609541688
1994,0.005829301701217422,0.0006890727632266723,0.993481625535556
1995,0.006724752679672939,0.0007357523596379672,0.9925394949606892
1996,0.0077813455000956076,0.0007645627179448775,0.9914540917819594
1997,0.008949914285569283,0.0007768847916318699,0.9902732009227988
1998,0.010192541492413736,0.0007750264628289535,0.9890324320447572
1999,0.011480894704423178,0.000761968739007061,0.9877571365565697
2000,0.012794698967203305,0.0007411441614439461,0.9864641568713528
2001,0.014120354816876885,0.0007162447254887199,0.9851634004576345
2002,0.01544970293438411,0.0006910571146358518,0.98385923995098
2003,0.016778930703395686,0.0006693220620470241,0.9825517472345573
2004,0.018107613690773572,0.0006546163142649777,0.9812377699949614
2005,0.019437881887479976,0.000650254282009212,0.9799118638305109
2006,0.02077370159399948,0.0006592084409537981,0.9785670899650466
2007,0.02212026310793132,0.0006840463197843126,0.9771956905722845
2008,0.02348346396597927,0.0007268832289586907,0.975789652805062
2009,0.024869481435948058,0.0007893492130745229,0.9743411693509775
2010,0.02628442337163206,0.0008725694625225491,0.9728430071658454
2011,0.02773405342849371,0.000977156955908934,0.9712887896155974
2012,0.0292235802591891,0.00110321638164698,0.969673203359164
2013,0.030757506272259243,0.0012503584402260399,0.9679921352875148
2014,0.032339530831184876,0.001417723285029215,0.9662427458837858
2015,0.03397249817152121,0.0016040120536969474,0.9644234897747819
2016,0.03565838837963396,0.0018075255891906617,0.9625340860311754
2017,0.03739834320662484,0.002026208745625191,0.9605754480477501
2018,0.03919272214489323,0.0022576995327207483,0.9585495783223861
2019,0.04104118307424406,0.0024993818247051568,0.9564594351010507
2020,0.042942783810602805,0.0027484404076979474,0.9543087757816991
2021,0.04489609730638616,0.0030019173974778495,0.952101985296136
2022,0.046899337918306395,0.0032567692107582326,0.9498438928709354
2023,0.048950493935609234,0.003509922691481469,0.9475395833729093
2024,0.05104746221639974,0.0037583303751062202,0.9451942074084941
2025,0.05318818185694248,0.003999023434503161,0.9428127947085543
2026,0.055370763579084534,0.0042291622067747925,0.9404000742141407
2027,0.05759361184995093,0.00444608368021931,0.9379603044698297
2028,0.05985553778576642,0.004647345443902442,0.9354971167703312
2029,0.06215586096794457,0.0048307659505441945,0.9330133730815113
2030,0.06449449796038903,0.004994461188435543,0.9305110408511754
2031,0.06687203647148007,0.005136876462374595,0.9279910870661454
2032,0.06928979409202475,0.0052568145710104805,0.9254533913369648
2033,0.07174986025551144,0.005353459521627295,0.9228966802228612
2034,0.07425512215238207,0.005426395494246021,0.920318482353372
2035,0.07680927217739104,0.0054756215710889435,0.91771510625152
2036,0.0794167987901456,0.005501561746633624,0.9150816394632207
2037,0.08208295784946609,0.0055050700671867795,0.9124119720833471
2038,0.08481372866319865,0.005487431207231554,0.9096988401295697
2039,0.08761575066395828,0.005450355669309716,0.906933893666732
2040,0.09049624408889655,0.005395970298453949,0.9041077856126496
2041,0.09346291425109486,0.005326803026096366,0.9012102827228088
2042,0.09652384041534935,0.00524576242939274,0.8982303971552579
2043,0.09968735172505012,0.0051561118906116015,0.8951565363843383
2044,0.1029618892015124,0.00506143802675238,0.8919766727717352
2045,0.10635585877466207,0.00496561341762978,0.8886785278077081
2046,0.10987747542211372,0.004872754128713759,0.8852497704491725
2047,0.11353460214563053,0.004787171695488389,0.881678226158881
2048,0.11733458677985277,0.004713320313702149,0.8779520929064449
2049,0.12128409897087533,0.004655739474640744,0.8740601615544838
2050,0.1253889728045843,0.004618992489469566,0.8699920347059462
2051,0.1296540570882,0.004607602172674425,0.8657383407391256
2052,0.1340830781734386,0.0046259840487821195,0.8612909377777793
2053,0.13867851983366078,0.004678378196292073,0.8566431019700472
2054,0.1434415228926695,0.004768781284536479,0.8517896958227941
2055,0.14837180922276166,0.004900879278477724,0.8467273114987607
2056,0.15346763321480125,0.0050779830382516634,0.8414543837469471
2057,0.15872576337138422,0.0053029669864058816,0.8359712696422099
2058,0.16414149763235117,0.005578213121653676,0.8302802892459952
2059,0.16970871158756473,0.005905560780930929,0.8243857276315043
2060,0.17541994303674283,0.00628626363302768,0.8182937933302294
2061,0.18126651211622477,0.006720954461427051,0.8120125334223481
2062,0.18723867586389048,0.007209618635092157,0.8055517055010173
2063,0.193325816443774,0.007751576718340912,0.7989226068378852
2064,0.19951666091859344,0.008345475946461577,0.792137863134945
2065,0.20579953145136884,0.008989291396238244,0.785211177152393
2066,0.21216261967228123,0.00968033564264679,0.7781570446850721
2067,0.21859428704615974,0.010415277271242718,0.7709904356825976
2068,0.2250833820281181,0.011190167028985256,0.7637264509428966
2069,0.23161957749390633,0.012000471139862702,0.756379951366231
2070,0.23819371856014515,0.012841111115820092,0.7489651703240348
2071,0.2447981836154862,0.013706508758748306,0.7414953076257654
2072,0.2514272531662313,0.014590636716836707,0.7339821101169319
2073,0.2580774813266865,0.015487072306409846,0.7264354463669036
2074,0.2647480754469906,0.01638905613354892,0.7188628684194605
2075,0.2714412713980927,0.017289553840145053,0.7112691747617622
2076,0.2781627086281711,0.018181321832449516,0.7036559695393794
2077,0.2849217975589433,0.019056977573993487,0.6960212248670632
2078,0.2917320758308364,0.019909074881937307,0.6883588492872262
2079,0.2986115443806858,0.02073018536303509,0.6806582702562791
2080,0.3055829739969196,0.021512988789909423,0.6729040372131709
2081,0.31267417042381357,0.022250372358426425,0.66507545721776
2082,0.31991817696290803,0.022935542533863446,0.6571462805032287
2083,0.32735339555860754,0.023562151223963712,0.6490844532174287
2084,0.33502359433673023,0.02412443788317164,0.6408519677800982
2085,0.34297776984253064,0.024617389970702706,0.6324048401867667
2086,0.35126982004731017,0.025036922409077823,0.6236932575436119
2087,0.359957985257109,0.025380075221987517,0.6146619395209035
2088,0.3691040059512388,0.025645228400794418,0.6052507656479669
2089,0.3787719479939639,0.025832327699819302,0.5953957243062168
2090,0.3890266549244208,0.025943115382056754,0.5850302296935225
2091,0.3999317911516403,0.025981353578913617,0.574086855269446
2092,0.4115474713246417,0.025953024788398497,0.5624995038869598
2093,0.4239274936536331,0.02586649141286929,0.5502060149334975
2094,0.43711624438276764,0.02573259002306061,0.5371511655941718
2095,0.45114538779384855,0.025564637178145104,0.5232899750280063
2096,0.46603051388014577,0.025378321863124456,0.5085911642567297
2097,0.4817679731868038,0.025191464098076637,0.49304056271511953
2098,0.49833217029813576,0.025023626434497834,0.4766442032673665
2099,0.5156736138485457,0.024895575842396375,0.45943081030905797
