year,Model Uncertainty,Scenario Uncertainty,Inter-Annual Variability
1980,0.09088366999075971,0.0028678409705184403,0.9062484890387219
1981,0.07355024166904686,0.0016325800526677218,0.9248171782782855
1982,0.05878719317484613,0.0008100878511345754,0.9404027189740193
1983,0.04641612092463041,0.00032016176981214406,0.9532637173055575
1984,0.03622142772151111,8.686936695352677e-05,0.9636917029115353
1985,0.027967204796355373,4.129220441565834e-05,0.9719915029992289
1986,0.021411420602702066,0.00012322838736998176,0.978465351009928
1987,0.016317015847450236,0.00028200003978345905,0.9834009841127662
1988,0.01245994237597336,0.00047655593081598113,0.9870635016932107
1989,0.009634465449951871,0.0006750646402042817,0.9896904699098438
1990,0.007656188064420544,0.0008541736106560853,0.9914896383249233
1991,0.006363296429737334,0.0009980777722343264,0.9926386257980284
1992,0.005616496048230043,0.0010975060251075593,0.9932859979266624
1993,0.005298044196380657,0.0011487018815882115,0.9935532539220312
1994,0.0053102067076681156,0.001152446969870411,0.9935373463224614
1995,0.005573389341236659,0.0011131557141918365,0.9933134549445716
1996,0.006024126551426206,0.0010380544420624776,0.9929378190065113
1997,0.006613053541931085,0.0009364482656362829,0.9924504981924326
1998,0.0073029445667497335,0.0008190730514082589,0.9918779823818421
1999,0.008066866172414124,0.0006975268070323099,0.9912356070205536
2000,0.008886474069862082,0.000583773138782687,0.9905297527913551
2001,0.009750462670305993,0.0004897102626221836,0.9897598270670718
2002,0.010653171276053667,0.0004267989172349561,0.9889200298067115
2003,0.011593340259078079,0.00040574452757123267,0.9880009152133508
2004,0.012573011145744497,0.0004362291807731113,0.9869907596734825
2005,0.013596561631175681,0.0005266909702794964,0.9858767473985448
2006,0.014669867274666036,0.0006841481377392706,0.9846459845875947
2007,0.01579957974186637,0.0009140667641791894,0.9832863534939543
2008,0.016992517164354588,0.0012202704585977096,0.9817872123770478
2009,0.018255156073760666,0.001604890886768056,0.9801399530394712
2010,0.019593220187330875,0.002068357363840116,0.9783384224488291
2011,0.02101136015038404,0.002609423728395325,0.9763792161212206
2012,0.022512915244205293,0.003225229892350179,0.9742618548634446
2013,0.024099753287423434,0.0039113951088062295,0.9719888516037702
2014,0.025772180121380932,0.00466213935500316,0.9695656805236158
2015,0.0275289119763204,0.0054704291188275534,0.9670006589048521
2016,0.029367102182754682,0.006328142430840941,0.9643047553864044
2017,0.03128241677318563,0.0072262502937066216,0.9614913329331077
2018,0.03326914785136917,0.008155007746411216,0.9585758444022195
2019,0.035320359097172384,0.009104152114972567,0.955575488787855
2020,0.03742805526587803,0.010063103712764495,0.9525088410213575
2021,0.03958336756367497,0.01102116450643933,0.9493954679298856
2022,0.04177674905880693,0.011967713044338796,0.9462555378968542
2023,0.0439981735530119,0.012892391886457815,0.9431094345605302
2024,0.046237333328959906,0.0137852863842602,0.9399773802867798
2025,0.04848382977404339,0.014637092597910496,0.936879077628046
2026,0.05072735543976902,0.015439274747470644,0.9338333698127604
2027,0.052957862567572796,0.016184210904194897,0.9308579265282324
2028,0.05516571770362169,0.016865327548772225,0.9279689547476061
2029,0.057341840131689886,0.01747722382542729,0.9251809360428829
2030,0.059477823347399816,0.018015785626905756,0.9225063910256944
2031,0.061566040188830794,0.01847829128668088,0.9199556685244883
2032,0.06359973102621175,0.018863508714242392,0.9175367602595459
2033,0.06557307508058302,0.01917178630301874,0.9152551386163982
2034,0.06748124662935598,0.019405137164209187,0.9131136162064348
2035,0.06932045596227682,0.01956731767639566,0.9111122263613275
2036,0.07108797553414868,0.019663900276805816,0.9092481241890454
2037,0.07278215284791571,0.019702340860983766,0.9075155062911004
2038,0.07440240935994788,0.019692039227614786,0.9059055514124372
2039,0.07594922732226894,0.019644391499408824,0.9044063811783222
2040,0.07742412282457196,0.01957283364951897,0.9030030435259091
2041,0.07882960680661637,0.01949287270367436,0.9016775204897093
2042,0.08016913222234494,0.01942210290766671,0.9004087648699884
2043,0.0814470295489842,0.019380204483412315,0.8991727659676035
2044,0.0826684269344775,0.019388919952633508,0.897942653112889
2045,0.08383915715241191,0.0194720046298987,0.8966888382176895
2046,0.0849656514126918,0.019655146554780272,0.8953792020325279
2047,0.08605481711719183,0.01996585245233488,0.8939793304304733
2048,0.0871139029265081,0.020433293629699978,0.892452803443792
2049,0.08815035040361185,0.02108811051911228,0.8907615390772758
2050,0.08917163298488787,0.021962171917746465,0.8888661950973656
2051,0.09018508474265803,0.023088285977762545,0.8867266292795795
2052,0.09119772127375296,0.024499865163831035,0.884302413562416
2053,0.09221605582109547,0.026230544323130666,0.8815533998557739
2054,0.09324591484994467,0.028313756415682442,0.8784403287343729
2055,0.09429225747010554,0.030782270855176982,0.8749254716747175
2056,0.09535900513137174,0.03366770244878732,0.8709732924198409
2057,0.09644888548338049,0.037000001627831756,0.8665511128887878
2058,0.09756329980452073,0.04080693686707677,0.8616297633284025
2059,0.09870221805494934,0.04511358400204261,0.8561841979430082
2060,0.09986410743447655,0.04994183774650559,0.8501940548190179
2061,0.10104590269863441,0.05530995914549782,0.8436441381558678
2062,0.10224302018619795,0.0612321762511446,0.8365248035626575
2063,0.10344941988585914,0.06771835007916092,0.8288322300349799
2064,0.10465771895027572,0.074773719649549,0.8205685614001753
2065,0.10585935532334019,0.08239873261358455,0.8117419120630752
2066,0.10704480124490785,0.09058896994889203,0.8023662288062001
2067,0.10820382456070982,0.09933516356007006,0.79246101187922
2068,0.10932579150567305,0.10862330617773025,0.7820509023165968
2069,0.11040000837962971,0.11843484494011336,0.7711651466802568
2070,0.11141609269069595,0.1287469501842687,0.7598369571250353
2071,0.11236437051044194,0.13953284225815546,0.7481027872314027
2072,0.11323628947521312,0.15076216319705218,0.7360015473277348
2073,0.11402484243548441,0.1624013737298614,0.7235737838346542
2074,0.11472499718249682,0.17441415576897581,0.7108608470485274
2075,0.11533412332521387,0.18676180423969047,0.6979040724350957
2076,0.11585241533092183,0.19940358936887287,0.6847439953002054
2077,0.11628330534551144,0.21229707468988893,0.6714196199645996
2078,0.11663386577313788,0.2253983787550982,0.6579677554717639
2079,0.11691519626413974,0.23866237012897423,0.6444224336068861
2080,0.11714279560279006,0.2520427903096615,0.6308144140875483
2081,0.11733691328172953,0.26549230118664874,0.6171707855316217
2082,0.11752288030143646,0.2789624593353871,0.6035146603631764
2083,0.11773141058369471,0.29240362146222,0.5898649679540854
2084,0.11799886878354648,0.30576478797400153,0.5762363432424521
2085,0.11836749295644187,0.3189933994089819,0.5626391076345761
2086,0.1188855591232789,0.3320351001880336,0.5490793406886876
2087,0.1196074702435632,0.34483348939340175,0.535559040363035
2088,0.1205937491567037,0.3573298795594863,0.52207637128381
2089,0.12191090816992636,0.3694630953993504,0.5086259964307234
2090,0.12363116896396867,0.38116933704304956,0.4951994939929818
2091,0.12583199644269552,0.3923821429217727,0.48178586063553175
2092,0.12859541509075545,0.4030324895695729,0.4683720953396717
2093,0.1320070733304751,0.4130490597457947,0.4549438669237302
2094,0.1361550237494672,0.42235871786451523,0.4414862583860176
2095,0.1411281969586644,0.43088722228684034,0.4279845807544953
2096,0.1470145561547989,0.4385601999366251,0.41442524390857605
2097,0.15389893595625143,0.4453043956220861,0.40079666842166234
2098,0.16186059185698867,0.4510491988597747,0.3870902092832366
2099,0.1709705114732461,0.45572842626985,0.37330106225690385
