year,Model Uncertainty,Scenario Uncertainty,Inter-Annual Variability
1980,0.0867427838472393,0.003665458044820675,0.90959175810794
1981,0.06857426150827087,0.0023834590057226616,0.9290422794860066
1982,0.053525702006729556,0.0014480414294773055,0.9450262565637931
1983,0.04129737218527138,0.0008083718054730482,0.9578942560092556
1984,0.03155132068076293,0.00041262485458398696,0.9680360544646531
1985,0.023937189776516276,0.00021086949109974117,0.975851940732384
1986,0.01811247545222111,0.00015711006924249923,0.9817304144785364
1987,0.013757024781461869,0.00021054728581827587,0.9860324279327198
1988,0.010582293346958893,0.0003361906466269702,0.9890815160064141
1989,0.008336270782957754,0.0005049787027072651,0.991158750514335
1990,0.006805095599639447,0.0006935570483395318,0.9925013473520211
1991,0.005812321449708853,0.0008838414975542498,0.9933038370527368
1992,0.005216649501712755,0.0010624659360557011,0.9937208845622315
1993,0.0049087615276586375,0.0012201851104158058,0.9938710533619255
1994,0.004807715710507222,0.001351280136237381,0.9938410041532554
1995,0.004857222262336479,0.0014529944255492545,0.9936897833121143
1996,0.005021997379248733,0.0015250148692158513,0.9934529877515355
1997,0.005284311813354264,0.001569003544904254,0.9931466846417415
1998,0.005640791351722767,0.0015881795660703996,0.9927710290822068
1999,0.006099487602636465,0.0015869475060042923,0.9923135648913592
2000,0.006677218232652148,0.0015705675231353397,0.9917522142442126
2001,0.007397162633845813,0.0015448621982384516,0.9910579751679157
2002,0.008286698444324798,0.0015159553260798455,0.9901973462295953
2003,0.009375462148180407,0.0014900394873628136,0.9891344983644568
2004,0.010693624390477385,0.0014731694895121813,0.9878332061200105
2005,0.012270371973646858,0.0014710804804081697,0.986258547545945
2006,0.014132593843558356,0.001489029936472595,0.9843783762199692
2007,0.01630377140251931,0.0015316637633860607,0.9821645648340946
2008,0.01880307414249734,0.001602906572447235,0.9795940192850554
2009,0.021644662165063597,0.001705877109199002,0.9766494607257374
2010,0.024837194792225795,0.0018428286516778839,0.9733199765560963
2011,0.028383541272571464,0.0020151148684788424,0.9696013438589497
2012,0.03228068672729332,0.0022231803389405396,0.9654961329337661
2013,0.036519819348659104,0.0024665744759221663,0.9610136061754186
2014,0.0410865829274535,0.0027439872711789224,0.9561694298013675
2015,0.04596147417760619,0.00305330462778935,0.9509852211946045
2016,0.051120356766962534,0.0033916794326479412,0.9454879638003895
2017,0.056535070978789806,0.003755616548002479,0.9397093124732077
2018,0.06217410552762752,0.004141066907491585,0.9336848275648809
2019,0.06800330791291599,0.004543527954018843,0.9274531641330651
2020,0.07398660496351978,0.004958146783076597,0.9210552482534036
2021,0.08008671358892207,0.005379823098616132,0.9145334633124618
2022,0.08626581728839007,0.005803309158202834,0.9079308735534071
2023,0.09248619581094294,0.0062233045861382974,0.9012904996029188
2024,0.09871079574772346,0.006634544565723314,0.8946546596865532
2025,0.10490373147061863,0.007031880187810712,0.8880643883415706
2026,0.11103071478129829,0.007410350077112176,0.8815589351415896
2027,0.11705941260055805,0.007765244361989179,0.8751753430374527
2028,0.12295973186868651,0.00809215932643129,0.8689481088048822
2029,0.1287040380903006,0.008387045317641117,0.8629089165920583
2030,0.1342673139695682,0.008646247679148823,0.8570864383512831
2031,0.13962726261839548,0.008866541958079888,0.8515061954235247
2032,0.14476436419606215,0.009045164756215881,0.8461904710477219
2033,0.14966189455083775,0.009179841231573126,0.8411582642175891
2034,0.15430591102573935,0.009268810731180532,0.8364252782430801
2035,0.15868521462299628,0.009310851205109825,0.8320039341718939
2036,0.16279129295790423,0.009305304028428963,0.8279034030136667
2037,0.16661825042360204,0.009252099851114479,0.8241296497252835
2038,0.17016272956725823,0.009151786281087563,0.8206854841516542
2039,0.173423829315978,0.009005558477952976,0.8175706122060691
2040,0.17640301711258835,0.008815292317405389,0.8147816905700063
2041,0.17910404434793356,0.008583581386112345,0.812312374265954
2042,0.18153285889032467,0.008313777079384127,0.8101533640302911
2043,0.1836975188662207,0.008010032472469454,0.8082924486613099
2044,0.18560810514823753,0.007677348696029062,0.8067145461557335
2045,0.18727663061940528,0.007321624106480123,0.8054017452741147
2046,0.18871694507972522,0.006949704841178408,0.8043333500790963
2047,0.18994463201930245,0.006569435964637751,0.8034859320160598
2048,0.19097689485560046,0.006189711815377712,0.8028333933290218
2049,0.19183242749210688,0.0058205235671303385,0.8023470489407627
2050,0.19253126730739747,0.005473002809748095,0.8019957298828544
2051,0.19309462724220267,0.0051594586205921285,0.8017459141372052
2052,0.19354469942927538,0.004893405786175221,0.8015618947845494
2053,0.1939044343808399,0.004689582407946771,0.8014059832112134
2054,0.19419728754390453,0.004563953884513327,0.8012387585715821
2055,0.19444693333365468,0.004533701325823269,0.8010193653405221
2056,0.19467695014340924,0.004617192392369536,0.8007058574642212
2057,0.1949104732524782,0.004833932492872577,0.8002555942546492
2058,0.19516982164441235,0.005204495354779866,0.7996256830008078
2059,0.19547610395316292,0.005750432129015342,0.7987734639178217
2060,0.19584880953203312,0.006494159304805316,0.7976570311631616
2061,0.19630539400213975,0.007458826114921992,0.7962357798829383
2062,0.19686087273330172,0.008668163753745822,0.7944709635129524
2063,0.1975274298782857,0.010146318459928248,0.7923262516617862
2064,0.19831406215199507,0.011917673261732792,0.7897682645862721
2065,0.1992262671211531,0.014006661409816315,0.7867670714690306
2066,0.20026579287001953,0.01643757771724643,0.783296629412734
2067,0.20143046113101254,0.019234391894697424,0.7793351469742901
2068,0.20271407591302634,0.022420570151865802,0.7748653539351079
2069,0.20410642833490703,0.026018907926955052,0.7698746637381378
2070,0.20559340326090153,0.030051379619364358,0.7643552171197341
2071,0.20715719386458575,0.03453900498628365,0.7583038011491305
2072,0.2087766236083977,0.03950173550705338,0.751721640884549
2073,0.21042757292370257,0.04495835728352584,0.7446140697927717
2074,0.21208350755234462,0.050926407828022636,0.7369900846196328
2075,0.21371609883183326,0.05742210061268207,0.7288618005554847
2076,0.2152959264955535,0.06446024925178895,0.7202438242526575
2077,0.21679325435764873,0.0720541808370507,0.7111525648053004
2078,0.2181788659754747,0.08021562619700137,0.701605507827524
2079,0.21942494856911157,0.08895457327227178,0.6916204781586167
2080,0.22050601488511412,0.09827906933787466,0.6812149157770113
2081,0.22139984957268885,0.10819495616107139,0.6704051942662397
2082,0.22208847282357042,0.11870552409086836,0.6592060030855612
2083,0.22255910542414947,0.12981107238674489,0.6476298221891057
2084,0.22280512697852006,0.14150836361992866,0.6356865094015514
2085,0.22282701057931767,0.15378996577429754,0.6233830236463848
2086,0.22263321612858952,0.16664348188917147,0.610723301982239
2087,0.22224101967616086,0.18005067084889725,0.5977083094749418
2088,0.2216772500030437,0.19398647405819947,0.5843362759387569
2089,0.22097889262664355,0.20841797603980627,0.5706031313335501
2090,0.2201935199149021,0.223303334839515,0.556503145245583
2091,0.21937949013161137,0.23859073711477835,0.5420297727536103
2092,0.218605857462562,0.2542174470955151,0.5271766954419228
2093,0.21795192878065311,0.2701090309761112,0.5119390402432356
2094,0.2175064028796839,0.28617885546057303,0.4963147416597431
2095,0.21736603906475527,0.30232796155085456,0.4803059993843901
2096,0.21763381416359528,0.31844542190341707,0.46392076393298776
2097,0.21841655559988382,0.3344092730239244,0.4471741713761918
2098,0.2198220714746535,0.3500881002405525,0.43008982828479403
2099,0.22195584624754677,0.36534331032502887,0.4127008434274243
