year,Model Uncertainty,Scenario Uncertainty,Inter-Annual Variability
1980,0.14959836174460697,0.0019345997286743617,0.8484670385267187
1981,0.12287431051943254,0.0012132002473494348,0.875912489233218
1982,0.09955016804302591,0.0006890111080514565,0.8997608208489226
1983,0.07955261867044036,0.0003350584411872636,0.9201123228883724
1984,0.0627112065080031,0.00012235629475044286,0.9371664371972465
1985,0.048784550253412474,2.183127641293985e-05,0.9511936184701746
1986,0.03748631312808442,5.863874411258784e-06,0.9625078229975044
1987,0.028508485681135464,4.93933122059641e-05,0.9714421210066586
1988,0.02154056860536184,0.000130601039262789,0.9783288303553753
1989,0.016284142737744933,0.00023123144957879144,0.9834846258126763
1990,0.01246297866621769,0.00033662880019622303,0.987200392533586
1991,0.009829243753511662,0.00043557174952255437,0.9897351844969657
1992,0.00816654980904619,0.0005199783464212352,0.9913134718445326
1993,0.007290611006141216,0.0005845401860549329,0.9921248488078038
1994,0.007048212884975426,0.000626329180225435,0.9923254579347991
1995,0.007315076395939212,0.0006444067900125808,0.9920405168140483
1996,0.007993071146116025,0.000639453918616299,0.9913674749352677
1997,0.009007114553831401,0.0006134316084281837,0.9903794538377404
1998,0.010301990091370294,0.0005692765251571448,0.9891287333834725
1999,0.01183923867677525,0.0005106316083213305,0.9876501297149034
2000,0.013594219282918475,0.00044161025716710016,0.9859641704599145
2001,0.015553390827573291,0.00036659117113504953,0.9840800180012917
2002,0.017711842189566684,0.00029004101974028395,0.981998116790693
2003,0.020071077877018305,0.00021636224647601755,0.9797125598765057
2004,0.022637056858132457,0.00014976358695467084,0.9772131795549128
2005,0.025418479240686374,9.415167298368752e-05,0.9744873690863299
2006,0.0284253087759868,5.30423180623852e-05,0.9715216489059508
2007,0.03166752304397766,2.94906501917915e-05,0.9683029863058306
2008,0.035154079182684914,2.6039311764366567e-05,0.9648198815055506
2009,0.03889208607757837,4.4684227834928476e-05,0.9610632296945868
2010,0.04288617027445775,8.68573461477692e-05,0.9570269723793944
2011,0.047138025430383014,0.00015342561842669047,0.9527085489511903
2012,0.05164613090583036,0.00024470535241112986,0.9481091637417586
2013,0.05640562507388702,0.0003604907600094986,0.9432338841661034
2014,0.06140831773009209,0.0005000952792509338,0.9380915869906571
2015,0.06664282309786795,0.0006624041326509135,0.9326947727694811
2016,0.07209479459059892,0.0008459361240978537,0.9270592692853032
2017,0.07774724216225698,0.0010489129009033848,0.9212038449368397
2018,0.08358091272566648,0.0012693335454138914,0.9151497537289197
2019,0.08957471331383972,0.0015050526331711431,0.9089202340529892
2020,0.09570615988649668,0.0017538597989590955,0.9025399803145442
2021,0.1019518345271122,0.0020135591707043958,0.8960346063021835
2022,0.1082878359340664,0.0022820471706909186,0.8894301168952428
2023,0.11469021209850826,0.0025573874716033444,0.8827524004298885
2024,0.12113536331732493,0.002837882130697852,0.8760267545519773
2025,0.12760040855146287,0.00312213816706145,0.8692774532814757
2026,0.13406351106807177,0.003409129032976668,0.8625273598989516
2027,0.14050415713289524,0.0036982512007806122,0.8557975916663242
2028,0.14690338980078765,0.003989374864217657,0.8491072353349947
2029,0.15324399509615788,0.004282889870118343,0.8424731150337238
2030,0.15951064419209598,0.004579746209269645,0.8359096095986344
2031,0.16568999246761884,0.00488148956209369,0.8294285179702875
2032,0.17177073905832416,0.00519029216366431,0.8230389687780115
2033,0.17774365069923972,0.005508978908020727,0.8167473703927396
2034,0.18360155162201366,0.005841048742251097,0.8105573996357353
2035,0.18933928589574,0.00619069153755989,0.8044700225667001
2036,0.19495365134293854,0.006562799894045782,0.7984835487630156
2037,0.2004433118682767,0.006962975990797918,0.7925937121409253
2038,0.2058086882057853,0.007397532776506133,0.7867937790177086
2039,0.21105183048137188,0.007873488983445977,0.7810746805351821
2040,0.2161762736086681,0.00839855728110086,0.7754251691102311
2041,0.22118687803930345,0.00898112529608049,0.7698319966646161
2042,0.22608965611347764,0.00963022774651223,0.7642801161400101
2043,0.23089158657546538,0.01035551022831905,0.7587529031962157
2044,0.23560041740307372,0.011167182564296541,0.7532324000326297
2045,0.240224458119788,0.0120759622728961,0.7476995796073158
2046,0.24477236407458827,0.013093006980622553,0.7421346289447892
2047,0.24925291462666024,0.01422983601548015,0.7365172493578596
2048,0.2536747853671236,0.01549824093317394,0.7308269736997024
2049,0.2580463193384617,0.016910185823730793,0.7250434948378075
2050,0.26237529946538557,0.018477698140580145,0.7191470023940342
2051,0.2666687256509808,0.020212751118393435,0.7131185232306257
2052,0.2709326011495326,0.022127140149116917,0.7069402587013505
2053,0.2751717316572808,0.02423235479773593,0.7005959135449832
2054,0.27938954413057826,0.026539449660225364,0.6940710062091965
2055,0.2835879259644278,0.029058916364334497,0.6873531576712377
2056,0.2877670953923424,0.03180056032172245,0.6804323442859351
2057,0.29192550118902016,0.03477338614613187,0.6733011126648479
2058,0.29605975995980544,0.03798549351185562,0.665954746528339
2059,0.30016463351254125,0.04144398798709318,0.6583913785003656
2060,0.30423304633115744,0.04515490873802917,0.6506120449308134
2061,0.30825614776625093,0.049123175017323495,0.6426206772164257
2062,0.31222341710598434,0.053352553624164696,0.634424029269851
2063,0.3161228109534217,0.0578456464810253,0.6260315425655529
2064,0.3199409501654088,0.06260389985242988,0.6174551499821612
2065,0.3236633455836025,0.06762763128109456,0.608709023135303
2066,0.3272746555794737,0.07291607444152445,0.5998092699790019
2067,0.33075897343507654,0.07846743647349255,0.5907735900914309
2068,0.33410013904955327,0.08427896558626347,0.5816208953641833
2069,0.3372820690202402,0.09034702194026735,0.5723709090394923
2070,0.3402891037391536,0.09666714850587708,0.5630437477549693
2071,0.343106364392662,0.10323413502411424,0.5536595005832239
2072,0.3457201196425003,0.11004206886944037,0.5442378114880593
2073,0.3481181577683998,0.11708436775724933,0.5347974744743508
2074,0.3502901646634726,0.12435378746070984,0.5253560478758175
2075,0.3522281066001994,0.1318423989470241,0.5159294944527766
2076,0.35392662019485954,0.1395415299854505,0.50653184981969
2077,0.35538340851713657,0.14744166555328808,0.49717492592957535
2078,0.35659964783071874,0.15553230335286924,0.48786804881641205
2079,0.3575804054257727,0.1638017603000503,0.4786178342741769
2080,0.3583350697551801,0.1722369277887373,0.46942800245608274
2081,0.3588777937185108,0.18082297337494413,0.46029923290654506
2082,0.35922794985360396,0.18954298930387722,0.4512290608425188
2083,0.3594105897756542,0.19837759099113048,0.4422118192332154
2084,0.35945690444487355,0.2073044675656868,0.43323862798943963
2085,0.35940466851712144,0.21629789312210587,0.4242974383607728
2086,0.35929865089712393,0.22532821308356737,0.4153731360193087
2087,0.3591909671232303,0.23436131742922425,0.4064477154475455
2088,0.3591413392467506,0.24335812773989213,0.39750053301335736
2089,0.35921722263234596,0.25227412541348365,0.38850865195417045
2090,0.3594937497065053,0.26105895923261424,0.3794472910608806
2091,0.3600534366055196,0.2696561742651051,0.3702903891293755
2092,0.3609855888987993,0.278003116462206,0.36101129463899473
2093,0.36238534792647675,0.28603106697952074,0.3515835850940024
2094,0.36435231817231795,0.2936656667387516,0.34198201508893045
2095,0.3669887307059617,0.30082768678247856,0.33218358251155977
2096,0.3703971191498488,0.3074341935210362,0.322168687329115
2097,0.37467751294452556,0.3134001391100724,0.31192234794540213
2098,0.37992419644814374,0.31864038465143824,0.3014354189004181
2099,0.38622212932847694,0.3230721283773243,0.29070574229419877
