year,Model Uncertainty,Scenario Uncertainty,Inter-Annual Variability
1980,0.0902224843514245,0.002822868970935282,0.9069546466776403
1981,0.07312364946160176,0.002254773703890637,0.9246215768345076
1982,0.05872710902050727,0.0017409245602128462,0.9395319664192799
1983,0.04677999456409862,0.001288318669181932,0.9519316867667195
1984,0.037009887968260255,0.0009018856005582616,0.9620882264311815
1985,0.029141056552307486,0.0005846968564852639,0.9702742465912072
1986,0.022907128790025887,0.00033822371487027036,0.9767546474951039
1987,0.01806022260204401,0.0001626093846660742,0.9817771680132898
1988,0.014376873399378867,5.693085251446057e-05,0.9855661957481068
1989,0.011661282440489244,1.94349160236956e-05,0.988319282643487
1990,0.009746460009453622,4.774063973956239e-05,0.9902057993508068
1991,0.008493810066171488,0.00013900594517092906,0.9913671839886575
1992,0.007791630993648171,0.0002900601489441298,0.9919183088574076
1993,0.007552918356075351,0.0004975063498324874,0.9919495752940922
1994,0.007712764647071675,0.0007577988330920574,0.9915294365198363
1995,0.008225571024505515,0.001067300913332052,0.9907071280621624
1996,0.009062223673367262,0.0014223282623083726,0.9895154480643245
1997,0.010207332350775165,0.00181918239452296,0.9879734852547019
1998,0.011656596001907929,0.0022541782026124627,0.9860892257954795
1999,0.013414331815736653,0.0027236687567488756,0.9838619994275144
2000,0.015491190538629369,0.003224069354481646,0.981284740106889
2001,0.017902068701402204,0.003751883232454934,0.9783460480661429
2002,0.0206642236142746,0.004303729399979442,0.975032046985746
2003,0.023795596871428154,0.004876373030815444,0.9713280300977565
2004,0.02731334568977893,0.005466759037011026,0.9672198952732101
2005,0.03123258653341524,0.006072047662076473,0.9626953658045082
2006,0.03556535154531922,0.006689651885859305,0.9577449965688214
2007,0.0403197559731347,0.007317275313306964,0.9523629687135583
2008,0.04549937659396158,0.007952949691264656,0.9465476737147738
2009,0.05110283293402875,0.008595070817050167,0.940302096248921
2010,0.05712356469164856,0.009242431854086196,0.9336340034542653
2011,0.06354979191332051,0.009894252609263444,0.926555955477416
2012,0.07036464089226525,0.010550204754936184,0.9190851543527986
2013,0.07754641744329799,0.01121043192741933,0.9112431506292826
2014,0.08506900390785,0.011875563876770242,0.9030554322153798
2015,0.09290235588163294,0.012546725934433822,0.8945509181839333
2016,0.10101307349836706,0.013225542631031682,0.8857613838706013
2017,0.10936502008200084,0.013914136580902842,0.8767208433370963
2018,0.11791996775792565,0.014615123207457073,0.8674649090346173
2019,0.1266382420612491,0.01533160178985938,0.8580301561488916
2020,0.13547935081621768,0.016067143402905527,0.8484535057808769
2021,0.14440257690846448,0.016825777866821396,0.8387716452247141
2022,0.1533675250959341,0.01761197836909022,0.8290204965349757
2023,0.1623346085833459,0.01843064695693397,0.8192347444597201
2024,0.17126547406483272,0.0192870997959907,0.8094474261391765
2025,0.180123358166666,0.02018705371004329,0.7996895881232907
2026,0.18887337751168717,0.021136614247461875,0.789990008240851
2027,0.1974827505609015,0.022142265310641198,0.7803749841284573
2028,0.2059209614939967,0.023210861262426427,0.7708681772435769
2029,0.21415986312940932,0.024349620923476895,0.7614905159471137
2030,0.22217373151664793,0.025566123664011505,0.7522601448193406
2031,0.2299392754813143,0.026868307332939587,0.7431924171857462
2032,0.23743560871271963,0.028264467961089307,0.7342999233261911
2033,0.24464419038035315,0.029763261092650914,0.7255925485269961
2034,0.2515487425908226,0.031373702776471675,0.7170775546327057
2035,0.258135148136075,0.033105172328173074,0.7087596795357519
2036,0.26439133489273436,0.034967414138247464,0.7006412509690181
2037,0.27030715206173866,0.03697053832667163,0.6927223096115896
2038,0.27587424148194056,0.03912502042469585,0.6850007380933635
2039,0.2810859091721154,0.041441698773635245,0.6774723920542494
2040,0.2859369948286627,0.04393176893964196,0.6701312362316953
2041,0.29042374995108977,0.046606773836279224,0.662969476212631
2042,0.29454371767757226,0.04947859061771271,0.655977691704715
2043,0.2982956219084758,0.05255941123106272,0.6491449668604615
2044,0.3016792629436228,0.05586171733584691,0.6424590197205303
2045,0.3046954215849235,0.05939824891838492,0.6359063294966915
2046,0.3073457719448676,0.06318196515776812,0.6294722628973644
2047,0.3096328038958112,0.06722599667611408,0.6231411994280746
2048,0.3115597517462336,0.07154359033269461,0.6168966579210718
2049,0.3131305341316894,0.07614804340431938,0.6107214224639913
2050,0.31434970150256747,0.08105262823607988,0.6045976702613528
2051,0.3152223883241338,0.08627050854292963,0.5985071031329365
2052,0.31575427807431133,0.09181464266581092,0.5924310792598777
2053,0.31595157179352523,0.09769767881149082,0.586350749394984
2054,0.31582096471315035,0.10393183916588183,0.580247196120968
2055,0.31536963028422776,0.1105287940086999,0.5741015757070724
2056,0.3146052101977768,0.11749952712225702,0.5678952626799663
2057,0.31353581241740236,0.12485419102005556,0.5616099965625421
2058,0.31217001490626867,0.1326019565488825,0.555228028544849
2059,0.31051687648421844,0.14075085338048154,0.5487322701353
2060,0.30858595713388726,0.14930760564819748,0.5421064372179153
2061,0.30638734141450386,0.15827746494011352,0.5353351936453826
2062,0.3039316746942444,0.16766403740345695,0.5284042879022987
2063,0.3012302047885724,0.17746911164152315,0.5213006835699046
2064,0.2982948317240553,0.18769248780465017,0.5140126804712946
2065,0.295138167041678,0.19833180639370457,0.5065300265646175
2066,0.2917736015732196,0.2093823826078926,0.4988440158188878
2067,0.28821538024225185,0.22083704663534104,0.490947573122407
2068,0.2844786851209021,0.23268599021946737,0.48283532465963064
2069,0.2805797246870409,0.24491662331399328,0.4745036519989659
2070,0.27653582842025837,0.2575134418870146,0.465950729692727
2071,0.27236554434257515,0.2704579080116259,0.45717654764579896
2072,0.26808873607163347,0.28372834785672807,0.4481829160716384
2073,0.26372668076305544,0.29729986250213847,0.43897345673480603
2074,0.25930215776682514,0.31114426483753366,0.4295535773956411
2075,0.25483952766804246,0.32523003585463933,0.4199304364773181
2076,0.25036479890305746,0.3395223084163825,0.4101128926805601
2077,0.24590567141660455,0.35398288230449226,0.4001114462789032
2078,0.24149155657831103,0.36857027241997536,0.3899381710017136
2079,0.23715356509548055,0.3832397970156938,0.37960663788882554
2080,0.2329244584867351,0.39794370887931285,0.3691318326339521
2081,0.22883855798858152,0.4126313747605754,0.3585300672508431
2082,0.22493160652067767,0.42724950762706765,0.34781888585225473
2083,0.22124057864808078,0.4417424567949459,0.3370169645569732
2084,0.21780343829870127,0.4560525555405291,0.32614400616076966
2085,0.21465883851310777,0.4701205341473865,0.3152206273395057
2086,0.2118457685179604,0.483885992511923,0.3042682389701167
2087,0.20940314602087534,0.497287936564079,0.2933089174150456
2088,0.20736936316197122,0.5102653701732501,0.2823652666647785
2089,0.2057817915360484,0.5227579384189277,0.2714602700450239
2090,0.2046762555694466,0.5347066128853025,0.2606171315452508
2091,0.2040864871303382,0.5460544068121082,0.24985910605755363
2092,0.2040435745596136,0.5567471053325274,0.23920932010785892
2093,0.20457542161605913,0.5667339944741129,0.22869058390982805
2094,0.2057062329050361,0.5759685697221031,0.21832519737286077
2095,0.20745604160727962,0.584409206278068,0.20813475211465232
2096,0.20984029801005608,0.5920197679000836,0.19813993408986028
2097,0.2128695298831017,0.5987701398316102,0.1883603302852882
2098,0.2165490914447443,0.604636664445625,0.17881424410963062
2099,0.22087900887090858,0.6096024670047352,0.16951852412435622
