year,Model Uncertainty,Scenario Uncertainty,Inter-Annual Variability
1980,0.07033661541249893,0.001331015652515022,0.9283323689349862
1981,0.05489404679700945,0.0008745645525604755,0.9442313886504301
1982,0.042469500224511555,0.0005347816801428981,0.9569957180953456
1983,0.032693742324418254,0.0002954538062605239,0.9670108038693211
1984,0.02518407598976743,0.0001401081766138008,0.9746758158336187
1985,0.019566277224056256,5.2853399505362044e-05,0.9803808693764384
1986,0.015490401876772501,1.8966155618675956e-05,0.9844906319676089
1987,0.012640969202140423,2.5250868642397707e-05,0.9873337799292172
1988,0.0107424636750132,6.021476530427897e-05,0.9891973215596825
1989,0.00956123810666082,0.0001141045875074321,0.9903246573058317
1990,0.00890485192353344,0.0001788477846731739,0.9909163002917933
1991,0.00861972708283836,0.00024793385682867007,0.991132339060333
1992,0.008587813513384661,0.000316263331836953,0.9910959231547783
1993,0.008722770492204027,0.00037998395486189737,0.990897245552934
1994,0.008966010523185575,0.00043632721680711027,0.9905976622600074
1995,0.009282823548870289,0.0004834530779437568,0.9902337233731858
1996,0.00965870627890162,0.0005203071889680643,0.9898209865321302
1997,0.010095955029887001,0.0005464920610612187,0.9893575529090517
1998,0.010610537912522906,0.0005621523679881328,0.9888273097194891
1999,0.011229238094287249,0.0005678732159338667,0.9882028886897789
2000,0.011987046902041193,0.0005645900297367365,0.9874483630682221
2001,0.012924782984423787,0.0005535085882362907,0.98652170842734
2002,0.014086915273572276,0.000536033486072906,0.9853770512403548
2003,0.015519574006834538,0.0005137041337884078,0.9839667218593771
2004,0.017268739947690653,0.0004881369500883425,0.982243123102221
2005,0.019378609724511203,0.0004609733566167371,0.9801604169188721
2006,0.021890141849269847,0.00043383303739079587,0.9776760251133393
2007,0.024839791001723562,0.0004082724048495543,0.9747519365934268
2008,0.028258442574443494,0.00038574820407812164,0.9713558092214785
2009,0.03217055882142675,0.00036758653542722734,0.9674618546431462
2010,0.03659354564741284,0.0003549574128696677,0.9630514969397174
2011,0.04153734710247296,0.0003488551418847713,0.9581137977556422
2012,0.04700426544910476,0.00035008455571281796,0.9526456499951824
2013,0.05298900397056845,0.0003592532039848132,0.9466517428254467
2014,0.05947891585764322,0.0003767693420915974,0.9401443148002652
2015,0.06645444228728349,0.0004028453547531982,0.9331427123579633
2016,0.073889711825611,0.00043750629521466196,0.9256727818791742
2017,0.08175327218628169,0.0004806027418952288,0.917766125071823
2018,0.09000892056869897,0.0005318274718540686,0.9094592519594469
2019,0.09861659865301133,0.0005907349590646671,0.900792666387924
2020,0.10753331634956896,0.0006567629846874608,0.8918099206657435
2021,0.11671407544061456,0.000729255513642402,0.882556669045743
2022,0.1261127625346852,0.0008074859451265677,0.8730797515201882
2023,0.13568298777288362,0.0008906802501575087,0.8634263319769588
2024,0.14537885155328226,0.0009780391176155887,0.8536431093291021
2025,0.1551556244897545,0.0010687588484796973,0.8437756166617658
2026,0.1649703319634948,0.001162050480401568,0.8338676175561036
2027,0.17478224157141406,0.00125715692908832,0.8239606014994976
2028,0.18455325063703254,0.001353367980836468,0.8140933813821309
2029,0.1942481797364556,0.0014500331871029634,0.8043017870764415
2030,0.2038349789994165,0.001546572518013234,0.7946184484825703
2031,0.21328485264577213,0.0016424849982024274,0.7850726623560255
2032,0.222572315430238,0.0017373554544542482,0.7756903291153077
2033,0.2316751859104571,0.0018308595584646523,0.7664939545310782
2034,0.24057453189108438,0.0019227672564706459,0.757502700852445
2035,0.24925457274161636,0.0020129449458448963,0.7487324823125387
2036,0.2577025515695385,0.0021013564538010713,0.7401960919766604
2037,0.2659085821324262,0.0021880630523088006,0.7319033548152649
2038,0.27386548054796844,0.0022732227564007377,0.7238612966956308
2039,0.28156858453115674,0.002357088857850917,0.7160743266109922
2040,0.289015568893937,0.0024400079730397804,0.7085444231330232
2041,0.29620625782580595,0.0025224177092239394,0.7012713244649701
2042,0.30314243963122633,0.002604843847633466,0.6942527165211402
2043,0.30982768486167533,0.0026878973652661314,0.6874844177730586
2044,0.31626717037960206,0.0027722711036785802,0.6809605585167194
2045,0.3224675094263196,0.002858736177832673,0.6746737543958478
2046,0.32843658903545087,0.0029481383263329918,0.6686152726382161
2047,0.3341834144872821,0.003041393768030327,0.6627751917446876
2048,0.339717961255068,0.003139485123847503,0.6571425536210844
2049,0.3450510337448265,0.0032434568967557626,0.6517055093584178
2050,0.3501941298224858,0.003354410892819099,0.6464514592846952
2051,0.3551593121398879,0.003473501237114293,0.6413671866229979
2052,0.3599590848528928,0.003601929405009635,0.6364389857420975
2053,0.3646062754403255,0.0037409388706631922,0.6316527856890113
2054,0.3691139216925308,0.0038918096889436903,0.6269942686185254
2055,0.3734951634003855,0.004055853020970017,0.6224489835786444
2056,0.37776314002948186,0.004234405482182107,0.6180024544883361
2057,0.38193089322879287,0.004428823634981812,0.6136402831362253
2058,0.386011275287103,0.004640478595319542,0.6093482461175775
2059,0.39001686582343725,0.00487075078487719,0.6051123833916855
2060,0.3939598944673962,0.00512102515665005,0.6009190803759538
2061,0.39785217387866634,0.00539268675672844,0.5967551393646051
2062,0.40170504306154625,0.005687117002842145,0.5926078399356115
2063,0.4055293221469077,0.006005690535764976,0.5884649873173273
2064,0.40933528033821903,0.006349773040057497,0.5843149466217235
2065,0.4131326190497705,0.006720719889052751,0.5801466610611768
2066,0.4169304713006094,0.007119875761409645,0.575949652937981
2067,0.4207374176767841,0.007548575326557957,0.571714006996658
2068,0.4245615222840386,0.008008144919259047,0.5674303327967024
2069,0.4284103873829617,0.008499905129627467,0.5630897074874108
2070,0.4322912281556709,0.00902517426813065,0.5586835975761985
2071,0.43621096872740706,0.00958527235353549,0.5542037589190575
2072,0.4401763570756459,0.010181525556972566,0.5496421173673817
2073,0.44419410102469137,0.010815270562776867,0.5449906284125318
2074,0.4482710210584164,0.011487858517832806,0.5402411204237509
2075,0.45241422182748037,0.012200657796035413,0.5353851203764843
2076,0.4566312753536469,0.012955055340941504,0.5304136693054118
2077,0.4609304177367933,0.013752455287379518,0.5253171269758272
2078,0.4653207512323047,0.014594274367763603,0.5200849743999317
2079,0.46981244898831637,0.01548193307050808,0.5147056179411754
2080,0.47441695587751564,0.016416841265293976,0.5091662028571905
2081,0.4791471777812326,0.017400377424964288,0.503452444793803
2082,0.48401765039173905,0.018433860110824173,0.49754848949743696
2083,0.48904467884740666,0.019518510759343112,0.4914368103932503
2084,0.49424643444408994,0.020655406060642267,0.4850981594952677
2085,0.4996429959907814,0.02184542022915911,0.4785115837800596
2086,0.5052563213143841,0.02308915507643397,0.47165452360918186
2087,0.5111101321491045,0.024386858737254817,0.4645030091136407
2088,0.5172296959756422,0.025738333165066324,0.4570319708592915
2089,0.5236414886868731,0.027142831152804785,0.44921568016032215
2090,0.5303727232122754,0.028598945901444954,0.44102833088627974
2091,0.5374507323017621,0.03010449594421473,0.4324447717540231
2092,0.5449022001946013,0.031656410530935895,0.4234413892744627
2093,0.552752243448403,0.03325062153005426,0.41399713502154273
2094,0.5610233554059255,0.03488196986865325,0.4040946747254213
2095,0.569734237371214,0.03654413511627176,0.3937216275125143
2096,0.5788985577462213,0.038229597985946655,0.3828718442678321
2097,0.5885236946788913,0.03992964543735772,0.371546659883751
2098,0.5986095322529679,0.041634427260707346,0.35975604048632476
2099,0.6091473927965797,0.043333070925150464,0.3475195362782697
