year,Model Uncertainty,Scenario Uncertainty,Inter-Annual Variability
1980,0.08637086758721402,0.0001620883838024297,0.9134670440289836
1981,0.06586412960606507,0.00011934360487150511,0.9340165267890634
1982,0.048958286205582215,9.50084690871431e-05,0.9509467053253307
1983,0.03535527095246082,8.385100676080155e-05,0.9645608780407784
1984,0.02469887356804255,8.134586034707425e-05,0.9752197805716104
1985,0.016604140042931353,8.379380860047789e-05,0.9833120661484682
1986,0.010681841543708341,8.835674042085159e-05,0.9892298017158708
1987,0.006557159934477495,9.302795714956103e-05,0.9933498121083729
1988,0.0038826690156053543,9.655869194861225e-05,0.996020772292446
1989,0.002346286559148508,9.835949089111905e-05,0.9975553539499603
1990,0.0016751554143954323,9.839114978103291e-05,0.9982264534358235
1991,0.0016364674892964857,9.705560232287198e-05,0.9982664769083806
1992,0.0020361593247438074,9.509356593662938e-05,0.9978687471093196
1993,0.0027162513808562795,9.349237566360491e-05,0.9971902562434801
1994,0.003551429337407121,9.340549791185933e-05,0.996355165164681
1995,0.004445300234978065,9.608367767962457e-05,0.9954586160873423
1996,0.005326617695879614,0.00010281683993216843,0.9945705654641882
1997,0.006145661747101165,0.00011488560222367147,0.9937394526506752
1998,0.0068708782666937794,0.00013352096169242481,0.9929956007716138
1999,0.007485825543517384,0.00015987098025715897,0.9923543034762254
2000,0.007986441442221255,0.00019497343854635231,0.9918185851192324
2001,0.008378618881696708,0.00023973349864274364,0.9913816476196605
2002,0.008676067577345532,0.00029490583140009415,0.9910290265912544
2003,0.008898433878705274,0.0003610807851946083,0.9907404853361002
2004,0.00906965040270561,0.00043867415996666145,0.9904916754373277
2005,0.009216489240713974,0.00052792064950612,0.9902555901097799
2006,0.009367296145363729,0.0006288705754589561,0.9900038332791774
2007,0.009550887031272237,0.0007413901680556968,0.989707722800672
2008,0.009795592744502918,0.0008651650268816569,0.9893392422286154
2009,0.010128440974498906,0.0009997068920762845,0.9888718521334248
2010,0.010574467449775622,0.0011443635458847957,0.9882811690043396
2011,0.011156149763922993,0.0012983315123169872,0.98754551872376
2012,0.01189295997768787,0.0014606715159552522,0.9866463685063569
2013,0.012801031242631955,0.001630326110495797,0.9855686426468723
2014,0.013892933374436233,0.0018061391114920435,0.9843009275140717
2015,0.015177552780663886,0.0019868766835689617,0.9828355705357672
2016,0.016660070330034724,0.002171248865107963,0.9811686808048574
2017,0.018342029666074216,0.002357931785570245,0.9793000385483556
2018,0.02022148558201822,0.0025455893999442353,0.9772329250180375
2019,0.022293225692186728,0.002732894744462243,0.974973879563351
2020,0.02454905060654,0.0029185499010931882,0.9725323994923668
2021,0.026978104534053353,0.0031013042308977606,0.9699205912350488
2022,0.029567241371121544,0.003279970933518408,0.9671527876953601
2023,0.03230141769902449,0.0034534413385588158,0.9642451409624166
2024,0.035164098266397555,0.003620696849679839,0.9612152048839225
2025,0.038137666900215035,0.0037808182576982725,0.9580815148420867
2026,0.04120383088420833,0.003932993083710619,0.954863176032081
2027,0.04434401156548342,0.004076520152302221,0.9515794682822143
2028,0.04753971548048785,0.004210811903431825,0.9482494726160803
2029,0.05077287919209875,0.00433539487395541,0.9448917259339458
2030,0.054026184892164895,0.004449908187045503,0.9415239069207896
2031,0.057283343469937846,0.004554100122772231,0.93816255640729
2032,0.06052934294433733,0.0046478236161249,0.9348228334395378
2033,0.06375066429749028,0.004731030466862249,0.9315183052356475
2034,0.06693546124199136,0.004803764398269277,0.9282607743597393
2035,0.07007370628145342,0.004866153730814952,0.9250601399877316
2036,0.07315730600258517,0.004918403412479705,0.9219242905849351
2037,0.07618018381790699,0.004960786597335333,0.9188590295847576
2038,0.07913833413143073,0.00499363661239873,0.9158680292561706
2039,0.08202984895453201,0.0050173384040314815,0.9129528126414365
2040,0.08485491757273814,0.005032320649621897,0.91011276177764
2041,0.0876158023762519,0.005039048295179194,0.9073451493285689
2042,0.09031679042001937,0.005038015412354054,0.9046451941676266
2043,0.09296412206905215,0.005029738763056337,0.9020061391678915
2044,0.0955658990808617,0.00501475268962355,0.8994193482295147
2045,0.09813197093014266,0.004993604399078979,0.8968744246707784
2046,0.10067380138355403,0.0049668508104371975,0.8943593478060087
2047,0.10320431429184597,0.004935056737493833,0.8918606289706602
2048,0.10573772286010416,0.004898794559510214,0.8893634825803857
2049,0.10828933970418024,0.004858645510123726,0.8868520147856961
2050,0.11087537137414263,0.0048152030796781015,0.8843094255461792
2051,0.11351269830838359,0.004769078836417864,0.8817182228551985
2052,0.1162186420256861,0.0047209099369919716,0.8790604480373219
2053,0.11901072509799027,0.004671369821173292,0.8763179050808365
2054,0.12190642199495796,0.004621182006569416,0.8734723959984726
2055,0.1249229104736682,0.004571136047143432,0.8705059534791884
2056,0.12807682470804588,0.0045221075975613425,0.8674010676943928
2057,0.1313840168022931,0.004475081857367785,0.8641409013403392
2058,0.1348593305041536,0.004431180111606164,0.8607094893842402
2059,0.138516394518488,0.0043916908186413485,0.8570919146628707
2060,0.14236744228225573,0.004358104066489972,0.8532744536512543
2061,0.14642316059982863,0.00433215010076112,0.8492446892994102
2062,0.15069257657935145,0.0043158419980317475,0.8449915814226168
2063,0.1551829854302785,0.004311521973011673,0.8405054925967098
2064,0.15989992542250056,0.004321911788237451,0.835778162789262
2065,0.16484720148871684,0.004350166309239407,0.8308026322020438
2066,0.17002696140327786,0.004399931094505821,0.8255731075022162
2067,0.17543982736786,0.00447540213383493,0.8200847704983051
2068,0.18108507788153633,0.004581388716498929,0.8143335334019648
2069,0.18696088331716645,0.004723377413361671,0.8083157392694719
2070,0.19306459197084885,0.004907597035699952,0.8020278109934511
2071,0.19939305959579,0.00514108338520736,0.7954658570190027
2072,0.2059430192167043,0.00543174124567216,0.7886252395376235
2073,0.21271148371530482,0.005788402919778311,0.781500113364917
2074,0.21969617422537072,0.006220879313716317,0.774082946460913
2075,0.22689596021177,0.006740001335044948,0.766364038453185
2076,0.23431130801974634,0.007357646562677231,0.7583310454175763
2077,0.24194471562179934,0.00808674637759087,0.7499685380006097
2078,0.24980112746087743,0.00894126742145136,0.7412576051176712
2079,0.25788830398600404,0.009936160035401475,0.7321755359785945
2080,0.2662171329763553,0.011087264689536951,0.7226956023341077
2081,0.27480185864437345,0.01241116763572321,0.7127869737199033
2082,0.2836601985129669,0.013924994891325964,0.7024148065957071
2083,0.29281332894777234,0.015646134460761303,0.6915405365914663
2084,0.3022857020023967,0.017591877139158472,0.6801224208584448
2085,0.3121046687290984,0.01977896670035426,0.6681163645705473
2086,0.322299876666284,0.022223056007684892,0.6554770673260311
2087,0.3329024198473966,0.024938067863282103,0.6421595122893213
2088,0.3439437269475638,0.02793546784972221,0.628120805202714
2089,0.35545417849568206,0.0312234662397337,0.6133223552645843
2090,0.3674614806034115,0.03480617588380588,0.5977323435127826
2091,0.37998882455905475,0.03868276686460221,0.5813284085763429
2092,0.39305291104781825,0.04284666958089449,0.5641004193712873
2093,0.4066619307595585,0.047284891626060165,0.5460531776143813
2094,0.42081363560555307,0.051977517161537735,0.5272088472329092
2095,0.43549364663525,0.05689746212948613,0.5076088912352639
2096,0.45067416419744666,0.062010549013719204,0.48731528678883407
2097,0.46631323320930895,0.06727594846676366,0.46641081832392745
2098,0.48235469465354747,0.07264700898716091,0.4449982963592916
2099,0.49872890780535883,0.07807246211284098,0.42319863008180014
