year,Model Uncertainty,Scenario Uncertainty,Inter-Annual Variability
1980,0.029513758730167546,0.0031952908869603814,0.967290950382872
1981,0.02322690243458848,0.0020464106588241136,0.9747266869065875
1982,0.017978839282770935,0.0012230635891817014,0.9807980971280474
1983,0.013656940766015478,0.000665224128940803,0.9856778351050437
1984,0.01015265169336839,0.0003188909950112058,0.9895284573116204
1985,0.007363598328096757,0.00013645000626458383,0.9924999516656386
1986,0.005194979521116904,7.672343274199117e-05,0.9947282970461412
1987,0.0035603610083447803,0.00010478479352668649,0.9963348541981285
1988,0.002381995704708957,0.00019160856084741122,0.9974263957344436
1989,0.001590781410562972,0.0003136126924126046,0.9980956058970244
1990,0.0011259551771830116,0.0004521400692434631,0.9984219047535736
1991,0.0009346063999111753,0.0005929139884178985,0.998472479611671
1992,0.0009710754805527716,0.0007254932553890847,0.9983034312640581
1993,0.001196289395270147,0.0008427445161272152,0.9979609660886026
1994,0.001577073496215291,0.0009403435888091388,0.9974825829149756
1995,0.0020854676372515407,0.001016312274257546,0.9968982200884908
1996,0.0026980665897639224,0.0010705944564144653,0.9962313389538215
1997,0.003395397706619393,0.0011046722355525,0.9954999300578281
1998,0.004161344124884755,0.001121221681383709,0.9947174341937316
1999,0.004982617682548268,0.0011238067509673625,0.9938935755664844
2000,0.005848283373952131,0.0011166091867222685,0.9930351074393257
2001,0.006749335033789294,0.0011041922462290959,0.9921464727199816
2002,0.007678320986711294,0.0010912956702597554,0.9912303833430289
2003,0.008629017232510089,0.0010826600304249996,0.990288322737065
2004,0.00959614550844961,0.0010828778083845025,0.9893209766831659
2005,0.010575133419174813,0.0010962694851032128,0.988328597095722
2006,0.0115619130265114,0.001126782764949349,0.9873113042085393
2007,0.012552755205339305,0.0011779130020070886,0.9862693317926536
2008,0.013544136252915671,0.0012526433170015065,0.9852032204300828
2009,0.014532634089279482,0.0013534027405583857,0.9841139631701622
2010,0.015514850619910913,0.0014820408679696879,0.9830031085121194
2011,0.01648735754368204,0.0016398174540144992,0.9818728250023034
2012,0.017446663243014464,0.001827405590940547,0.980725931166045
2013,0.018389196899260364,0.0020449066897589396,0.9795658964109807
2014,0.019311309198029425,0.0022918761678317376,0.9783968146341389
2015,0.020209285125795916,0.002567358037895459,0.9772233568363087
2016,0.021079368275643922,0.0028699272436307436,0.9760507044807254
2017,0.021917793541547617,0.0031977380338319285,0.9748844684246204
2018,0.02272082702105128,0.003548577493993289,0.9737305954849554
2019,0.023484810349017574,0.003919922368884178,0.9725952672820982
2020,0.024206209260409905,0.004308998641002113,0.9714847920985881
2021,0.024881663277883923,0.0047128421350044105,0.9704054945871117
2022,0.02550803686247773,0.0051283596878116035,0.9693636034497107
2023,0.0260824696335348,0.005552389600320617,0.9683651407661445
2024,0.02660242562451507,0.005981760719308832,0.9674158136561761
2025,0.027065739885867805,0.006413349624257182,0.9665209104898751
2026,0.027470662776278562,0.006844134924701104,0.9656852022990203
2027,0.02781590003745665,0.0072712486087325705,0.9649128513538108
2028,0.028100649356813223,0.007692023860328152,0.9642073267828587
2029,0.028324632479177228,0.008104038807315925,0.9635713287135068
2030,0.0284881222229076,0.00850515637506008,0.9630067214020324
2031,0.028591964235573246,0.008893559430155228,0.9625144763342715
2032,0.02863759419053466,0.009267781884021801,0.9620946239254435
2033,0.02862704795803021,0.009626734507498194,0.9617462175344716
2034,0.02856296675672611,0.00996972627413962,0.9614673069691343
2035,0.028448595820336316,0.010296480666701524,0.9612549235129622
2036,0.02828777611772293,0.010607146953801355,0.9611050769284757
2037,0.028084930020350413,0.010902305980125678,0.961012763999524
2038,0.02784503958507592,0.011182971038953273,0.9609719893759708
2039,0.027573617151994925,0.011450582967374206,0.9609757998806309
2040,0.027276669787889226,0.011706999961987147,0.9610163302501237
2041,0.026960654831047426,0.011954481412110007,0.9610848637568425
2042,0.026632428491635534,0.012195666252981944,0.9611719052553825
2043,0.026299186779889402,0.012433545322267698,0.9612672678978429
2044,0.02596839933621496,0.012671428029362847,0.9613601726344222
2045,0.025647734988352214,0.012912903007198464,0.9614393620044493
2046,0.02534498178713312,0.013161793336190285,0.9614932248766765
2047,0.025067960208171185,0.013422106087489867,0.961509933704339
2048,0.02482443140666952,0.013697976978491368,0.961477591614839
2049,0.02462200080878727,0.013993609702823108,0.9613843894883896
2050,0.02446801938317966,0.014313211768488918,0.9612187688483315
2051,0.024369482502241687,0.01466092622106288,0.9609695912766955
2052,0.024332930319060038,0.015040760970350151,0.9606263087105898
2053,0.02436434897808436,0.015456515980464271,0.9601791350414514
2054,0.024469077247574456,0.01591171016315934,0.9596192125892663
2055,0.02465171900768075,0.01640950831095724,0.958938772681362
2056,0.024916065030049315,0.016952649755830416,0.9581312852141203
2057,0.025265026055726923,0.017543380162336034,0.9571915937819371
2058,0.02570057960220668,0.01818338730409363,0.9561160330936996
2059,0.02622373309112093,0.01887374280442995,0.9549025241044491
2060,0.02683450538258164,0.01961485037633878,0.9535506442410796
2061,0.027531928902851513,0.020406402369293166,0.9520616687278552
2062,0.028314074466858668,0.021247345618904553,0.9504385799142367
2063,0.0291781004234897,0.02213585678933752,0.9486860427871727
2064,0.030120327107707102,0.023069329636004082,0.9468103432562888
2065,0.031136339481561463,0.024044372863021527,0.944819287655417
2066,0.0322211165280266,0.02505682048157071,0.9427220629904027
2067,0.03336919065223064,0.02610175469151521,0.9405290546562541
2068,0.034574836829589346,0.027173540774330273,0.9382516223960804
2069,0.03583229161831364,0.028265874961085517,0.9359018334206008
2070,0.03713600390257441,0.029371844993063,0.9334921511043626
2071,0.03848091763230985,0.030484003142937994,0.9310350792247521
2072,0.039862787189955465,0.03159445229769662,0.928542760512348
2073,0.041278527104620245,0.03269494545248628,0.9260265274428935
2074,0.042726596879378624,0.03377699803892012,0.9234964050817012
2075,0.04420742280766565,0.03483201548093204,0.9209605617114023
2076,0.04572385820908067,0.03585143633856832,0.9184247054523511
2077,0.04728168277581362,0.0368268916718085,0.9158914255523779
2078,0.048890143414623916,0.037750384803106225,0.9133594717822698
2079,0.050562535099537245,0.03861449131283274,0.91082297358763
2080,0.05231682115298403,0.03941258435177047,0.9082705944952455
2081,0.05417628880500878,0.04013908629751826,0.905684624897473
2082,0.05617023230884811,0.04078975137365841,0.9030400163174935
2083,0.05833465166594437,0.041361980786338404,0.9003033675477172
2084,0.06071294787489869,0.04185517319140743,0.8974318789336939
2085,0.06335658633157912,0.04227111088383205,0.8943723027845889
2086,0.06632568992372827,0.04261437964561951,0.8910599304306522
2087,0.06968951081387076,0.04289281814377545,0.8874176710423538
2088,0.07352671006163787,0.043117985975103044,0.8833553039632591
2089,0.07792536475432998,0.04330563571452332,0.8787689995311466
2090,0.08298259598305675,0.04347616431665587,0.8735412397002873
2091,0.08880370304602388,0.04365501019907491,0.8675412867549012
2092,0.09550067477558616,0.04387295363539649,0.8606263715890172
2093,0.10318994910597183,0.04416626391746076,0.8526437869765675
2094,0.1119893072342384,0.04457662991282164,0.84343406285294
2095,0.1220138248109239,0.045150803740779524,0.8328353714482966
2096,0.13337086395443593,0.045939886614015324,0.8206892494315488
2097,0.14615418791928692,0.04699819676958686,0.8068476153111263
2098,0.16043739837690166,0.04838168123268117,0.7911809203904172
2099,0.17626704800312476,0.05014587039267568,0.7735870816041994
