year,Model Uncertainty,Scenario Uncertainty,Inter-Annual Variability
1980,0.1272871711222903,0.001111635174880356,0.8716011937028293
1981,0.0998740287277819,0.0007565006985448893,0.8993694705736732
1982,0.07657288569202648,0.00048367436157031174,0.9229434399464033
1983,0.05725231039783708,0.00028516237156887435,0.9424625272305941
1984,0.041655347683749254,0.00015147528945759023,0.9581931770267932
1985,0.029436131266796558,7.244086147202785e-05,0.9704914278717315
1986,0.02019581679086143,3.78997590249039e-05,0.9797662834501136
1987,0.013514242974310484,3.82407997367953e-05,0.9864475162259527
1988,0.0089753449384686,6.476621896442906e-05,0.990959888842567
1989,0.006185747916820128,0.00010990171463589899,0.9937043503685439
1990,0.004786959519017204,0.0001672794652453007,0.9950457610157375
1991,0.004462148999494709,0.00023172661843108444,0.9953061243820742
1992,0.004938717098965518,0.0002991902360240747,0.9947620926650104
1993,0.005987840319655709,0.00036662460483609437,0.9936455350755082
1994,0.007422016715168038,0.0004318607823060296,0.9921461225025259
1995,0.00909143122349779,0.0004934723025789965,0.9904150964739232
1996,0.010879748055306,0.0005506461359930022,0.988569605808701
1997,0.012699749737462067,0.0006030639371477171,0.9866971863253902
1998,0.014489094804586383,0.0006507961710374236,0.9848601090243763
1999,0.016206352707582708,0.000694209637050727,0.9830994376553666
2000,0.01782739506310793,0.0007338879729525185,0.9814387169639395
2001,0.01934217113758758,0.000770564109092313,0.9798872647533201
2002,0.02075185992253179,0.0008050632578755106,0.9784430768195927
2003,0.022066376766550908,0.0008382553073298184,0.9770953679261193
2004,0.023302200304246463,0.0008710151925665759,0.9758267845031869
2005,0.02448048653396657,0.0009041903203472844,0.9746153231456861
2006,0.025625436186865223,0.000938574106256816,0.973435989706878
2007,0.026762887765053485,0.0009748848282926093,0.9722622274066539
2008,0.027919111158598818,0.0010137494466829601,0.9710671393947183
2009,0.029119782385502765,0.0010556916879516575,0.9698245259265457
2010,0.030389124434363413,0.0011011241802821288,0.9685097513853546
2011,0.03174920093464044,0.0011503442081626826,0.967100454857197
2012,0.03321935351615591,0.0012035329838014485,0.9655771135000426
2013,0.03481577385130555,0.0012607579153421596,0.9639234682333523
2014,0.036551202938506985,0.001321977710359605,0.9621268193511334
2015,0.03843474911195302,0.0013870500530024303,0.9601782008350446
2016,0.040471817187595155,0.001455741252198747,0.9580724415602062
2017,0.042664137952358905,0.0015277378038001993,0.9558081242438409
2018,0.04500988920077187,0.00160265931347129,0.9533874514857569
2019,0.04750389588829291,0.0016800722366508564,0.9508160318750563
2020,0.05013789723636565,0.0017595043980871763,0.9481025983655472
2021,0.05290086879448774,0.001840459581397026,0.9452586716241153
2022,0.05577938555088075,0.0019224319365340197,0.9422981825125852
2023,0.05875801414911916,0.0020049199560272647,0.9392370658948536
2024,0.06181972180589526,0.0020874395975692727,0.9360928385965355
2025,0.0649462901072529,0.002169536440762383,0.9328841734519846
2026,0.068118725363808,0.002250796637219782,0.9296304779989722
2027,0.07131765374902754,0.0023308565700513673,0.9263514896809211
2028,0.07452369766047516,0.0024094109857193107,0.9230668913538055
2029,0.07771782442256589,0.0024862199290888727,0.9197959556483453
2030,0.08088166539679352,0.0025611139378964,0.9165572206653101
2031,0.08399780052844619,0.0026339981186093504,0.9133682013529444
2032,0.08705000927909187,0.0027048547428499626,0.9102451359780582
2033,0.09002348483714046,0.0027737445612566456,0.9072027706016029
2034,0.09290501330981898,0.0028408069885241536,0.9042541797016569
2035,0.09568311906506778,0.002906259296256326,0.9014106216386759
2036,0.0983481759735567,0.0029703946515861586,0.8986814293748572
2037,0.10089248841384507,0.0030335793738246247,0.8960739322123302
2038,0.1033103419241278,0.0030962494066969774,0.8935934086691752
2039,0.10559802678688529,0.0031589059725746988,0.89124306724054
2040,0.10775383391559905,0.003222110757531173,0.8890240553268698
2041,0.10977802768014545,0.0032864802424333304,0.8869354920774212
2042,0.1116727940067363,0.003352679929059487,0.8849745260642042
2043,0.1134421656318546,0.003421417788050818,0.8831364165800947
2044,0.11509192669053407,0.003493437594705086,0.8814146357147609
2045,0.11662949382532951,0.0035695118947300128,0.8798009942799405
2046,0.11806377853543407,0.0036504349062483764,0.8782857865583175
2047,0.11940502705957524,0.0037370153757642775,0.8768579575646606
2048,0.12066464112495136,0.003830069453874672,0.8755052894211739
2049,0.12185497909789585,0.003930413987545145,0.874214606914559
2050,0.12298913819986292,0.004038860306218976,0.8729720014939181
2051,0.12408072051085636,0.004156208599123194,0.8717630708900205
2052,0.125143581786506,0.004283243329271862,0.8705731748842221
2053,0.1261915704976162,0.004420730026992713,0.8693876994753911
2054,0.127238253795133,0.004569413477259872,0.8681923327276071
2055,0.1282966410721983,0.004730017979191762,0.86697334094861
2056,0.12937890344007288,0.004903249759060157,0.865717846800867
2057,0.1304960996933314,0.005089802426744498,0.8644140978799241
2058,0.13165791084927658,0.005290364857334413,0.8630517242933889
2059,0.13287239175134855,0.005505633207805414,0.861621975040846
2060,0.13414574593048637,0.005736326172808261,0.8601179278967054
2061,0.1354821297633454,0.005983204850614011,0.8585346653860405
2062,0.13688349467646652,0.006247096805089755,0.8568694085184437
2063,0.13834947236733208,0.006528925117438534,0.8551216025152293
2064,0.1398773101349326,0.006829742499640681,0.8532929473654268
2065,0.14146186275325906,0.0071507705871941794,0.8513873666595467
2066,0.1430956450877632,0.007493445123993766,0.849410909788243
2067,0.14476895027334066,0.007859466407956551,0.8473715833187028
2068,0.14647003895044572,0.008250856128273747,0.8452791049212806
2069,0.14818540238872863,0.008670019700561993,0.8431445779107094
2070,0.14990010180113164,0.009119815008678749,0.8409800831901896
2071,0.15159819024171658,0.009603627167459185,0.8387981825908242
2072,0.15326321889057876,0.010125448923757434,0.8366113321856639
2073,0.15487883314498718,0.010689967072013792,0.8344311997829991
2074,0.1564294660280415,0.011302653813729708,0.8322678801582287
2075,0.15790113272640616,0.011969862480684755,0.8301290047929092
2076,0.1592823396903491,0.012698925811795733,0.8280187344978551
2077,0.16056511409633212,0.01349825493368437,0.8259366309699836
2078,0.16174616859463498,0.01437743574594727,0.8238763956594177
2079,0.16282820999167547,0.015347317367726114,0.8218244726405984
2080,0.16382140239314485,0.01642008715478381,0.8197585104520714
2081,0.16474499039348428,0.017609321652830988,0.8176456879536846
2082,0.1656290788046396,0.018930002756443274,0.8154409184389172
2083,0.16651655326777903,0.020398482388078853,0.8130849643441421
2084,0.16746510418233018,0.022032376178001696,0.8105025196396681
2085,0.1685492890599598,0.023850360944055987,0.8076003499959842
2086,0.16986252452330028,0.02587184810297005,0.8042656273737296
2087,0.17151885242708578,0.028116499727599165,0.8003646478453151
2088,0.17365425547186802,0.030603553898688254,0.7957421906294437
2089,0.1764272293527894,0.033350929260903356,0.7902218413863072
2090,0.18001824835959568,0.03637408550436807,0.7836076661360363
2091,0.18462769552215533,0.0396846353749754,0.7756876691028693
2092,0.1904718095431081,0.043288732648180055,0.7662394578087118
2093,0.19777623297194236,0.04718529980985091,0.7550384672182067
2094,0.20676687061427115,0.051364211716195984,0.7418689176695329
2095,0.21765801939711463,0.055804610255953915,0.7265373703469313
2096,0.2306381027393626,0.060473579145102686,0.7088883181155348
2097,0.2458538357001996,0.06532544341304332,0.6888207208867569
2098,0.2633941783312332,0.07030195814354587,0.666303863525221
2099,0.2832759062208892,0.07533359425572524,0.6413904995233856
