year,Model Uncertainty,Scenario Uncertainty,Inter-Annual Variability
1980,0.026891163040953917,0.005167977783473416,0.9679408591755726
1981,0.02072672018142302,0.003406939437452975,0.975866340381124
1982,0.016310796532767367,0.0020972194946197766,0.9815919839726128
1983,0.013288167811431816,0.00116954427536746,0.9855422879132006
1984,0.011338794794763634,0.0005576066496300731,0.9881035985556063
1985,0.01018403647762759,0.0002001517112569924,0.9896158118111155
1986,0.009588822330517065,4.2172642989025713e-05,0.9903690050264939
1987,0.009360964722371983,3.542195770655707e-05,0.9906036133199214
1988,0.009348626722073348,0.0001384337992410887,0.9905129394786856
1989,0.009436740166728843,0.00031622373335764135,0.9902470360999135
1990,0.00954295032335313,0.0005397970904775484,0.9899172525861692
1991,0.009613473874340665,0.0007855620556233051,0.9896009640700361
1992,0.009619106209748783,0.001034713867922884,0.9893461799223283
1993,0.009551504577586693,0.0012726325791446677,0.9891758628432686
1994,0.00941979701311296,0.0014883192653475368,0.9890918837215394
1995,0.009247518155374517,0.0016738827548123457,0.9890785990898132
1996,0.009069846440454781,0.0018240806682169165,0.9891060728913283
1997,0.00893110212648056,0.0019359131501251968,0.9891329847233943
1998,0.008882464240863447,0.0020082648646253423,0.9891092708945113
1999,0.008979867418192502,0.0020415889847797152,0.9889785435970277
2000,0.009282047372026796,0.0020376272427692485,0.9886803253852039
2001,0.009848714084640109,0.001999159624916735,0.9881521262904432
2002,0.01073884218919083,0.0019297788068102502,0.987331379003999
2003,0.012009078558552539,0.0018336852033449058,0.9861572362381026
2004,0.013712275437489865,0.0017154994705332553,0.9845722250919768
2005,0.015896165655623417,0.0015800903025547416,0.9825237440418217
2006,0.018602201521569904,0.001432417279915895,0.9799653811985143
2007,0.021864577760828563,0.0012773877392007458,0.9768580344999707
2008,0.025709463330935677,0.001119728841265719,0.9731708078277985
2009,0.030154458046614114,0.0009638756074332259,0.9688816663459527
2010,0.03520828807982971,0.0008138757408108872,0.9639778361793594
2011,0.040870743909814926,0.0006733125257978911,0.9584559435643871
2012,0.047132854802660426,0.0005452464778744731,0.9523218987194652
2013,0.053977290908456224,0.00043217593242811045,0.9455905331591157
2014,0.06137896379957145,0.00033601651341853134,0.93828501968701
2015,0.06930580224730831,0.00025809853940795115,0.9304360992132836
2016,0.07771966250092795,0.00019918117248019144,0.9220811563265919
2017,0.08657733585845434,0.0001594812693936922,0.9132631828721519
2018,0.09583161386575646,0.00013871486072034882,0.9040296712735232
2019,0.10543237112899871,0.00013614860098387584,0.8944314802700173
2020,0.11532762689775924,0.00015065859359923023,0.8845217145086415
2021,0.12546455774096252,0.0001807940232441421,0.8743546482357932
2022,0.1357904335049342,0.00022484298207338,0.8639847235129924
2023,0.14625345397914113,0.00028089833895834514,0.8534656476819005
2024,0.15680347887358756,0.000346921666382098,0.8428495994600304
2025,0.16739263749819439,0.0004208036420399229,0.8321865588597658
2026,0.17797582032268708,0.0005004197568421906,0.8215237599204707
2027,0.18851105603986817,0.0005836803876437623,0.810905263572488
2028,0.19895977745674825,0.0006685748148343333,0.8003716477284174
2029,0.2092869870706,0.0007532089178696296,0.7899598040115303
2030,0.21946133654011218,0.0008358365826979716,0.7797028268771898
2031,0.22945512597302964,0.000914884955344269,0.7696299890716262
2032,0.23924424459792012,0.000988974161417492,0.7597667812406624
2033,0.24880805341109397,0.0010569315393074885,0.7501350150495986
2034,0.25812923313394115,0.0011178012370240198,0.7407529656290349
2035,0.2671935986988654,0.0011708495279784585,0.7316355517731562
2036,0.2759898957524092,0.0012155663874719874,0.7227945378601189
2037,0.28450958317971703,0.0012516638369793232,0.7142387529833037
2038,0.29274660957398635,0.0012790714441757488,0.7059743189818379
2039,0.3006971903570847,0.001297929371381116,0.6980048802715342
2040,0.30835958798254776,0.0013085793422829904,0.6903318326751692
2041,0.3157338993492387,0.0013115537983417103,0.6829545468524196
2042,0.3228218524748319,0.001307563311275053,0.675870584213893
2043,0.32962661406215615,0.0012974826486803943,0.6690759032891636
2044,0.336152610483135,0.0012823353906401577,0.6625650541262249
2045,0.3424053590848049,0.0012632773863913967,0.6563313635288037
2046,0.3483913127781402,0.0012415789541053916,0.6503671082677543
2047,0.35411771748101717,0.001218605913568739,0.6446636766054141
2048,0.35959248076176703,0.0011957995486086422,0.6392117196896243
2049,0.3648240520904567,0.0011746554768368152,0.6340012924327064
2050,0.36982131283552944,0.0011567014370441457,0.6290219857274265
2051,0.37459347629490247,0.0011434742541009907,0.6242630494509965
2052,0.3791499990648026,0.001136495648701685,0.6197135052864956
2053,0.38350049778366324,0.0011372475960029832,0.6153622546203337
2054,0.3876546775246155,0.0011471468524127774,0.6111981756229716
2055,0.3916222653149285,0.0011675191390838559,0.6072102155459875
2056,0.3954129538895073,0.0011995730219127422,0.60338747308858
2057,0.3990363531708005,0.0012443740533730231,0.5997192727758264
2058,0.40250194695539143,0.001302819079822803,0.5961952339647859
2059,0.40581906299352,0.0013756114096051659,0.5928053255968748
2060,0.40899684768348227,0.0014632369206513459,0.5895399153958664
2061,0.4120442509748558,0.0015659419182630695,0.5863898071068812
2062,0.41497002452770987,0.001683712665258578,0.5833462628070316
2063,0.41778272819355805,0.001816257425544661,0.5804010143808973
2064,0.42049074885562693,0.001962991289433638,0.5775462598549393
2065,0.423102334627416,0.00212302436172693,0.5747746410108572
2066,0.42562564259057234,0.0022951536227669824,0.5720792037866606
2067,0.42806880157851984,0.0024778589888991434,0.5694533394325811
2068,0.4304399937302743,0.002669304133982562,0.5668907021357431
2069,0.4327475539341731,0.0028673423137849877,0.564385103752042
2070,0.43500008933293843,0.00306952778319424,0.5619303828838673
2071,0.43720662015841855,0.003273133364114312,0.5595202464774671
2072,0.43937674190446674,0.0034751744014445787,0.5571480836940886
2073,0.4415208127060225,0.003672440020844584,0.554806747273133
2074,0.4436501630126825,0.003861531731428479,0.5524883052558889
2075,0.44577733116636054,0.004038910895029405,0.5501837579386102
2076,0.447916321152624,0.004200954941968861,0.547882723905407
2077,0.4500828856884601,0.004344023860369388,0.5455730904511706
2078,0.4522948282840524,0.0044645377785421355,0.5432406339374055
2079,0.45457232289191485,0.004559066397054401,0.5408686107110307
2080,0.4569382463545383,0.00462443215216026,0.5384373214933014
2081,0.459418512265955,0.004657827537985327,0.5359236601960597
2082,0.4620423960653688,0.004656947859673657,0.5333006560749575
2083,0.46484283946404864,0.004620140382599229,0.5305370201533521
2084,0.4678567053353012,0.004546569829989078,0.5275967248347097
2085,0.4711249648791266,0.004436399706068705,0.5244386354148046
2086,0.47469277882490535,0.004290987709613882,0.5210162334654808
2087,0.47860943639539055,0.004113091457656979,0.5172774721469525
2088,0.4829281015278921,0.003907079209662981,0.5131648192624447
2089,0.4877053191378044,0.0036791365712327473,0.5086155442909629
2090,0.49300022309730324,0.0034374573094250204,0.5035623195932718
2091,0.49887339324555996,0.0031924026013080958,0.49793420415313183
2092,0.5053853171868102,0.0029566088442510192,0.49165807396893885
2093,0.5125944213893308,0.0027450214196219212,0.4846605571910472
2094,0.5205546765768401,0.0025748282899838966,0.4768704951331761
2095,0.5293128046460703,0.002465268435865662,0.46822192691806397
2096,0.5389051791708042,0.002437291755773351,0.45865752907342244
2097,0.5493545619869711,0.0025130546072560105,0.448132383405773
2098,0.5606668850835627,0.0027152467226382255,0.43661786819379905
2099,0.5728283420262247,0.0030662607874721187,0.42410539718630313
