year,Model Uncertainty,Scenario Uncertainty,Inter-Annual Variability
1980,0.09691050947917174,0.003611523339333554,0.8994779671814946
1981,0.07604435359012839,0.002522531255347924,0.9214331151545236
1982,0.058357443755117866,0.00167373299723461,0.9399688232476475
1983,0.04368758614764029,0.0010393932295890526,0.9552730206227706
1984,0.031805163326011694,0.0005912779801460939,0.9676035586938423
1985,0.02243529671645517,0.0003004239022209923,0.9772642793813239
1986,0.015278363478044137,0.0001385893122036463,0.9845830472097522
1987,0.010027511256256954,7.934019791680573e-05,0.9898931485458262
1988,0.006382522941784219,9.877696658532207e-05,0.9935187000916306
1989,0.004059957365627314,0.00017594351730081348,0.9957640991170719
1990,0.0027998805375576306,0.0002929781417950204,0.9969071413206474
1991,0.0023697188705837043,0.000435070766948355,0.9971952103624679
1992,0.00256584338550969,0.0005902864416415383,0.9968438701728488
1993,0.003213477587388478,0.0007493061906823328,0.9960372162219292
1994,0.00416545115562952,0.0009051249411891651,0.9949294239031813
1995,0.005300226265291271,0.0010527359378394922,0.9936470377968692
1996,0.006519526196618343,0.0011888214078687976,0.9922916523955129
1997,0.007745804194857439,0.0013114621358383217,0.9909427336693043
1998,0.008919719116213703,0.0014198727772091687,0.9896604081065771
1999,0.009997721864034869,0.0015141656063768977,0.9884881125295882
2000,0.010949813977749773,0.001595143325998383,0.9874550426962518
2001,0.011757508067034277,0.001664119393469464,0.9865783725394962
2002,0.012411997492941862,0.0017227635796181677,0.98586523892744
2003,0.012912528890257414,0.0017729703487586832,0.9853145007609839
2004,0.013264964122543745,0.001816747305618127,0.9849182885718382
2005,0.013480513165382537,0.0018561214222283834,0.984663365412389
2006,0.013574618845918764,0.001893060712802706,0.9845323204412786
2007,0.013565974197058158,0.0019294094955707088,0.9845046163073712
2008,0.013475655866187644,0.0019668358951011344,0.9845575082387112
2009,0.013326358307864453,0.00200679012627166,0.9846668515658639
2010,0.013141716448483533,0.0020504724744938303,0.9848078110770225
2011,0.012945706469027311,0.002098810593507482,0.9849554829374653
2012,0.012762116298778959,0.0021524446312682142,0.9850854390699527
2013,0.012614081336302261,0.0022117205674802034,0.9851741980962174
2014,0.012523678879504448,0.0022766904828197348,0.9851996306376757
2015,0.012511579529640651,0.0023471194806157307,0.9851413009897436
2016,0.012596752875005534,0.0024224990194726902,0.9849807481055218
2017,0.012796225061163406,0.0025020654200112688,0.9847017095188254
2018,0.01312488797574307,0.0025848237981780796,0.9842902882260788
2019,0.01359535690583272,0.0026695758679026156,0.9837350672262647
2020,0.014217876448049485,0.0027549517963390557,0.9830271717556115
2021,0.015000271622379083,0.002839444603647695,0.9821602837739732
2022,0.015947941540594465,0.002921446736263277,0.9811306117231422
2023,0.01706389345791737,0.002999288006107938,0.9799368185359748
2024,0.01834881242464151,0.003071274031423349,0.9785799135439351
2025,0.01980116335141748,0.003135724350573261,0.9770631122980092
2026,0.021417320617276806,0.0031910098896962475,0.9753916694930269
2027,0.023191720885942277,0.003235588572599533,0.9735726905414582
2028,0.025117033856505468,0.0032680390745541106,0.9716149270689404
2029,0.02718434653869097,0.003287091864357212,0.9695285615969518
2030,0.02938335621961505,0.003291657351223408,0.9673249864291615
2031,0.031702566965893485,0.0032808506150108652,0.9650165824190957
2032,0.034129487172437294,0.0032540129956033074,0.9626164998319594
2033,0.03665082248074861,0.0032107297600822513,0.9601384477591692
2034,0.03925266210957019,0.00315084437901688,0.957596493511413
2035,0.04192065525572703,0.0030744691085718805,0.955004875635701
2036,0.04464017536440404,0.002981992245321283,0.9523778323902746
2037,0.04739647163165217,0.002874081665513368,0.9497294467028344
2038,0.050174804609549935,0.0027516856798033055,0.9470735097106467
2039,0.052960566830215314,0.0026160303964950075,0.9444234027732897
2040,0.055739388002457306,0.0024686146708682763,0.9417919973266744
2041,0.058497224040219,0.002311202360370089,0.9391915735994109
2042,0.06122043146767762,0.002145812239711109,0.9366337562926113
2043,0.06389582692913091,0.0019747058973311475,0.9341294671735378
2044,0.06651073399240039,0.0018003736574193038,0.9316888923501804
2045,0.06905301756020607,0.0016255189781166583,0.9293214634616772
2046,0.0715111070340051,0.0014530413561555581,0.9270358516098394
2047,0.07387401146429969,0.0012860179372029758,0.9248399705984974
2048,0.0761313245860591,0.001127684339432354,0.9227409910745085
2049,0.07827322672030888,0.000981414431081361,0.9207453588486098
2050,0.08029047962957714,0.0008506997144259336,0.9188588206559969
2051,0.08217441955264405,0.0007391282984814447,0.9170864521488744
2052,0.08391695027285287,0.0006503638076431767,0.9154326859195039
2053,0.08551053499622638,0.0005881244495529449,0.9139013405542208
2054,0.08694819281855763,0.000556162478706884,0.9124956447027355
2055,0.08822349990882178,0.0005582444937038665,0.9112182555974744
2056,0.08933059529713606,0.0005981326918695639,0.9100712720109944
2057,0.0902641995338653,0.0006795675073134222,0.9090562329588213
2058,0.09101964052434969,0.00080625206405849,0.9081741074115919
2059,0.09159289734452782,0.0009818386317593686,0.9074252640237127
2060,0.09198065806521594,0.0012099175507763464,0.9068094243840077
2061,0.09218039874612358,0.0014940090477634236,0.906325592206113
2062,0.09219048540713913,0.0018375581271848566,0.9059719564656761
2063,0.09201030178776755,0.002243933076636692,0.9057457651355957
2064,0.09164040971562733,0.0027164278041493977,0.9056431624802233
2065,0.0910827427797616,0.003258268073010719,0.9056589891472278
2066,0.09034084100993109,0.0038726222953381103,0.9057865366947309
2067,0.08942012910313592,0.004562616506202198,0.9060172543906618
2068,0.0883282449241073,0.005331353685315847,0.9063404013905769
2069,0.08707542458392523,0.006181937391759474,0.9067426380243152
2070,0.08567494501606818,0.007117498898002389,0.9072075560859294
2071,0.08414363499295452,0.008141227988183687,0.9077151370188619
2072,0.08250245318990755,0.009256405702153638,0.9082411411079389
2073,0.08077713826333616,0.01046643849235936,0.9087564232443045
2074,0.07899893233873766,0.01177489148450839,0.9092261761767539
2075,0.07720537093460567,0.013185519246223654,0.9096091098191706
2076,0.07544113557703956,0.014702291003686061,0.9098565734192744
2077,0.07375895101960281,0.01632940673881312,0.909911642241584
2078,0.07222050554767247,0.0180713006398638,0.9097081938124637
2079,0.07089735890180296,0.01993262584025768,0.9091700152579394
2080,0.06987178894420479,0.021918215435264614,0.9082099956205306
2081,0.06923751118531368,0.024033013907834903,0.9067294749068514
2082,0.0691001864200007,0.026281969751208133,0.9046178438287913
2083,0.06957761000390555,0.02866988530824327,0.9017525046878512
2084,0.07079945591849923,0.031201215041327387,0.8979993290401733
2085,0.07290643025427397,0.03387980775813917,0.8932137619875868
2086,0.07604867806590693,0.036708591264592465,0.8872427306695007
2087,0.08038328741982861,0.03968919992274934,0.879927512657422
2088,0.08607075475658334,0.04282155339382924,0.8711076918495875
2089,0.09327031898412472,0.04610340198061329,0.860626279035262
2090,0.10213414857518344,0.049529860677050945,0.8483359907477656
2091,0.11280047098808227,0.05309296882135914,0.8341065601905586
2092,0.1253858787090805,0.056781313603640894,0.8178328076872787
2093,0.13997720325514096,0.06057976925346215,0.7994430274913968
2094,0.15662351176902198,0.06446940092645452,0.7789070873045235
2095,0.17532891631977524,0.06842757877053289,0.7562435049096918
2096,0.19604696170807148,0.07242833624451359,0.7315247020474149
2097,0.21867733881021398,0.07644298282070341,0.7048796783690826
2098,0.24306553935930475,0.0804409589436856,0.6764935016970096
2099,0.2690058257755489,0.08439088304333495,0.6466032911811161
