year,Model Uncertainty,Scenario Uncertainty,Inter-Annual Variability
1980,0.06326202468239196,0.007793041558071506,0.9289449337595365
1981,0.05277005091314299,0.00484995965941141,0.9423799894274456
1982,0.04385016910198656,0.0027442315423488847,0.9534055993556646
1983,0.036337574977259424,0.0013363572935138526,0.9623260677292268
1984,0.03006222794283263,0.0004929000440630285,0.9694448720131044
1985,0.024857144491368326,9.070762194321072e-05,0.9750521478866885
1986,0.020564467323280284,1.9540346170092526e-05,0.9794159923305497
1987,0.01703951674110342,0.00018338174380612087,0.9827771015150905
1988,0.014153148468822216,0.0005007371997366889,0.985346114331441
1989,0.011792778144247078,0.000904209317598162,0.9873030125381547
1990,0.009862415301522548,0.0013395974319466923,0.9887979872665307
1991,0.008282007520917744,0.0017647182450537188,0.9899532742340285
1992,0.006986337534554914,0.002148094188151919,0.9908655682772932
1993,0.00592366072309682,0.0024676120112918916,0.9916087272656113
1994,0.0050542191969666795,0.0027092187278811176,0.9922365620751522
1995,0.004348727603806702,0.0028656938465364684,0.9927855785496569
1996,0.00378689258673136,0.002935518303755933,0.9932775891095127
1997,0.00335600379673301,0.0029218462620671046,0.9937221499411999
1998,0.003049618008754033,0.0028315785590129617,0.994118803432233
1999,0.002866345215407117,0.002674531149153251,0.9944591236354395
2000,0.0028087401621661656,0.002462690539932376,0.9947285692979014
2001,0.0028822971409359723,0.0022095475807530143,0.994908155278311
2002,0.0030945456184598274,0.001929501756082601,0.9949759526254576
2003,0.003454242505549874,0.0016373298194627057,0.9949084276749874
2004,0.003970657653350392,0.0013477135651311653,0.9946816287815183
2005,0.00465295024150085,0.0010748238418734426,0.9942722259166257
2006,0.005509632970957321,0.0008319585749211794,0.9936584084541215
2007,0.0065481227663152395,0.0006312340094407322,0.992820643224244
2008,0.007774375974431411,0.0004833289439674189,0.9917422950816012
2009,0.009192606181790729,0.0003972818609985729,0.9904101119572107
2010,0.010805081811487538,0.0003803408213553041,0.9888145773671572
2011,0.012612000420859701,0.00043786575943564714,0.9869501338197046
2012,0.014611435049734146,0.0005732819347564113,0.9848152830155095
2013,0.01679934731317507,0.0007880825587820746,0.9824125701280428
2014,0.0191696601846936,0.0010818778143538127,0.9797484620009526
2015,0.02171438344466389,0.0014524864164981767,0.9768331301388379
2016,0.024423783322720775,0.0018960654569369901,0.9736801512203422
2017,0.027286586743446035,0.0024072730932197567,0.9703061401633342
2018,0.0302902124552474,0.0029794587892694826,0.9667303287554831
2019,0.033421018500984175,0.0036048751350552764,0.9629741063639605
2020,0.03666455870073887,0.0042749057180357306,0.9590605355812254
2021,0.04000583975354375,0.004980303341423397,0.9550138569050328
2022,0.043429571393025876,0.005711433578368203,0.9508589950286058
2023,0.04692040467721029,0.006458519256192691,0.9466210760665971
2024,0.05046315204874227,0.0072118818386280896,0.9423249661126296
2025,0.05404298738525137,0.00796217688246953,0.937994835732279
2026,0.05764562040116486,0.008700620902505932,0.9336537586963293
2027,0.06125744772954502,0.009419208412806412,0.9293233438576486
2028,0.06486567545906473,0.010110917802965847,0.9250234067379695
2029,0.06845841746696847,0.010769905872095442,0.9207716766609361
2030,0.0720247670563774,0.011391690837907288,0.9165835421057152
2031,0.07555484531869087,0.011973324378895306,0.9124718303024139
2032,0.07903982633224324,0.01251355312553609,0.9084466205422206
2033,0.0824719423199823,0.013012969445462501,0.9045150882345552
2034,0.08584446972287994,0.013474153764043038,0.9006813765130771
2035,0.0891516985216097,0.01390180595192537,0.8969464955264649
2036,0.09238888721865145,0.014302868090969397,0.8933082446903793
2037,0.09555220483239614,0.014686636186238215,0.8897611589813657
2038,0.09863866173138643,0.015064860392245796,0.8862964778763678
2039,0.1016460312205569,0.01545183198259199,0.8829021367968511
2040,0.10457276276337205,0.015864454156004685,0.8795627830806232
2041,0.10741788992346306,0.016322292633912508,0.8762598174426244
2042,0.11018093070907463,0.016847604461188704,0.8729714648297366
2043,0.11286178748336113,0.01746533658079323,0.8696728759358456
2044,0.11546064054415132,0.018203092780433413,0.8663362666754152
2045,0.11797784409609535,0.01909105951224703,0.8629310963916575
2046,0.1204138197132928,0.020161887530044848,0.8594242927566624
2047,0.12276895415644963,0.02145052098028716,0.8557805248632632
2048,0.12504349947009352,0.02299396906445409,0.8519625314654524
2049,0.12723748002068405,0.02483101494721032,0.8479315050321057
2050,0.12935060844228569,0.027001857314691503,0.8436475342430227
2051,0.13138221192605737,0.029547682273824726,0.8390701058001179
2052,0.1333311722275246,0.03251016511072935,0.8341586626617461
2053,0.13519588355879827,0.035930903459334446,0.8288732129818672
2054,0.13697422899489892,0.03985078667654842,0.8231749843285526
2055,0.1386635797872122,0.04430931103651852,0.8170271091762692
2056,0.14026081966321557,0.04934384954228227,0.8103953307945022
2057,0.14176239602946494,0.05498889441410964,0.8032487095564254
2058,0.14316439898111538,0.061275288936186174,0.7955603120826984
2059,0.1444626702754644,0.06822946949944016,0.7873078602250956
2060,0.1456529406594039,0.07587274214985003,0.778474317190746
2061,0.14673099388759547,0.08422061591507826,0.7690483901973263
2062,0.14769285696577486,0.09328221827199014,0.759024924762235
2063,0.1485350112183116,0.10305981318766276,0.7484051755940255
2064,0.1492546205920824,0.11354844276240182,0.7371969366455158
2065,0.14984977160144622,0.12473570525808993,0.725414523140464
2066,0.1503197198561518,0.13660168244216808,0.7130785977016801
2067,0.1506651359010969,0.1491190157803437,0.7002158483185594
2068,0.1508883453163194,0.1622531325647938,0.6868585221188869
2069,0.15099355569091008,0.1759626113583616,0.6730438329507284
2070,0.15098706776675253,0.19019967047082564,0.6588132617624218
2071,0.15087746314784664,0.20491076275766948,0.6442117740944839
2072,0.15067576766360716,0.22003724958449125,0.6292869827519016
2073,0.15039558526591437,0.2355161310205096,0.6140882837135759
2074,0.15005320403362854,0.2512808035073025,0.5986659924590689
2075,0.1496676710626226,0.26726181947210526,0.5830705094652721
2076,0.14926083706213863,0.2833876267578173,0.567351536180044
2077,0.1488573723983712,0.2995852645857259,0.551557363015903
2078,0.14848475382977985,0.31578100254015024,0.5357342436300698
2079,0.14817322428352203,0.33190090831189023,0.5199258674045878
2080,0.14795572536582588,0.3478713400420601,0.504172934592114
2081,0.14786780362321286,0.36361935871064627,0.48851283766614084
2082,0.14794748873038782,0.3790730658767686,0.47297944539284364
2083,0.14823514451161784,0.39416187030072664,0.45760298518765546
2084,0.1487732883852664,0.40881669623564226,0.4424100153790913
2085,0.1496063786595443,0.42297014228933105,0.42742347905112454
2086,0.15078056393318573,0.43655660981099687,0.41266282625581757
2087,0.15234339250090717,0.44951241051994706,0.3981441969791457
2088,0.15434347617821925,0.46177587339557524,0.38388065042620534
2089,0.15683010478146944,0.4732874639759332,0.36988243124259745
2090,0.15985280671148278,0.4839899308736806,0.35615726241483664
2091,0.16346085364304214,0.49382849167521675,0.3427106546817411
2092,0.16770270620168623,0.5027510696838495,0.32954622411446427
2093,0.17262540142940366,0.5107085880836225,0.31666601048697374
2094,0.17827388369626404,0.5176553274281882,0.30407078887554767
2095,0.184690285807766,0.5235493459761259,0.29176036821610823
2096,0.19191316491764854,0.5283529622240467,0.27973387285830487
2097,0.19997670970431505,0.5320332894724895,0.2679900008231954
2098,0.20890993004322642,0.5345628142899292,0.2565272556668445
2099,0.21873585110350138,0.5359200006813769,0.24534414821512165
