year,Model Uncertainty,Scenario Uncertainty,Inter-Annual Variability
1980,0.13991994004655361,0.0005649131254591796,0.8595151468279871
1981,0.11500887852276018,0.00035962967869067645,0.8846314917985492
1982,0.09335500244311493,0.00021160875355017735,0.9064333888033349
1983,0.07484985526612242,0.00011243882320719068,0.9250377059106704
1984,0.059306148930709304,5.338511065045744e-05,0.9406404659586401
1985,0.04648040830208932,2.5887494269126666e-05,0.9534937042036414
1986,0.036094794860223545,2.1948360812855228e-05,0.9638832567789637
1987,0.027856378307073135,3.440270853356827e-05,0.9721092189843933
1988,0.021472895109077593,5.7078013042281086e-05,0.9784700268778802
1989,0.016664690613810228,8.48608028910635e-05,0.9832504485832987
1990,0.013173019373810683,0.00011369090787033162,0.986713289718319
1991,0.010765168151653329,0.00014050441943419387,0.9890943274289125
1992,0.009236998070324642,0.00016314401230646257,0.9905998579173688
1993,0.008413520270741028,0.00018025152203565516,0.9914062282072232
1994,0.008148065265037413,0.00019115413110995196,0.9916607806038527
1995,0.00832051791324989,0.00019575172283879818,0.9914837303639112
1996,0.008834990243391676,0.00019441037792740612,0.9909705993786809
1997,0.009617210930195425,0.00018786468938313672,0.9901949243804214
1998,0.010611827991733323,0.000177130003934231,0.9892110420043324
1999,0.011779758484153368,0.00016342487603862355,0.988056816639808
2000,0.013095666863650005,0.0001481032328392032,0.9867562299035108
2001,0.014545619540349438,0.00013259560822927058,0.9853217848514212
2002,0.01612493880360322,0.00011835862896706142,0.9837567025674298
2003,0.017836261637442646,0.00010683198595657972,0.9820569063766008
2004,0.01968780107788328,9.940228430167544e-05,0.980212796637815
2005,0.021691802452516014,9.737319178717579e-05,0.9782108243556968
2006,0.023863182977631427,0.00010194152674206208,0.9760348754956264
2007,0.02621834519049839,0.00011417896720901248,0.9736674758422925
2008,0.028774153626102025,0.00013501921545519405,0.9710908271584429
2009,0.03154706525975586,0.00016525041911921108,0.968287684321125
2010,0.034552406252127896,0.00020551275172594276,0.9652420809961463
2011,0.03780378544195684,0.0002563009965505164,0.9619399135614927
2012,0.041312639848521425,0.0003179718982409748,0.9583693882532376
2013,0.045087901843292304,0.00039075615519361254,0.9545213420015141
2014,0.04913578128886104,0.0004747746098122677,0.9503894441013268
2015,0.053459653854611426,0.000570058346154712,0.9459702877992339
2016,0.05806004486293252,0.0006765722510414223,0.9412633828860261
2017,0.0629346993105762,0.0007942414840126208,0.9362710592054111
2018,0.06807872482524166,0.0009229803792832978,0.930998294795475
2019,0.07348479793275862,0.0010627231340824526,0.925452478933159
2020,0.07914341821879121,0.0012134557227419217,0.9196431260584668
2021,0.085043201014228,0.001375248523145674,0.9135815504626263
2022,0.09117119395770185,0.001548288993934351,0.9072805170483639
2023,0.09751320691012343,0.001732913939738227,0.9007538791501384
2024,0.10405414486146981,0.0019296409062736935,0.8940162142322565
2025,0.1107783331681202,0.0021391982064476456,0.8870824686254322
2026,0.11766982747980921,0.002362553296467237,0.8799676192237236
2027,0.12471270110653106,0.0026009391061533153,0.8726863597873156
2028,0.13189130426330178,0.00285587806069761,0.8652528176760006
2029,0.13919049127709776,0.0031292035852991088,0.8576803051376031
2030,0.1465958120029794,0.003423078775143716,0.849981109221877
2031,0.15409366676201885,0.0037400121790056567,0.8421663210589755
2032,0.1616714238614371,0.00408287041157071,0.8342457057269922
2033,0.16931749930766243,0.004454887312265963,0.8262276133800716
2034,0.17702140160565705,0.004859669833289144,0.8181189285610538
2035,0.18477374069080924,0.005301199839871361,0.8099250594693194
2036,0.1925662065121473,0.005783832351868255,0.8016499611359844
2037,0.2003915168976858,0.006312289430293321,0.7932961936720209
2038,0.2082433400516154,0.006891649787311589,0.7848650101610731
2039,0.21611619295895126,0.007527333957343917,0.7763564730837049
2040,0.22400532111041732,0.008225084865557803,0.7677695940240249
2041,0.2319065606656496,0.008990943420469485,0.7591024959138809
2042,0.2398161890462255,0.009831219729788527,0.750352591223986
2043,0.24773076555368165,0.010752459119663348,0.7415167753266549
2044,0.2556469673464921,0.011761403995978897,0.7325916286575289
2045,0.263561423261136,0.012864951055041275,0.7235736256838227
2046,0.2714705494285109,0.014070104760422527,0.7144593458110665
2047,0.27937039183522633,0.015383927387152472,0.7052456807776212
2048,0.2872564761125955,0.016813486340903162,0.6959300375465014
2049,0.2951236722181031,0.01836579947209511,0.6865105283098017
2050,0.30296607281810894,0.020047779783011126,0.67698614739888
2051,0.3107768920754434,0.0218661798623614,0.6673569280621953
2052,0.31854838434113375,0.023827538028203255,0.657624077630663
2053,0.3262717873514172,0.02593812654712023,0.6477900861014626
2054,0.33393728867174555,0.028203903904732815,0.6378588074235216
2055,0.34153401969685815,0.030630471937511786,0.6278355083656301
2056,0.3490500740168105,0.033223038571702994,0.6177268874114864
2057,0.35647255264723166,0.03598638815305744,0.6075410591997109
2058,0.36378763255925295,0.03892485886314925,0.5972875085775978
2059,0.3709806596644866,0.042042328801940664,0.5869770115335726
2060,0.3780362616622629,0.04534221017364033,0.5766215281640967
2061,0.38493847848045626,0.04882745244367157,0.566234069075872
2062,0.3916709084206604,0.052500553185238275,0.5558285383941013
2063,0.39821686560556824,0.056363576703000975,0.5454195576914308
2064,0.4045595450814711,0.060418179138684476,0.5350222757798444
2065,0.4106821935807686,0.06466563868676364,0.5246521677324677
2066,0.4165682807023308,0.06910689034879113,0.5143248289488782
2067,0.4222016700006676,0.07374256179912758,0.5040557682002047
2068,0.4275667851444697,0.07857301020005732,0.4938602046554728
2069,0.43264877160806403,0.0835983573830842,0.4837528710088517
2070,0.4374336510471259,0.08881852037534833,0.4737478285775256
2071,0.44190846803610545,0.09423323685486462,0.4638582951090298
2072,0.4460614303136364,0.0998420813044216,0.45409648838194194
2073,0.4498820417075726,0.10564447160709843,0.4444734866853289
2074,0.4533612304756504,0.11163966201228658,0.434999107512063
2075,0.4564914743805316,0.11782672210857617,0.42568180351089224
2076,0.4592669246664066,0.12420449781899226,0.41652857751460115
2077,0.4616835326800688,0.130771553765798,0.40754491355413325
2078,0.4637391816894293,0.13752609390480597,0.3987347244057648
2079,0.4654338268490887,0.1444658588600279,0.3901003142908833
2080,0.4667696473039938,0.15158799811274176,0.3816423545832645
2081,0.4677512131114693,0.15888891440687847,0.37335987248165226
2082,0.4683856703322099,0.16636407967526728,0.3652502499925228
2083,0.4686829454899543,0.1740078203716204,0.35730923413842536
2084,0.468655972245549,0.18181307148138023,0.3495309562730707
2085,0.46832094000307206,0.18977109862251942,0.3419079613744085
2086,0.4676975629488475,0.19787118906072768,0.33443124799042484
2087,0.4668093680840441,0.20610031308838175,0.3270903188275741
2088,0.46568399620753376,0.21444275792403236,0.31987324586843385
2089,0.46435350842778605,0.22287974115745365,0.31276675041476026
2090,0.4628546883449699,0.23138900887777347,0.30575630277725663
2091,0.4612293238012566,0.23994443068012936,0.29882624551861403
2092,0.4595244523062626,0.24851560381003476,0.29195994388370267
2093,0.45779254522618407,0.25706748556147807,0.28513996921233775
2094,0.4560916051289898,0.26556007499935097,0.27834831987165926
2095,0.4544851456982313,0.2739481699290807,0.2715666843726879
2096,0.45304201871454114,0.2821812310792297,0.2647767502062293
2097,0.4518360534023451,0.2902033854941544,0.2579605611035006
2098,0.4509454716649535,0.2979536064870909,0.2511009218479556
2099,0.4504520460063621,0.30536610587805196,0.24418184811558605
