year,Model Uncertainty,Scenario Uncertainty,Inter-Annual Variability
1980,0.06679010726438955,0.0032460143349647016,0.9299638784006458
1981,0.058953803534146185,0.0020020712013110575,0.9390441252645427
1982,0.05187822964691989,0.0011226846589526183,0.9469990856941274
1983,0.04547571360950943,0.0005407674245687013,0.9539835189659218
1984,0.03967124912664193,0.00019559828604716098,0.9601331525873108
1985,0.034402922716492236,3.3277325487564744e-05,0.9655637999580201
1986,0.02962170349907904,6.82412476085037e-06,0.9703714723761601
1987,0.025290767169423967,7.601879676892562e-05,0.974633214033807
1988,0.021384497131143067,0.00020706786868908132,0.9784084350001677
1989,0.0178872728315207,0.00037215976203715956,0.9817405674064422
1990,0.014792133434588241,0.0005489582295963565,0.9846589083358154
1991,0.012099379530079694,0.0007200684837040674,0.9871805519862162
1992,0.009815161041469154,0.0008724996592888753,0.9893123392992419
1993,0.00795008613977234,0.0009971386426252638,0.9910527752176024
1994,0.006517877838178987,0.0010882443176108323,0.9923938778442102
1995,0.005534098893594299,0.0011429671947659566,0.9933229339116397
1996,0.005014962470324287,0.00116089623202872,0.9938241412976471
1997,0.004976243979893374,0.0011436338011035203,0.9938801222190031
1998,0.0054323065268122375,0.0010943984253770258,0.9934732950478107
1999,0.006395253650566835,0.0010176553015119772,0.9925870910479211
2000,0.007874217415968254,0.0009187744259658449,0.991207008158066
2001,0.00987479151143137,0.0008037166416466666,0.9893214918469219
2002,0.012398613663217622,0.0006787484435830177,0.9869226378931995
2003,0.015443099329113141,0.0005501859652746219,0.9840067147056123
2004,0.019001324224911516,0.00042416979424930094,0.9805745059808392
2005,0.023062050666931747,0.00030647085393552997,0.9766314784791327
2006,0.02760988658196377,0.0002023284760520365,0.9721877849419842
2007,0.032625564195147,0.00011632070356092271,0.9672581151012921
2008,0.03808632203735143,5.226656048268992e-05,0.961861411402166
2009,0.04396637000742411,1.315944058254419e-05,0.9560204705519932
2010,0.050237418941295936,1.1301029437633166e-06,0.9497614509557603
2011,0.05686925074301314,1.74371820114543e-05,0.9431133120749754
2012,0.0638303115366953,6.248267802600779e-05,0.9361072057852787
2013,0.07108830577127095,0.0001358494275872039,0.9287758448011418
2014,0.07861077428425624,0.00023635735809632744,0.9211528683576474
2015,0.08636564184947734,0.00036213514422706755,0.9132722230062956
2016,0.09432172052310443,0.0005107039498167379,0.9051675755270789
2017,0.10244916002049692,0.0006790701222061024,0.8968717698572969
2018,0.11071983739251859,0.0008638237214770192,0.8884163388860044
2019,0.11910768346934127,0.0010612404764774707,0.8798310760541812
2020,0.12758894202832316,0.0012673845144201804,0.8711436734572566
2021,0.13614236535647037,0.0014782105316102257,0.8623794241119195
2022,0.1447493452600993,0.001689663194577583,0.8535609915453232
2023,0.15339398448643046,0.001897773144981785,0.8447082423685878
2024,0.1620631132980648,0.002098748570164496,0.8358381381317708
2025,0.17074625375368815,0.002289061612153351,0.8269646846341585
2026,0.17943554052024432,0.0024655297441550632,0.8180989297356006
2027,0.18812559867516984,0.002625391181176743,0.8092490101436534
2028,0.19681338773178694,0.0027663748992547326,0.8004202373689584
2029,0.20549801355870873,0.0028867648798719023,0.7916152215614194
2030,0.21418051399425306,0.002985458581718087,0.782834027424029
2031,0.22286362156460865,0.0030620194905078167,0.7740743589448836
2032,0.2315515070036029,0.003116723568809321,0.7653317694275877
2033,0.24024950752514182,0.003150599430272369,0.7565998930445859
2034,0.24896384151877957,0.00316546183146649,0.747870696649754
2035,0.2577013155618194,0.0031639375250077867,0.7391347469131729
2036,0.2664690234789822,0.003149483867197711,0.73038149265382
2037,0.27527404457264765,0.003126398286373082,0.7215995571409792
2038,0.2841231406956216,0.003099818744456034,0.7127770405599223
2039,0.29302245989123504,0.0030757143030421172,0.7039018258057229
2040,0.30197724737329973,0.003060864766261386,0.6949618878604388
2041,0.31099157033804914,0.0030628292178019284,0.6859456004441489
2042,0.32006806131597315,0.003089903005744215,0.6768420356782827
2043,0.3292076829609774,0.0031510627221791885,0.6676412543168434
2044,0.3384095219519857,0.0032558998064757404,0.6583345782415385
2045,0.34767061469063076,0.0034145427870124964,0.6489148425223568
2046,0.35698581038095095,0.0036375692962688105,0.6393766203227802
2047,0.36634767486006214,0.003935909115897168,0.6297164160240407
2048,0.37574643793700335,0.0043207397094718845,0.6199328223535248
2049,0.38516998881175146,0.004803376555572135,0.6100266346326764
2050,0.39460391647248116,0.0053951605463971875,0.6000009229811217
2051,0.40403159951304246,0.006107344809883189,0.5898610556770744
2052,0.4134343390906089,0.006950984373485988,0.5796146765359051
2053,0.4227915367859785,0.007936830980107293,0.5692716322339142
2054,0.432080907147116,0.00907523589849271,0.5588438569543912
2055,0.44127872620705005,0.010376063930241227,0.5483452098627087
2056,0.45036010264398735,0.011848619851166994,0.5377912775048457
2057,0.45929926848356745,0.013501590638830318,0.5271991408776022
2058,0.468069879413125,0.015343003359812535,0.5165871172270625
2059,0.4766453179493281,0.01738020116782102,0.5059744808828509
2060,0.4849989907065221,0.01961983596802193,0.49538117332545606
2061,0.49310461227849134,0.022067879390750784,0.4848275083307579
2062,0.5009364699962551,0.024729649765579502,0.4743338802381653
2063,0.5084696646459136,0.027609853970348784,0.4639204813837376
2064,0.5156803204753339,0.03071264333402571,0.4536070361906403
2065,0.522545765854084,0.034041679897436415,0.44341255424847964
2066,0.5290446769569778,0.03760021216158307,0.4333551108814391
2067,0.5351571916212802,0.04139115615045147,0.4234516522282684
2068,0.540864987844106,0.04541718077643319,0.4137178313794609
2069,0.5461513337361958,0.049680792887347835,0.4041678733764563
2070,0.5510011086768205,0.05418442105139384,0.3948144702717857
2071,0.555400803025549,0.05893049432371813,0.38566870265073294
2072,0.5593384979467461,0.06392151361361303,0.37673998843964096
2073,0.5628038322243963,0.06916011352254725,0.36803605425305636
2074,0.5657879615498493,0.07464911172920415,0.3595629267209465
2075,0.5682835145531516,0.08039154459892343,0.351324940847925
2076,0.5702845526672774,0.08639068501084905,0.3433247623218735
2077,0.571786539068571,0.09265004138439231,0.3355634195470366
2078,0.5727863234041599,0.09917333448498712,0.328040342110853
2079,0.5732821452152714,0.1059644498691358,0.3207534049155926
2080,0.5732736648870536,0.11302736305164626,0.31369897206130026
2081,0.5727620268199161,0.120366032324378,0.30687194085570585
2082,0.5717499575390945,0.12798425923256304,0.30026578322834246
2083,0.5702419078402734,0.13588550907050098,0.2938725830892256
2084,0.5682442408697965,0.144072689609532,0.2876830695206714
2085,0.565765471290769,0.15254788338934036,0.2816866453198906
2086,0.5628165590225521,0.16131202861913643,0.2758714123583115
2087,0.5594112609992016,0.1703645456062055,0.27022419339459297
2088,0.555566540641823,0.17970290439296677,0.2647305549652103
2089,0.5513030337159396,0.18932213325506966,0.2593748330289908
2090,0.5466455700357998,0.1992142645250057,0.25414016543919443
2091,0.5416237388687829,0.20936772355424446,0.24900853757697275
2092,0.5362724906200469,0.21976666316194923,0.2439608462180039
2093,0.5306327533828908,0.23039025693550602,0.2389769896816031
2094,0.5247520426470389,0.24121196559815578,0.23403599175480544
2095,0.518685030036596,0.2521988010641462,0.22911616889925765
2096,0.5124940308835677,0.26331062057413535,0.22419534854229692
2097,0.5062493611946279,0.27449949089852366,0.21925114790684844
2098,0.5000295053667984,0.2857091752404717,0.21426131939272988
2099,0.49392103040201735,0.2968748017443168,0.20920416785366577
