year,Model Uncertainty,Scenario Uncertainty,Inter-Annual Variability
1980,0.15180711522021648,0.0011651600668998777,0.8470277247128837
1981,0.12343911246218164,0.0007590061461560016,0.8758018813916623
1982,0.0993749976459372,0.00045781867496600846,0.9001671836790969
1983,0.0794089991297674,0.00024860325628744604,0.9203423976139451
1984,0.06320229212259947,0.0001167460260388121,0.9366809618513617
1985,0.05033187648957632,4.7276726025775686e-05,0.9496208467843978
1986,0.040335396610322816,2.586425899666568e-05,0.9596387391306805
1987,0.03274792231961531,3.950607246552112e-05,0.9672125716079192
1988,0.027129169267652607,7.69296238443132e-05,0.9727939011085031
1989,0.023081456137310132,0.0001287567580865856,0.9767897871046033
1990,0.020259759481610636,0.00018749339994623656,0.9795527471184432
1991,0.018375650564555833,0.0002474044218004608,0.9813769450136437
1992,0.017196890896678915,0.0003043230739320265,0.9824987860293891
1993,0.016544204867131047,0.0003554319035539081,0.983100363229315
1994,0.01628641658624586,0.0003990399831249631,0.9833145434306292
1995,0.016334793041389236,0.00043437141142248074,0.9832308355471883
1996,0.01663715380566346,0.0004613730789511561,0.9829014731153853
1997,0.017172083640482845,0.00048054460070536085,0.9823473717588118
1998,0.017943429338674228,0.0004927904567853476,0.9815637802045404
1999,0.018975158692094707,0.0004992927677474745,0.9805255485401577
2000,0.020306599886747198,0.000501402539256387,0.9791919975739963
2001,0.021988050795390863,0.0005005470520207323,0.9775114021525884
2002,0.02407673948638805,0.0004981515071212707,0.9754251090064907
2003,0.026633122166215235,0.0004955732848581999,0.9728713045489266
2004,0.02971751579973394,0.0004940478782468686,0.9697884363220192
2005,0.03338707722706341,0.0004946456984156787,0.9661182770745209
2006,0.03769315217574735,0.0004982394650396465,0.961808608359213
2007,0.042679024919029716,0.0005054819225191164,0.9568154931584513
2008,0.04837810301637383,0.0005167936432273626,0.9511051033403989
2009,0.05481256613389059,0.0005323607198462042,0.9446550731462632
2010,0.061992498868511485,0.0005521417396425079,0.937455359391846
2011,0.0699155133772761,0.0005758833234604175,0.9295086032992634
2012,0.07856684691431921,0.0006031431384284831,0.9208300099472524
2013,0.08791990362508056,0.0006333190987611181,0.9114467772761583
2014,0.09793718741391425,0.0006656832015331848,0.9013971293845525
2015,0.10857156076926577,0.0006994183071877538,0.8907290209235464
2016,0.11976775149070118,0.0007336562014631235,0.8794985923078358
2017,0.13146402144973035,0.0007675153910089863,0.8677684631592607
2018,0.14359391634690508,0.0008001370063653566,0.8556059466467295
2019,0.1560880153226346,0.0008307178384839609,0.8430812668388814
2020,0.16887561004054039,0.0008585394015741712,0.8302658505578854
2021,0.18188625795072655,0.0008829924143320409,0.8172307496349414
2022,0.19505116450149362,0.0009035965381103684,0.804045238960396
2023,0.20830436583195702,0.0009200150254539661,0.7907756191425891
2024,0.2215836977476625,0.0009320646550955073,0.7774842375972421
2025,0.23483154954955254,0.0009397212869555888,0.7642287291634918
2026,0.24799540576775017,0.0009431212392256018,0.7510614729930243
2027,0.26102819772649677,0.0009425592941977152,0.7380292429793055
2028,0.2738884797806238,0.0009384836451820293,0.7251730365741942
2029,0.28654045794548016,0.0009314884259905583,0.7125280536285293
2030,0.298953894087086,0.0009223041876695089,0.7001238017252445
2031,0.31110391074445615,0.0009117868430022822,0.6879843024125415
2032,0.32297072034356844,0.0009009052370588638,0.6761283744193728
2033,0.33453929926761383,0.0008907278589312963,0.664569972873455
2034,0.3457990240700917,0.0008824086145824986,0.6533185673153258
2035,0.35674328861408633,0.0008771719729785903,0.642379539412935
2036,0.36736910840175396,0.0008762975115869246,0.6317545940866591
2037,0.3776767308047848,0.0008811038691114898,0.6214421653261037
2038,0.387669248421815,0.0008929321469133247,0.6114378194312717
2039,0.39735222907814866,0.0009131287832065334,0.6017346421386448
2040,0.4067333623306733,0.0009430278010987324,0.592323609868228
2041,0.415822122779461,0.0009839325634218611,0.583193944657117
2042,0.4246294561770259,0.0010370969183363034,0.5743334469046378
2043,0.43316748326193233,0.0011037060258662227,0.5657288107122014
2044,0.4414492248228227,0.0011848566701048804,0.5573659185070725
2045,0.44948834356489564,0.0012815374593224734,0.5492301189757819
2046,0.4572989057746133,0.0013946089328604285,0.5413064852925262
2047,0.4648951580631008,0.001524784020842624,0.5335800579160567
2048,0.4722913222311685,0.0016726088936182763,0.5260360688752131
2049,0.479501403491627,0.0018384448090829858,0.51866015169929
2050,0.4865390148508465,0.0020224510713787156,0.5114385340777747
2051,0.49341721681049056,0.0022245698266342502,0.5043582133628752
2052,0.5001483715078784,0.002444512736578948,0.4974071157555427
2053,0.5067440122232307,0.002681750270481017,0.4905742375062882
2054,0.5132147301091445,0.0029355038249173084,0.48384976606593816
2055,0.5195700764946346,0.0032047410616950164,0.4772251824436703
2056,0.5258184838155784,0.0034881748579632266,0.4706933413264584
2057,0.5319672044521148,0.003784265928339956,0.46424852961954527
2058,0.5380222677945133,0.004091229433781916,0.4578865027717048
2059,0.5439884582184652,0.0044070454056611245,0.45160449637587374
2060,0.549869311424485,0.00472947323874754,0.4454012153367676
2061,0.5556671298314215,0.005056069863850141,0.4392768003047284
2062,0.5613830186137315,0.0053842111230870725,0.4332327702631814
2063,0.5670169371566154,0.005711116811380137,0.42727194603200447
2064,0.5725677698393616,0.006033877865897974,0.42139835229474026
2065,0.5780334098999348,0.006349486185581793,0.4156171039144835
2066,0.5834108578714372,0.006654866024870767,0.40993427610369204
2067,0.5886963319690166,0.006946906724313592,0.40435676130666987
2068,0.5938853856288041,0.007222496516215887,0.39889211785497997
2069,0.598973035895863,0.007478556514678826,0.393548407589458
2070,0.6039538938967438,0.00771207524860906,0.3883340308546471
2071,0.6088223014240276,0.007920143182557906,0.38325755539341455
2072,0.613572469594361,0.008099987530959243,0.3783275428746799
2073,0.6181986183848535,0.008249007481711392,0.37355237413343506
2074,0.622695118608299,0.00836480992724139,0.3689400714644598
2075,0.6270566348937792,0.00844524716321697,0.3644981179430038
2076,0.6312782711111277,0.008488456318069076,0.3602332725708033
2077,0.6353557203264115,0.00849290237448738,0.3561513772991011
2078,0.6392854201524533,0.008457425921147692,0.352257153926399
2079,0.6430647183225773,0.008381296718429982,0.34855398495899276
2080,0.6466920499193962,0.008264275736528355,0.3450436743440754
2081,0.6501671324574098,0.008106686449245691,0.34172618109334457
2082,0.6534911818661354,0.007909498660362418,0.33859931947350214
2083,0.6566671551565006,0.007674425931136918,0.33565841891236253
2084,0.6597000238708842,0.007404039645228214,0.33289593648388754
2085,0.6625970837269138,0.0071019009083727125,0.3303010153647134
2086,0.6653683028656956,0.006772711801676849,0.32785898533262753
2087,0.668026709977797,0.006422486680052154,0.32555080334215075
2088,0.670588820457757,0.006058742130556111,0.32335243741168695
2089,0.6730750947075315,0.0056907024578442085,0.3212342028346242
2090,0.675510412259893,0.005329514417045969,0.31916007332306107
2091,0.6779245410724675,0.0049884604426771355,0.3170869984848554
2092,0.6803525638068614,0.004683154149677364,0.31496428204346116
2093,0.6828352103438204,0.004431694802993301,0.3127330948531863
2094,0.6854190273790434,0.004254749273289577,0.310326223347667
2095,0.6881562940644762,0.0041755215219250125,0.30766818441359883
2096,0.691104578649184,0.004219561024056522,0.3046758603267596
2097,0.6943258152430385,0.004414356464223399,0.301259828292738
2098,0.6978847816828406,0.004788660951630891,0.2973265573655285
2099,0.7018468804499381,0.005371503514737772,0.29278161603532404
