year,Model Uncertainty,Scenario Uncertainty,Inter-Annual Variability
1980,0.15463140259006575,0.0013185891610535839,0.8440500082488807
1981,0.12198967465343795,0.0009889323945668764,0.8770213929519951
1982,0.09388923301570985,0.0007072069366857336,0.9054035600476045
1983,0.0703442862717041,0.00047563433264792175,0.9291800793956481
1984,0.05118173988094417,0.00029422616689936284,0.9485240339521565
1985,0.0360819125500111,0.00016112817990744102,0.9637569592700815
1986,0.02462444517472676,7.306251704459214e-05,0.9753024923082286
1987,0.01633272230237916,2.5792215191577238e-05,0.9836414854824294
1988,0.010712215624990468,1.4549756340119233e-05,0.9892732346186695
1989,0.007280417360815235,3.439437929348086e-05,0.9926851882598913
1990,0.005587901941982913,8.048384673644383e-05,0.9943316142112806
1991,0.005231331930574329,0.0001482619823565124,0.9946204060870691
1992,0.005859876547581145,0.000233572734695398,0.9939065507177235
1993,0.007176707058890598,0.000332715911859466,0.9924905770292499
1994,0.008937119532522403,0.00044246006139326996,0.9906204204060843
1995,0.010944574766472967,0.0005600264115130126,0.9884953988220141
1996,0.013045637685588881,0.0006830550257364339,0.9862713072886747
1997,0.015124514343057059,0.0008095618075663861,0.9840659238493765
1998,0.017097638626266433,0.0009378922600091938,0.9819644691137244
1999,0.018908581996641517,0.0010666758868653873,0.980024742116493
2000,0.020523425386524147,0.0011947837028510495,0.9782817909106248
2001,0.02192664705111173,0.00132129015897595,0.9767520627899123
2002,0.023117518779538094,0.0014454399877310948,0.9754370412327309
2003,0.024106979988212825,0.00156661987051241,0.9743264001412748
2004,0.024914937998510665,0.001684334909088156,0.9734007270924012
2005,0.025567940960959608,0.0017981892736771985,0.9726338697653633
2006,0.026097172974502654,0.0019078705681668002,0.9719949564573305
2007,0.026536724787707234,0.0020131374399061717,0.9714501377723866
2008,0.026922103197183585,0.0021138098674513923,0.970964086935365
2009,0.02728894727360897,0.0022097616081020242,0.970501291118289
2010,0.027671929317367158,0.0023009145813978685,0.9700271561012349
2011,0.028103822073610844,0.0023872343890106998,0.9695089435373785
2012,0.028614721665834158,0.002468727119091021,0.9689165512150748
2013,0.02923141508621135,0.002545436765893168,0.9682231481478955
2014,0.029976887433536985,0.00261744309006117,0.9674056694764018
2015,0.03086996262729444,0.002684859992560802,0.9664451773801447
2016,0.03192507221770328,0.0027478337257807947,0.965327094056516
2017,0.033152145230043506,0.0028065413440056452,0.9640413134259509
2018,0.03455661292272269,0.002861189053400595,0.9625821980238768
2019,0.03613951783477052,0.0029120102133482284,0.9609484719518812
2020,0.03789771728516804,0.0029592634795418075,0.9591430192352902
2021,0.03982416780998822,0.003003230662732561,0.9571726015272791
2022,0.041908278733204296,0.0030442142040501474,0.9550475070627455
2023,0.044136319240190666,0.003082535031729554,0.9527811457280798
2024,0.046491864282806925,0.0031185299267980898,0.950389605790395
2025,0.04895626652994666,0.003152549078243416,0.94789118439181
2026,0.05150913846599697,0.003184953412649764,0.9453059081213532
2027,0.054128834850132396,0.00321611243273243,0.9426550527171352
2028,0.05679292134858602,0.0032464016662516627,0.9399606769851623
2029,0.0594786236040276,0.003276200397042664,0.9372451759989298
2030,0.0621632456275807,0.003305889831009241,0.9345308645414101
2031,0.06482455437882115,0.00333585091590338,0.9318395947052756
2032,0.06744112527108297,0.003366462785018524,0.9291924119438986
2033,0.06999264621929265,0.003398100954962096,0.9266092528257452
2034,0.0724601797811372,0.003431136034840086,0.9241086841840227
2035,0.07482638303144754,0.0034659323970623263,0.9217076845714901
2036,0.07707568615318709,0.003502846783538179,0.9194214670632748
2037,0.07919443097244001,0.003542227361112284,0.9172633416664477
2038,0.08117097410615831,0.0035844125690166822,0.915244613324825
2039,0.08299575232688446,0.003629730099523402,0.9133745175735921
2040,0.08466131789742144,0.0036784958648033413,0.9116601862377752
2041,0.08616234143311496,0.003731013032292969,0.9101066455345921
2042,0.0874955892616251,0.003787570894880239,0.9087168398434946
2043,0.08865987152309711,0.0038484438772810915,0.9074916845996217
2044,0.08965596809680203,0.003913890590255861,0.9064301413129422
2045,0.09048652960117949,0.003984152490478217,0.9055293179083422
2046,0.09115595784079895,0.004059453048276102,0.9047845891109249
2047,0.09167026325834415,0.004139996677676447,0.9041897400639795
2048,0.09203690221116047,0.004225967643665875,0.9037371301451737
2049,0.09226459657180217,0.004317529351583696,0.9034178740766141
2050,0.09236313174613432,0.004414823739907847,0.9032220445139577
2051,0.0923431386593271,0.0045179706517285865,0.9031388906889444
2052,0.09221586053488907,0.004627067869588104,0.9031570715955228
2053,0.09199290419371123,0.004742191394352531,0.9032649044119363
2054,0.09168598127390258,0.004863396084516239,0.903450622641581
2055,0.09130664160353752,0.004990717040537683,0.9037026413559248
2056,0.09086600227028106,0.005124171437408963,0.9040098262923099
2057,0.09037447907638838,0.00526376114831798,0.9043617597752936
2058,0.0898415240758449,0.0054094762533325215,0.9047489996708227
2059,0.08927537712369,0.005561299116472644,0.9051633237598374
2060,0.0886828394642406,0.005719209665017211,0.9055979508707422
2061,0.08806907385979014,0.0058831913007205945,0.9060477348394893
2062,0.08743744497774797,0.006053237944959332,0.9065093170772927
2063,0.08678940407474253,0.006229361895563043,0.9069812340296944
2064,0.08612443071232759,0.006411602732658904,0.9074639665550135
2065,0.0854400392726518,0.006600036905046535,0.9079599238223016
2066,0.08473186166702305,0.006794787920331968,0.9084733504126451
2067,0.08399381459733522,0.006996038116876322,0.9090101472857884
2068,0.08321836345981046,0.007204039607991253,0.9095775969321982
2069,0.08239689446338422,0.007419126875345525,0.9101839786612702
2070,0.08152020457224775,0.007641729135202027,0.9108380662925503
2071,0.08057912635825164,0.007872382352399572,0.9115484912893488
2072,0.07956529800792445,0.0081117420119234,0.9123229599801522
2073,0.07847209918088262,0.008360593814797064,0.9131673070043204
2074,0.07729576725116366,0.008619864882307818,0.9140843678665286
2075,0.07603671841571157,0.008890631753499302,0.9150726498307891
2076,0.07470109088677129,0.009174127467813922,0.9161247816454148
2077,0.07330253645683503,0.00947174336693121,0.9172257201762338
2078,0.07186427688561543,0.009785027829089066,0.9183506952852956
2079,0.07042144227393622,0.010115676984192851,0.9194628807418709
2080,0.06902369331376931,0.010465517652177394,0.9205107890340534
2081,0.06773811236992079,0.010836478003929749,0.9214254096261494
2082,0.06665231703963344,0.01123054383845856,0.9221171391219081
2083,0.06587770333414478,0.011649696662725369,0.9224726000031298
2084,0.06555266532364687,0.012095827952564876,0.9223515067237883
2085,0.0658455444155061,0.012570627296545745,0.9215838282879482
2086,0.06695696013203986,0.013075439718339518,0.9199676001496206
2087,0.06912104002853436,0.013611089110079364,0.9172678708613863
2088,0.07260493083584914,0.014177669815658826,0.9132173993484921
2089,0.07770584943696895,0.014774309486741516,0.9075198410762896
2090,0.08474486063753373,0.01539891484814219,0.899856224514324
2091,0.09405660003559306,0.016047920644018197,0.8898954793203887
2092,0.10597436670430778,0.01671606864771572,0.8773095646479766
2093,0.12081043748786015,0.017396257161101773,0.861793305351038
2094,0.13883216647182414,0.01807950366125968,0.8430883298669161
2095,0.16023536175006378,0.018755066404299334,0.8210095718456369
2096,0.1851174848444696,0.019410759632453138,0.7954717555230773
2097,0.21345413981200806,0.02003347534938209,0.7665123848386098
2098,0.2450827798328403,0.020609892875211623,0.734307327291948
2099,0.2796972740251027,0.02112731829419325,0.699175407680704
