year,Model Uncertainty,Scenario Uncertainty,Inter-Annual Variability
1980,0.13919701753603647,0.0003036451674339416,0.8604993372965296
1981,0.11238118224607249,0.0002347943717090227,0.8873840233822184
1982,0.08925441934764552,0.00017449312733777166,0.9105710875250167
1983,0.06971045474105159,0.00012332775151533174,0.930166217507433
1984,0.05353986363432906,8.152642927001764e-05,0.946378609936401
1985,0.040458499351178394,4.900410294634049e-05,0.9594924965458752
1986,0.030135622068214893,2.542049247099205e-05,0.969838957439314
1987,0.02221909121520579,1.0242422336817724e-05,0.9777706663624575
1988,0.016356083686658793,2.8036562072013008e-06,0.983641112657134
1989,0.012208779971037656,2.3577744473143075e-06,0.9877888622545149
1990,0.009465183463390005,8.121810960969371e-06,0.9905266947256491
1991,0.007845687723176953,1.93101051699452e-05,0.9921350021716531
1992,0.00710621130557882,3.515896790401642e-05,0.9928586297265172
1993,0.007038751606929258,5.494345328026844e-05,0.9929063049397905
1994,0.007470131211397986,7.798773329794141e-05,0.992451881055304
1995,0.008259581301586646,0.00010367065158052084,0.9916367480468328
1996,0.009295662583187815,0.00013142779094787343,0.9905729096258643
1997,0.010492889055272637,0.00016075122510746958,0.9893463597196198
1998,0.01178830686924918,0.0001911878424429188,0.9880205052883079
1999,0.013138189936880243,0.00022233693718278307,0.986639473125937
2000,0.014514946896378176,0.00025384750332127823,0.9852312056003006
2001,0.015904287666871044,0.0002854156501966766,0.9838102966829323
2002,0.017302665584131096,0.00031678216371565165,0.9823805522521533
2003,0.018714992551677807,0.00034773048720512074,0.9809372769611172
2004,0.020152613174364398,0.0003780850632310695,0.9794693017624044
2005,0.02163151942796599,0.0004077099820253113,0.9779607705900086
2006,0.02317078583687227,0.0004365079806378199,0.97639270618249
2007,0.024791206677086862,0.00046441962821888077,0.9747443736946942
2008,0.02651411859930369,0.0004914226820449766,0.9729944587186513
2009,0.028360394597555606,0.0005175314393700923,0.9711220739630744
2010,0.03034959776979196,0.0005427961575792094,0.9691076060726288
2011,0.03249928576281567,0.0005673022973982692,0.966933411939786
2012,0.03482445635385756,0.0005911696229745472,0.9645843740231679
2013,0.037337127895902905,0.0006145511163499954,0.962048320987747
2014,0.04004604597796199,0.0006376316595171326,0.9593163223625208
2015,0.04295650881374413,0.0006606264361473718,0.9563828647501085
2016,0.046070302270021124,0.0006837791045950264,0.9532459186253839
2017,0.04938573500546371,0.0007073597245265107,0.9499069052700099
2018,0.05289776218632214,0.0007316625085140871,0.9463705753051638
2019,0.05659818734097431,0.0007570033610026772,0.942644809298023
2020,0.06047592761769997,0.00078371729484212,0.9387403550874579
2021,0.06451733205940002,0.000812155783464236,0.9346705121571357
2022,0.06870653775006784,0.0008426840713720655,0.93045077817856
2023,0.07302585203070514,0.0008756784368871697,0.9260984695324076
2024,0.07745614903768547,0.0009115235647613517,0.9216323273975532
2025,0.08197726840342616,0.000950609953588678,0.9170721216429851
2026,0.08656840733971578,0.0009933314033087918,0.9124382612569755
2027,0.09120849704629504,0.001040082646859774,0.9077514203068452
2028,0.09587655577414825,0.001091257095549376,0.9030321871303024
2029,0.10055201574613114,0.001147244670234568,0.8983007395836343
2030,0.10521501639208376,0.001208429748833163,0.8935765538590831
2031,0.1098466638656043,0.0012751892484604596,0.8888781468859352
2032,0.11442925506945276,0.0013478906990804188,0.884222854231467
2033,0.1189464653571594,0.0014268904474080033,0.8796266441954327
2034,0.12338350094386849,0.0015125318028425803,0.8751039672532889
2035,0.12772721781171867,0.0016051432555204096,0.870667638932761
2036,0.13196620780106422,0.0017050365869905049,0.8663287556119453
2037,0.13609085503660234,0.0018125050237575563,0.8620966399396401
2038,0.140093365041863,0.001927821152308088,0.857978813805829
2039,0.14396776807280837,0.0020512349998113772,0.8539809969273802
2040,0.1477098993975656,0.00218297173709414,0.8501071288653403
2041,0.15131735948197073,0.0023232295008149676,0.8463594110172143
2042,0.15478945458475832,0.0024721770761669064,0.8427383683390748
2043,0.15812712047978622,0.0026299513879889935,0.8392429281322248
2044,0.16133283129356216,0.002796655120743319,0.8358705135856945
2045,0.1644104932192254,0.002972354261909432,0.8326171525188653
2046,0.1673653263302908,0.003157075570009799,0.8294775980996995
2047,0.17020373396165217,0.003350804325116974,0.8264454617132309
2048,0.17293316172620576,0.0035534820736460152,0.8235133562001481
2049,0.17556194650938176,0.003765004639655048,0.8206730488509631
2050,0.17809915719991024,0.003985220419600628,0.8179156223804891
2051,0.18055442780264477,0.0042139290786392,0.815231643118716
2052,0.18293778507029448,0.00445088061058774,0.8126113343191177
2053,0.1852594709008967,0.004695775030256356,0.810044754068847
2054,0.18752976377302455,0.004948262557658187,0.8075219736693172
2055,0.18975879920101948,0.005207944583120599,0.80503325621586
2056,0.19195639342417475,0.005474375235759552,0.8025692313400656
2057,0.1941318720642267,0.005747063830157711,0.8001210641056156
2058,0.1962939084222094,0.006025478066407941,0.7976806135113826
2059,0.1984503734552851,0.006309047986773445,0.7952405785579414
2060,0.20060820299548815,0.006597170745357735,0.792794626259154
2061,0.20277328402491365,0.006889216243736742,0.7903374997313496
2062,0.20495036602089559,0.007184533081894855,0.7878651008972095
2063,0.2071430009130195,0.007482455604261704,0.7853745434827187
2064,0.2093535145624225,0.007782310846878477,0.7828641745906989
2065,0.21158301590331677,0.008083426281844516,0.7803335578148387
2066,0.21383144533583867,0.008385137483117382,0.777783417181044
2067,0.21609766748392625,0.008686795652398742,0.775215536863675
2068,0.21837961118930635,0.008987775219670693,0.772632613591023
2069,0.2206744594458166,0.009287480896014808,0.7700380596581685
2070,0.222978894155008,0.009585354004091332,0.7674357518409006
2071,0.2252893961823015,0.009880878225510117,0.7648297255921883
2072,0.22760260572837132,0.01017358397869742,0.7622238102929313
2073,0.2299157456323445,0.010463052030658416,0.759621202336997
2074,0.2322271101104448,0.010748915292845251,0.75702397459671
2075,0.2345366230237321,0.01103085917391147,0.7544325178023564
2076,0.23684646865176234,0.011308620197746977,0.7518449111504907
2077,0.23916179779700777,0.011581982642622982,0.7492562195603693
2078,0.24149151112275105,0.011850772967360266,0.7466577159098887
2079,0.24384912218589416,0.01211485197860344,0.7440360258355024
2080,0.2462536959146981,0.01237410457632337,0.7413721995089786
2081,0.24873085926075464,0.012628426725180664,0.7386407140140647
2082,0.25131387117453746,0.012877709800621296,0.7358084190248412
2083,0.25404473151485885,0.013121821962150655,0.7328334465229905
2084,0.25697529801375946,0.013360586676135808,0.7296641153101048
2085,0.26016836162145446,0.013593758308596209,0.7262378800699494
2086,0.26369861365135616,0.013820995386685474,0.7224803909619585
2087,0.2676534114585503,0.014041831690994926,0.7183047568504547
2088,0.2721332210066581,0.014255646218221943,0.71361113277512
2089,0.27725158681808376,0.014461633614641397,0.7082867795672749
2090,0.28313444625384554,0.014658776535797967,0.7022067772103565
2091,0.289918586972429,0.014845822965042079,0.6952355900625289
2092,0.2977490352645125,0.015021271601241327,0.6872296931342462
2093,0.3067751808784487,0.01518336923137289,0.6780414498901783
2094,0.317145497310531,0.01533012438976106,0.667524378299708
2095,0.3290008149353356,0.015459341486600347,0.655539843578064
2096,0.3424662599945889,0.015568679308677079,0.6419650606967341
2097,0.357642179071502,0.015655734991683375,0.6267020859368146
2098,0.374594604606023,0.015718154066098083,0.6096872413278789
2099,0.39334606554415086,0.015753761202425616,0.5909001732534236
