year,Model Uncertainty,Scenario Uncertainty,Inter-Annual Variability
1980,0.09925648301702053,0.0017806605770421164,0.8989628564059374
1981,0.07789245574999862,0.0012362040505350556,0.9208713401994664
1982,0.059916109444701174,0.0008167477076105581,0.9392671428476882
1983,0.04512294958801677,0.0005074558209813248,0.9543695945910019
1984,0.0332397540677526,0.0002924312303775455,0.9664678147018698
1985,0.02395008875845723,0.00015570406104348954,0.9758942071804992
1986,0.016917226267354726,8.201419931705794e-05,0.9830007595333282
1987,0.011803103232088228,5.737066777871191e-05,0.9881395261001331
1988,0.008282796092237355,6.940105322140877e-05,0.9916478028545412
1989,0.006054635346556589,0.00010752227441976021,0.9938378423790236
1990,0.004846479218223006,0.00016297188959388197,0.9949905488921832
1991,0.004418860742865353,0.00022873918137419365,0.9953524000757605
1992,0.004565760574705254,0.0002994309219555634,0.9951348085033391
1993,0.005113698465031804,0.00037109995913032546,0.9945152015758378
1994,0.005919727301482831,0.00044105787906444235,0.9936392148194527
1995,0.00686878862101488,0.000507686315669227,0.9926235250633159
1996,0.007870769486515791,0.0005702565318058844,0.9915589739816782
1997,0.008857496814588715,0.0006287626191290622,0.9905137405662822
1998,0.009779823574154939,0.0006837707954611787,0.9895364056303839
1999,0.010604898520783859,0.0007362855094039296,0.9886588159698122
2000,0.011313664796145914,0.0007876315999637209,0.9878987036038903
2001,0.01189860447107135,0.0008393514067654931,0.9872620441221631
2002,0.012361723801990951,0.0008931152051979344,0.9867451609928111
2003,0.012712765030604827,0.0009506435173636166,0.9863365914520316
2004,0.012967622277652007,0.0010136398410469211,0.986018737881301
2005,0.013146939935199917,0.001083732576237701,0.9857693274885624
2006,0.013274871496917121,0.0011624253033814104,0.9855627031997014
2007,0.013377977615627836,0.0012510545153213495,0.9853709678690508
2008,0.013484249026898577,0.001350754348292459,0.9851649966248089
2009,0.013622238375270733,0.001462428108807718,0.9849153335159215
2010,0.013820293549187698,0.0015867260556871666,0.9845929803951251
2011,0.014105882215859674,0.0017240294338105465,0.9841700883503298
2012,0.014505004757268564,0.0018744408314327085,0.9836205544112987
2013,0.01504169124797688,0.0020377803830938395,0.9829205283689293
2014,0.015737581196166958,0.0022135878583557653,0.9820488309454772
2015,0.016611583513060524,0.0024011303558404626,0.980987286131099
2016,0.017679616975886082,0.0025994153546510025,0.9797209676694628
2017,0.018954428096513556,0.002807208369922964,0.9782383635335635
2018,0.020445485361092367,0.003023055236325461,0.9765314594025821
2019,0.022158945325242582,0.0032453078978935683,0.9745957467768639
2020,0.024097687535918157,0.0034721532750686497,0.9724301591890132
2021,0.026261411557753654,0.003701644631085683,0.9700369438111606
2022,0.02864679061266649,0.003931734013548795,0.9674214753737848
2023,0.031247673571406436,0.0041603060164762465,0.9645920204121173
2024,0.034055328401492675,0.004385211224193509,0.9615594603743138
2025,0.037058716093060586,0.0046042990772001136,0.9583369848297393
2026,0.040244789859292945,0.004815449620272284,0.9549397605204348
2027,0.0435988079906112,0.005016603287651618,0.9513845887217371
2028,0.04710465416363443,0.0052057884078565,0.947689557428509
2029,0.05074515571296791,0.005381146520305146,0.943873697766727
2030,0.0545023958795285,0.005540954282125102,0.9399566498383464
2031,0.05835801159208322,0.00568364312037985,0.935958345287537
2032,0.06229347258813074,0.0058078154452237945,0.9318987119666454
2033,0.06629033969098266,0.005912258074441006,0.9277974022345764
2034,0.07033049691681562,0.005995952934441535,0.9236735501487429
2035,0.07439635831050569,0.006058084892809215,0.919545556796685
2036,0.0784710447863573,0.006098047267824209,0.9154309079458185
2037,0.08253853513206769,0.006115444989616024,0.9113460198783163
2038,0.08658378891640876,0.006110095603293485,0.9073061154802978
2039,0.09059284197942102,0.006082028502326342,0.9033251295182526
2040,0.09455287773204417,0.006031482671186208,0.8994156395967696
2041,0.09845227472938002,0.005958902536526978,0.895588822734093
2042,0.10228063104390155,0.005864932888300625,0.8918544360677979
2043,0.10602877131837975,0.0057504126690024766,0.8882208160126177
2044,0.10968873418366779,0.005616367121122751,0.8846948986952095
2045,0.11325374435517484,0.005463999732394566,0.8812822559124306
2046,0.11671817051517135,0.00529468254610789,0.8779871469387208
2047,0.1200774714471259,0.005109945953178915,0.8748125825996952
2048,0.12332813132147646,0.004911467421762106,0.8717604012567614
2049,0.1264675868903181,0.004701059143517983,0.8688313539661638
2050,0.12949414512812493,0.00448065501728584,0.8660251998545893
2051,0.13240689895516325,0.0042522963074229135,0.8633408047374138
2052,0.1352056331569669,0.004018116496845758,0.8607762503461873
2053,0.13789073257057952,0.0037803249724897067,0.8583289424569307
2054,0.14046308327156484,0.0035411897720847734,0.8559957269563504
2055,0.14292397691572262,0.0033030191699377947,0.8537730039143395
2056,0.1452750143248771,0.00306814226307743,0.8516568434120455
2057,0.14751801039653714,0.002838888779839984,0.8496431008236229
2058,0.1496549049259042,0.0026175678950456326,0.8477275271790502
2059,0.15168767681283435,0.0024064462473414243,0.8459058769398241
2060,0.15361826657054298,0.002207725783544326,0.8441740076459128
2061,0.15544850651453979,0.0020235207701316915,0.8425279727153285
2062,0.1571800640026089,0.001855835090830953,0.84096410090656
2063,0.15881439635205047,0.0017065394659128838,0.8394790641820367
2064,0.16035272157855293,0.001577349151884461,0.8380699292695627
2065,0.16179600756951892,0.0014698023269519031,0.8367341901035291
2066,0.16314498240796893,0.0013852395666139885,0.8354697780254171
2067,0.1644001678225056,0.0013247846441337891,0.8342750475333607
2068,0.16556193951659928,0.0012893268271663642,0.8331487336562342
2069,0.16663061787927513,0.0012795053317268858,0.8320898767889979
2070,0.16760659241378587,0.0012956957118526854,0.8310977118743614
2071,0.16849048267327163,0.0013379989373534032,0.8301715183893751
2072,0.16928334213514176,0.0014062328828381974,0.8293104249820201
2073,0.16998690569233724,0.0014999268308577979,0.8285131674768049
2074,0.1706038909501815,0.0016183190093001728,0.8277777900405184
2075,0.17113835082890844,0.001760357221259508,0.8271012919498321
2076,0.17159608946396773,0.00192470271180282,0.8264792078242293
2077,0.17198514333806306,0.002109737692422704,0.8259051189695144
2078,0.17231633257520143,0.002313576512095968,0.8253700909127027
2079,0.1726038886675895,0.0025340805541281433,0.8248620307782824
2080,0.17286616179059533,0.0027688776014216133,0.824364960607983
2081,0.17312640851246214,0.0030153854705922255,0.8238582060169456
2082,0.17341366218802184,0.003270841281257548,0.8233154965307207
2083,0.1737636784575766,0.003532336091530185,0.8227039854508932
2084,0.17421994750616254,0.0037968566392875846,0.8219831958545499
2085,0.174834751524332,0.004061334458202803,0.8211039140174652
2086,0.1756702405267407,0.0043227041584119035,0.8200070553148473
2087,0.17679947726720371,0.004577971486196795,0.8186225512465994
2088,0.17830739153834124,0.004824292885295143,0.8168683155763636
2089,0.18029155712097647,0.00505906742542208,0.8146493754536014
2090,0.1828626754187368,0.005280041295827927,0.8118572832854353
2091,0.1861446329906139,0.00548542549938801,0.8083699415099981
2092,0.19027395862877045,0.005674024575750795,0.8040520167954788
2093,0.19539849521957345,0.005845374158693992,0.7987561306217326
2094,0.20167508020639519,0.005999881302443978,0.7923250384911608
2095,0.20926604739224092,0.006138960833635798,0.7845949917741233
2096,0.21833439010505898,0.006265155594034797,0.7754004543009062
2097,0.2290375072448463,0.006382227749843563,0.7645802650053102
2098,0.24151958228141726,0.006495204348985779,0.7519852133695969
2099,0.25590280866327664,0.006610360017573502,0.7374868313191498
