year,Model Uncertainty,Scenario Uncertainty,Inter-Annual Variability
1980,0.1078331812228012,0.00028384098977075645,0.891882977787428
1981,0.08518682146665414,0.00020921955470338394,0.9146039589786426
1982,0.06618521688710807,0.00014693270735654574,0.9336678504055353
1983,0.050583560583589225,9.685080890073186e-05,0.9493195886075101
1984,0.03806441772943869,5.844915102701e-05,0.9618771331195343
1985,0.028267917023576852,3.09031589777079e-05,0.9717011798174454
1986,0.02081813538830464,1.318276699777409e-05,0.9791686818446976
1987,0.015344243808853686,4.137444196976641e-06,0.9846516187469494
1988,0.011496037087859724,2.5671355378793066e-06,0.9885013957766025
1989,0.008954220137488037,7.277509770901785e-06,0.991038502352741
1990,0.007436244473237419,1.712011849869393e-05,0.9925466354082638
1991,0.006698656124623422,3.10193899342366e-05,0.9932703244854424
1992,0.006536898879431439,4.798894852139333e-05,0.993415112172047
1993,0.0067834010104483745,6.713984888623145e-05,0.9931494591406653
1994,0.007304611197542446,8.768300630405149e-05,0.9926077057961535
1995,0.007997486269546815,0.00010892782016271503,0.9918935859102905
1996,0.008785784918356389,0.0001302784620421544,0.9910839366196014
1997,0.00961640159745138,0.00015122898220181966,0.9902323694203469
1998,0.010455883193017523,0.0001713579485515324,0.989372758858431
1999,0.011287204522319159,0.0001903232388434505,0.9885224722388374
2000,0.012106833622514612,0.00020785710758322687,0.9876853092699021
2001,0.012922090018448016,0.00022376185384122922,0.9868541481277107
2002,0.013748781543800975,0.0002379058855793267,0.9860133125706197
2003,0.0146090991187377,0.0002502203505022174,0.98514068053076
2004,0.015529744986990621,0.0002606960665625593,0.9842095589464469
2005,0.016540272490147667,0.00026938070383511595,0.9831903468060172
2006,0.01767161815034266,0.00027637606443959455,0.9820520057852177
2007,0.018954810692447338,0.00028183534799754585,0.9807633539595552
2008,0.02041984630341503,0.0002859602872520141,0.979294193409333
2009,0.022094722160254477,0.00028899800122524804,0.9776162798385203
2010,0.024004623024685142,0.0002912376362004364,0.9757041393391145
2011,0.026171258618108196,0.0002930066423483179,0.9735357347395435
2012,0.028612347112376306,0.0002946666916754271,0.9710929861959482
2013,0.03134124359355086,0.0002966093203911151,0.968362147086058
2014,0.03436670790465912,0.00029925130590191605,0.9653340407894389
2015,0.037692806240882976,0.00030302983461498125,0.962004163924502
2016,0.04131893835276722,0.0003083975440965516,0.9583726641031363
2017,0.0452399795861416,0.00031581755968000793,0.9544442028541784
2018,0.04944652501434579,0.00032575863580770433,0.9502277163498465
2019,0.053925222186846845,0.0003386903971533152,0.9457360874159999
2020,0.0586591740439541,0.00035507889876460077,0.9409857470572812
2021,0.06362839834208871,0.0003753824843410848,0.9359962191735702
2022,0.06881032442234081,0.000400048022397614,0.9307896275552616
2023,0.07418031123525579,0.0004295075953214036,0.9253901811694228
2024,0.07971217230858929,0.00046417558933381785,0.9198236521020768
2025,0.08537869158594262,0.0005044462869679816,0.9141168621270893
2026,0.09115212012911078,0.0005506918068285291,0.9082971880640607
2027,0.09700464216546374,0.0006032605163537977,0.9023920973181825
2028,0.10290880237656935,0.0006624757867654437,0.8964287218366652
2029,0.10883789131085532,0.0007286349988207498,0.8904334736903239
2030,0.114766281562334,0.0008020088319971566,0.8844317096056689
2031,0.12066971551912867,0.0008828407686162508,0.878447443712255
2032,0.12652554450129003,0.0009713466441643105,0.8725031088545456
2033,0.13231291935701417,0.001067714326732194,0.8666193663162537
2034,0.13801293552760582,0.001172103384203083,0.8608149610881912
2035,0.1436087364606752,0.0012846447118700674,0.8551066188274548
2036,0.14908557696437477,0.0014054400737849178,0.8495089829618403
2037,0.15443085248218902,0.0015345616418515895,0.8440345858759594
2038,0.15963409741131082,0.0016720511768987627,0.8386938514117904
2039,0.16468695583519852,0.0018179194175657939,0.8334951247472357
2040,0.16958312891257102,0.00197214496807398,0.828444726119355
2041,0.17431830278446347,0.002134673350803339,0.8235470238647332
2042,0.17889005861507523,0.002305415857250025,0.8188045255276747
2043,0.18329776844664383,0.0024842482071582082,0.814217983346198
2044,0.187542479756856,0.0026710093600525995,0.8097865108830914
2045,0.1916267881459125,0.0028655002742269406,0.8055077115798606
2046,0.19555470327990845,0.003067482610507268,0.8013778141095842
2047,0.1993315064228873,0.0032766777591762956,0.7973918158179363
2048,0.20296360269400215,0.0034927659109857644,0.793543631395012
2049,0.2064583679732409,0.0037153854603904734,0.7898262465663686
2050,0.2098239923828632,0.003944132643033625,0.7862318749741032
2051,0.21306932088920183,0.004178561757899798,0.7827521173528984
2052,0.21620369222556576,0.004418185622344134,0.7793781221520901
2053,0.2192367769328433,0.00466247676480835,0.7761007463023484
2054,0.2221784174648913,0.004910869009706486,0.7729107135254021
2055,0.22503847004707284,0.005162759930505928,0.7697987700224213
2056,0.22782665201726882,0.005417513728730941,0.7667558342540003
2057,0.23055239480658862,0.005674464939440934,0.7637731402539705
2058,0.23322470741768922,0.005932922818678976,0.7608423697636318
2059,0.23585205079303506,0.0061921762970402775,0.7579557729099247
2060,0.23844222797436096,0.006451499670462961,0.7551062723551761
2061,0.2410022909654397,0.006710158926649648,0.7522875501079106
2062,0.2435384695116173,0.006967418223150724,0.7494941122652319
2063,0.24605612445384112,0.007222547376798975,0.7467213281693599
2064,0.24855972783601085,0.007474828961693166,0.743965443202296
2065,0.251052875420862,0.007723566187404835,0.7412235583917332
2066,0.25353833258425307,0.007968090423826008,0.7384935769919209
2067,0.25601811836327254,0.008207768717844956,0.7357741129188825
2068,0.2584936304118776,0.008442011172884858,0.7330643584152375
2069,0.2609658128670104,0.008670277859911792,0.7303639092730778
2070,0.2634353726449743,0.008892085195863354,0.7276725421591623
2071,0.2659030436864901,0.009107011745632478,0.7249899445678775
2072,0.26836990427637925,0.009314703070702385,0.7223153926529183
2073,0.27083774984330733,0.009514876143216056,0.7196473740134766
2074,0.273309522443593,0.009707322225302448,0.7169831553311046
2075,0.2757898011155569,0.009891909221402786,0.7143182896630403
2076,0.2782853536777597,0.010068582677581884,0.7116460636446583
2077,0.2808057516466413,0.010237365781224857,0.7089568825721339
2078,0.2833640477569036,0.010398357965330717,0.7062375942777657
2079,0.2859775155269667,0.010551732462519945,0.7034707520105133
2080,0.28866844335393954,0.010697732348490939,0.7006338242975696
2081,0.29146497665480103,0.010836665215370845,0.6976983581298282
2082,0.2944019905721669,0.010968896378375406,0.6946291130494576
2083,0.29752197024430954,0.011094840210444467,0.6913831895452459
2084,0.300875865567738,0.011214949918681246,0.6879091845135809
2085,0.3045238697326024,0.011329704983346008,0.6841464252840515
2086,0.3085360589611433,0.011439596693732955,0.6800243443451238
2087,0.31299280779341593,0.011545111232379487,0.6754620809742046
2088,0.3179848741981207,0.01164671026724296,0.6703684155346363
2089,0.3236130296714162,0.01174480944695451,0.6646421608816292
2090,0.3299870874123591,0.01183975458446332,0.6581731580031775
2091,0.3372241775279771,0.011931796290779666,0.6508440261812432
2092,0.34544611836414274,0.012021064214784523,0.6425328174210726
2093,0.3547757627880839,0.012107541782001631,0.6331166954299144
2094,0.3653322527216282,0.012191043719348696,0.6224767035590231
2095,0.3772252072072976,0.0122711984734741,0.6105035943192283
2096,0.39054799903501713,0.012347438627545353,0.5971045623374375
2097,0.40537043644379983,0.012419001504246635,0.5822105620519534
2098,0.4217313385608848,0.012484943387546939,0.5657837180515682
2099,0.4396316611653898,0.012544168099088688,0.5478241707355216
