year,Model Uncertainty,Scenario Uncertainty,Inter-Annual Variability
1980,0.12268318916428468,0.004575330053144439,0.8727414807825709
1981,0.09794543023452643,0.0029412317427467112,0.8991133380227269
1982,0.07668447407102577,0.001733023514859517,0.9215825024141147
1983,0.058787958987063696,0.0008952036388274059,0.940316837374109
1984,0.04404289642221765,0.0003678121290338735,0.9555892914487485
1985,0.03216521121046988,9.05587700309999e-05,0.967744230019499
1986,0.022828289969182115,6.092017749038011e-06,0.9771656180130689
1987,0.01568794946717992,6.230320696192902e-05,0.9842497473258582
1988,0.010402457905228759,0.00021371295461296245,0.9893838291401583
1989,0.006647259804676047,0.0004220807283091362,0.9929306594670149
1990,0.004124765780233931,0.0006564189348921253,0.995218815284874
1991,0.002569967072618992,0.0008925937327346265,0.9965374391946463
1992,0.0017527850713782377,0.0011126717096767629,0.997134543218945
1993,0.001478045209984925,0.001304137678567198,0.997217817111448
1994,0.0015838506422752488,0.001459074936152914,0.9969570744215719
1995,0.0019389778385453752,0.0015733678552253905,0.9964876543062291
1996,0.002439761150257157,0.001645962912236544,0.9959142759375063
1997,0.0030067958715464375,0.0016782061357659378,0.9953149979926877
1998,0.0035816765935978855,0.001673262640323943,0.994745060766078
1999,0.004123904053770266,0.0016356167248021392,0.9942404792214276
2000,0.004608031148054724,0.001570646560524524,0.9938213222914208
2001,0.005021077172580448,0.0014842651918134482,0.9934946576356061
2002,0.005360213946004836,0.0013826201687222972,0.9932571658852729
2003,0.005630710780104104,0.0012718435878512856,0.9930974456320445
2004,0.005844117850334941,0.001157845993604789,0.9929980361560602
2005,0.006016665387446199,0.0010461484300937434,0.9929371861824602
2006,0.006167855793144245,0.0009417478782091236,0.9928903963286466
2007,0.006319229306937556,0.0008490129621793635,0.9928317577308831
2008,0.006493285560020349,0.0007716067176763193,0.9927351077223033
2009,0.0067125481686413245,0.0007124345521474409,0.9925750172792113
2010,0.006998761244987693,0.0006736153505863206,0.992327623404426
2011,0.007372210212165861,0.0006564745275537891,0.9919713152602804
2012,0.007851160272832662,0.0006615570569407244,0.9914872826702267
2013,0.00845140754715746,0.0006886591888549194,0.9908599332639876
2014,0.009185937876410331,0.0007368768224180114,0.9900771853011717
2015,0.010064688612213258,0.000804668737329867,0.9891306426504569
2016,0.01109440728843288,0.0008899323404352201,0.988015660371132
2017,0.012278601387850283,0.0009900896071980405,0.9867313090049517
2018,0.013617571052188339,0.0011021805666082316,0.9852802483812033
2019,0.015108516778009664,0.0012229620175319557,0.9836685212044584
2020,0.016745711958132337,0.001349008485017107,0.9819052795568506
2021,0.018520730675788747,0.001476813384921709,0.9800024559392896
2022,0.02042271965140706,0.0016028876387860587,0.9779743927098069
2023,0.022438704333921655,0.0017238541051327952,0.9758374415609455
2024,0.024553917741052554,0.0018365356709795844,0.9736095465879679
2025,0.026752143216547574,0.0019380358348305984,0.9713098209486218
2026,0.02901606118103115,0.002025810382683046,0.9689581284362858
2027,0.03132759249190432,0.0020977295529686713,0.9665746779551271
2028,0.033668231381135956,0.0021521300612464,0.9641796385576176
2029,0.03601936135872102,0.0021878566467291795,0.9617927819945498
2030,0.03836255219339455,0.002204293433705946,0.9594331543728994
2031,0.040679831358992447,0.0022013848004500606,0.9571187838405576
2032,0.042953931220544576,0.0021796464563371186,0.9548664223231182
2033,0.04516850776262652,0.00214016670725597,0.9526913255301175
2034,0.04730833369790562,0.0020845987294910006,0.9506070675726034
2035,0.04935946293850746,0.002015143920471905,0.9486253931410207
2036,0.05130937051681837,0.0019345267436980463,0.9467561027394836
2037,0.053147065483475586,0.0018459615607335745,0.9450069729557908
2038,0.05486318222708472,0.0017531116999489563,0.9433837060729664
2039,0.05645004728187216,0.0016600409510507312,0.9418899117670771
2040,0.05790172665960236,0.0015711576483815556,0.9405271156920161
2041,0.0592140517614833,0.0014911516427102483,0.9392947965958064
2042,0.060384626754693006,0.0014249244013629792,0.9381904488439441
2043,0.06141281762210548,0.0013775121984612305,0.9372096701794332
2044,0.06229972319552003,0.001354002942394045,0.9363462738620858
2045,0.06304812763015712,0.0013594468831893036,0.9355924254866536
2046,0.06366243693540914,0.0013987619515205946,0.9349388011130702
2047,0.06414859640208698,0.0014766341470121474,0.9343747694509008
2048,0.06451399102340948,0.0015974141529780455,0.9338885948236124
2049,0.06476732865405116,0.0017650114905803631,0.9334676598553685
2050,0.06491850523032476,0.001982787141899233,0.933098707627776
2051,0.06497845287674704,0.0022534472319855363,0.9327680998912673
2052,0.06495897241872277,0.0025789390160182797,0.9324620885652589
2053,0.0648725508683943,0.002960351963970456,0.9321670971676351
2054,0.0647321659595746,0.003397826205888507,0.9318700078345368
2055,0.06455107926726782,0.0038904713398453753,0.9315584493928868
2056,0.06434262393889992,0.004436297899949737,0.9312210781611504
2057,0.0641199860708131,0.0050321654425436535,0.9308478484866433
2058,0.06389598980856241,0.0056737484706385535,0.930430261720799
2059,0.06368288646490299,0.006355524802399432,0.9299615887326975
2060,0.06349215565661917,0.007070787733098704,0.9294370566102821
2061,0.06333432501509986,0.007811684594334289,0.9288539903905659
2062,0.06321881302391827,0.008569284407769613,0.9282119025683122
2063,0.06315380232535597,0.009333675438836744,0.9275125222358073
2064,0.06314615101156383,0.01009409502693219,0.9267597539615039
2065,0.06320134655821986,0.010839092807713288,0.9259595606340668
2066,0.06332351025460584,0.011556728092121037,0.9251197616532731
2067,0.06351545725444051,0.012234803310757271,0.9242497394348023
2068,0.06377881797622145,0.012861134443982045,0.9233600475797966
2069,0.0641142273736636,0.01342386055227419,0.9224619120740621
2070,0.06452158593909471,0.013911795041749388,0.9215666190191559
2071,0.06500039951641157,0.01431482092815775,0.9206847795554307
2072,0.06555020161262345,0.01462433591541245,0.9198254624719641
2073,0.06617106529787277,0.014833751079463437,0.9189951836226639
2074,0.06686420945811612,0.01493905014396035,0.9181967403979235
2075,0.0676327051962561,0.014939416833279843,0.917427877970464
2076,0.06848228886432478,0.01483793665690537,0.9166797744787699
2077,0.0694222831553471,0.014642382240032515,0.9159353346046203
2078,0.0704666319346377,0.014366085181687275,0.9151672828836751
2079,0.07163504172288762,0.014028898473084781,0.9143360598040277
2080,0.07295422337263918,0.01365824338377777,0.913387533243583
2081,0.07445921075259151,0.01329022646867365,0.9122505627787348
2082,0.07619471891162358,0.012970796460662168,0.9108344846277142
2083,0.07821648082989899,0.01275688968813043,0.9090266294819704
2084,0.0805924722045199,0.012717484000493488,0.9066900437949865
2085,0.08340389280676276,0.012934444837785301,0.903661662355452
2086,0.08674573031945607,0.013503005038950171,0.8997512646415938
2087,0.0907266804226091,0.014531671251367883,0.8947416483260231
2088,0.09546815488841004,0.016141307435819777,0.8883905376757701
2089,0.10110207252371456,0.01846311325413369,0.8804348142221518
2090,0.10776713406674683,0.02163521181943138,0.8705976541138217
2091,0.11560333273224871,0.02579760729960117,0.85859905996815
2092,0.12474458027058853,0.031085388199225714,0.8441700315301857
2093,0.13530955326228428,0.03762025255255034,0.8270701941851654
2094,0.14739117363286294,0.04550071897594439,0.8071081073911928
2095,0.16104552096207286,0.05479174295229393,0.7841627360856332
2096,0.1762813496073293,0.06551480881761318,0.7582038415750576
2097,0.19305166219955086,0.07763984034059343,0.7293084974598558
2098,0.21124885299501683,0.09108034114599504,0.6976708058589881
2099,0.23070469001888289,0.10569296848659591,0.6636023414945212
