year,Model Uncertainty,Scenario Uncertainty,Inter-Annual Variability
1980,0.14858490635493182,0.0006103232107470854,0.8508047704343211
1981,0.11798349264086648,0.0003997960053987139,0.8816167113537348
1982,0.09168222400394073,0.000240611061259675,0.9080771649347995
1983,0.06962876492085089,0.00012792510045870064,0.9302433099786904
1984,0.05161397191646443,5.569882661760347e-05,0.948330329256918
1985,0.037310908095755116,1.7264813603358336e-05,0.9626718270906415
1986,0.02631592670431455,5.833874866002431e-06,0.9736782394208194
1987,0.018186712520417564,1.4898415982344327e-05,0.9817983890636001
1988,0.012474069088357208,3.851774095404074e-05,0.9874874131706888
1989,0.008746068311190567,7.149069766188316e-05,0.9911824409911476
1990,0.006604592326118477,0.0001094334522344872,0.993285974221647
1991,0.005695191093948599,0.00014878530737959613,0.9941560235986717
1992,0.00571159367334267,0.00018676529873883736,0.9941016410279185
1993,0.00639628388712531,0.0002212991743174486,0.9933824169385572
1994,0.0075384123652522325,0.0002509319582580349,0.9922106556764897
1995,0.008970081899895838,0.0002747367506282142,0.9907551813494759
1996,0.010561787090461969,0.00029222670178302614,0.989145986207755
1997,0.012217557271526966,0.00030327413775670456,0.9874791685907164
1998,0.013870158953022928,0.0003080385654020376,0.9858218024815751
1999,0.015476570145265421,0.0003069039732119853,0.9842165258815226
2000,0.017013835964313134,0.0003004250024044847,0.9826857390332824
2001,0.018475345367346227,0.00028928110576579376,0.9812353735268879
2002,0.019867526269580153,0.00027423758192313726,0.9798582361484967
2003,0.021206933431767386,0.0002561124647996918,0.9785369541034329
2004,0.022517691602454988,0.00023574837770476057,0.9772465600198402
2005,0.023829255287905443,0.00021398840470521698,0.9759567563073893
2006,0.02517444779293621,0.00019165548468386357,0.97463389672238
2007,0.026587749357625326,0.0001695348074343958,0.9732427158349403
2008,0.028103808272481094,0.00014835885187001286,0.9717478328756489
2009,0.02975615722412543,0.00012879487919912821,0.9701150478966754
2010,0.03157612131439171,0.00011143482822838871,0.9683124438573799
2011,0.033591907998357394,9.678741300140022e-05,0.9663113045886411
2012,0.03582787332622001,8.527251759356225e-05,0.9640868541561863
2013,0.03830395893636287,7.721783146098772e-05,0.9616188232321761
2014,0.0410352944513941,7.285765231535878e-05,0.9588918478962906
2015,0.044031959318985986,7.233385361196527e-05,0.9558957068274021
2016,0.04729889668175174,7.569886670722348e-05,0.9526254044515411
2017,0.05083596707890869,8.29205369996567e-05,0.9490811123840917
2018,0.05463813078775207,9.388867564685692e-05,0.9452679805366011
2019,0.0586957424020324,0.000108423039068606,0.941195834558899
2020,0.06299494002245229,0.00012628249413860825,0.9368787774834091
2021,0.06751811095820688,0.0001471750580194405,0.9323347139837737
2022,0.07224441406449528,0.00017076854421637787,0.9275848173912883
2023,0.07715033809193711,0.0001967014852580327,0.9226529604228049
2024,0.08221027914312748,0.00022459407439768387,0.9175651267824749
2025,0.08739711880747122,0.0002540589059601501,0.9123488222865687
2026,0.0926827869875657,0.00028471124810656263,0.9070325017643278
2027,0.09803879831944406,0.00031617872129718417,0.9016450229592589
2028,0.10343674946915539,0.0003481102259463932,0.8962151403048982
2029,0.10884877142810362,0.0003801840155776932,0.8907710445563187
2030,0.11424793033991966,0.00041211494741515695,0.8853399547126652
2031,0.11960857365905363,0.0004436607649662066,0.8799477655759801
2032,0.12490662227516973,0.0004746275254780502,0.8746187501993523
2033,0.13011980771095896,0.0005048741906885947,0.8693753180983523
2034,0.13522785764570414,0.0005343164185045704,0.8642378259357913
2035,0.14021263333435105,0.0005629296428980472,0.8592244370227509
2036,0.14505822047658937,0.0005907514665864004,0.8543510280568242
2037,0.1497509823302541,0.0006178835388410606,0.8496311341309049
2038,0.15427957430156772,0.0006444929057186006,0.8450759327927136
2039,0.158634928476015,0.0006708129292339665,0.840694258594751
2040,0.16281020964355644,0.0006971438271343323,0.8364926465293092
2041,0.16680074839289974,0.0007238529406056547,0.8324753986664947
2042,0.17060395309228482,0.0007513746409771443,0.828644672266738
2043,0.17421920392249207,0.0007802101388150055,0.8250005859386929
2044,0.1776477319130696,0.0008109268939040143,0.8215413411930265
2045,0.1808924848384165,0.0008441579982444376,0.818263357163339
2046,0.183957980113793,0.000880601329058257,0.8151614185571487
2047,0.18685014834640395,0.0009210184675763708,0.8122288331860196
2048,0.18957616546122955,0.000966233593164054,0.8094576009456065
2049,0.19214427737668893,0.0010171321732874985,0.8068385904500236
2050,0.19456361621277596,0.001074659557412471,0.8043617242298117
2051,0.1968440084470045,0.001139819568853151,0.8020161719841423
2052,0.19899577839585747,0.0012136729671724492,0.7997905486369701
2053,0.20102954551148525,0.00129733610335144,0.7976731183851634
2054,0.20295601951161113,0.0013919795372209333,0.795652000951168
2055,0.2047857938220239,0.0014988270865466395,0.7937153790914294
2056,0.20652914037573208,0.0016191550492376356,0.7918517045750303
2057,0.20819580932720566,0.001754292016025977,0.7900498986567683
2058,0.2097948354928735,0.0019056193380932525,0.7882995451690332
2059,0.21133435776114315,0.0020745723948495743,0.7865910698440072
2060,0.21282145325435078,0.002262642997208446,0.7849159037484408
2061,0.2142619931070461,0.002471382833539662,0.7832666240594142
2062,0.21566052326341204,0.002702408614154741,0.7816370681224333
2063,0.21702017681968117,0.0029574086217636925,0.780022414558555
2064,0.21834262197114368,0.0032381512941908504,0.7784192267346655
2065,0.2196280521586828,0.0035464956441457816,0.7768254521971713
2066,0.2208752226206643,0.0038844038944420454,0.7752403734848936
2067,0.22208154065557234,0.004253956359811436,0.7736645029846161
2068,0.2232432129526789,0.0046573683532252046,0.7720994186940958
2069,0.2243554571257221,0.005097009412078114,0.7705475334621997
2070,0.2254127818285624,0.005575424330494218,0.7690117938409434
2071,0.22640934312593586,0.006095355793388522,0.7674953010806757
2072,0.2273393814547806,0.006659768124863658,0.7660008504203558
2073,0.22819774799637532,0.0072718712664191386,0.7645303807372055
2074,0.22898052639493907,0.007935144011719528,0.7630843295933415
2075,0.22968575900350888,0.008653355157310168,0.7616608858391809
2076,0.2303142860736998,0.009430580726728598,0.7602551331995717
2077,0.23087070728130013,0.010271214585370225,0.7588580781333297
2078,0.2313644722558936,0.011179969937178003,0.7574555578069283
2079,0.23181110879270186,0.01216186706769306,0.7560270241396051
2080,0.23223359040903443,0.013222203385309408,0.754544206205656
2081,0.23266383952556638,0.01436649882681326,0.7529696616476204
2082,0.23314435233726988,0.015600410795560939,0.7512552368671691
2083,0.2337299178595063,0.016929609272332884,0.7493404728681609
2084,0.2344893765714044,0.018359603589706123,0.7471510198388895
2085,0.23550734087400355,0.01989551124653402,0.7445971478794624
2086,0.2368857557318341,0.021541758609099345,0.7415724856590666
2087,0.23874513175716594,0.02330170586213686,0.7379531623806973
2088,0.24122522991721718,0.025177191543189717,0.7335975785395931
2089,0.2444849147171818,0.02716799740534407,0.7283470878774742
2090,0.2487008463183883,0.029271244644281533,0.7220279090373302
2091,0.25406464298870707,0.031480744572824314,0.7144546124384686
2092,0.2607781520008822,0.03378634447136946,0.7054355035277483
2093,0.26904653486094227,0.03617332859228157,0.6947801365467762
2094,0.2790690159147214,0.038621953589175494,0.6823090304961033
2095,0.2910274030795795,0.04110721457830608,0.6678653823421145
2096,0.3050728328181652,0.043598943992349384,0.6513282231894854
2097,0.3213116251935928,0.04606233502501368,0.6326260397813935
2098,0.3397915588133494,0.048458951713588765,0.611749489473062
2099,0.36049021616324395,0.0507482316666254,0.5887615521701307
