year,Model Uncertainty,Scenario Uncertainty,Inter-Annual Variability
1980,0.05587280442271381,0.0016921268918977442,0.9424350686853884
1981,0.04143695971027592,0.0010623562462483734,0.9575006840434757
1982,0.02983099009297331,0.0006250628879887292,0.969543947019038
1983,0.02076751670211211,0.00034223868695563823,0.9788902446109322
1984,0.013936155004209453,0.00017898636146763603,0.985884858634323
1985,0.00902159847525078,0.00010450152367194382,0.9908739000010773
1986,0.0057176398872105325,9.257178870165286e-05,0.9941897883240879
1987,0.0037371734979355893,0.00012168797507371562,0.9961411385269907
1988,0.0028186069519072184,0.00017487031633096903,0.9970065227317619
1989,0.002729310621021395,0.0002393050421613143,0.9970313843368173
1990,0.0032667817208464605,0.0003058712565975977,0.996427347022556
1991,0.004258160479990445,0.00036861954410583346,0.9953732199759037
1992,0.0055586430023828,0.00042424567405187634,0.9940171113235653
1993,0.007049226518542623,0.00047158817707797126,0.9924791853043795
1994,0.008634113886138125,0.0005111664296200765,0.9908547196842419
1995,0.0102380114156889,0.0005447673002856178,0.9892172212840254
1996,0.011803474304753897,0.000575082529425655,0.9876214431658206
1997,0.013288399098766928,0.0006053958496848943,0.9861062050515482
1998,0.014663713768577167,0.0006393160365033677,0.9846969701949195
1999,0.015911290027876036,0.0006805517415088585,0.9834081582306151
2000,0.017022080616197553,0.0007327237048530278,0.9822451956789494
2001,0.017994472962244358,0.0007992100481358453,0.9812063169896199
2002,0.018832841927987606,0.0008830208529546737,0.9802841372190577
2003,0.019546284670801474,0.0009866987984229944,0.9794670165307755
2004,0.020147516358226418,0.0011122433421567393,0.9787402402996167
2005,0.02065191029017884,0.0012610560486995782,0.9780870336611217
2006,0.0210766638075129,0.0014339053064933438,0.9774894308859938
2007,0.02144007737417313,0.001630909032142455,0.9769290135936846
2008,0.021760933867252863,0.0018515338206409363,0.9763875323121062
2009,0.022057967503629282,0.0020946092956409955,0.9758474232007297
2010,0.022349415566177297,0.002358356572364559,0.9752922278614582
2011,0.022652644183654383,0.00264042921172452,0.9747069266046211
2012,0.022983844092457583,0.0029379656749018703,0.9740781902326406
2013,0.023357789930965586,0.0032476513684762897,0.973394558700558
2014,0.023787659917476212,0.0035657891681066213,0.9726465509144172
2015,0.02428491014231908,0.0038883764308651736,0.9718267134268158
2016,0.024859200486843015,0.004211186936453487,0.9709296125767036
2017,0.025518367521223776,0.004529855986797914,0.9699517764919783
2018,0.026268439274002072,0.0048399671509360385,0.9688915935750618
2019,0.027113687293400905,0.005137138738359404,0.9677491739682397
2020,0.02805671318345549,0.005417108679003552,0.9665261781375409
2021,0.029098560959816125,0.005675816373775579,0.9652256226664082
2022,0.03023885349373997,0.005909480408167089,0.9638516660980928
2023,0.03147594617042645,0.006114670707400735,0.9624093831221727
2024,0.032807094412864723,0.006288374630941875,0.9609045309561934
2025,0.03422862831265996,0.006428056262035198,0.9593433154253048
2026,0.035736131934728334,0.006531708148016016,0.9577321599172558
2027,0.03732462342314463,0.006597895518293889,0.9560774810585615
2028,0.038988729791730646,0.0066257923098765855,0.9543854778983928
2029,0.040722855626078906,0.006615209401510713,0.9526619349724105
2030,0.042521343472047016,0.006566614517387056,0.950912042010566
2031,0.044378620443026685,0.006481144309273139,0.9491402352477002
2032,0.04628933198701337,0.00636060837000518,0.9473500596429815
2033,0.048248460945033024,0.0062074854350546585,0.9455440536199123
2034,0.050251429302009175,0.006024911720341607,0.9437236589776492
2035,0.05229418310069754,0.005816661612770648,0.9418891552865318
2036,0.054373259842338206,0.005587120619235419,0.9400396195384264
2037,0.05648583777341282,0.00534125069706414,0.938172911529523
2038,0.05862976667924146,0.0050845477835626636,0.9362856855371958
2039,0.06080358098573381,0.004822991790178795,0.9343734272240874
2040,0.06300649503840758,0.004562988753591116,0.9324305162080012
2041,0.06523838139389931,0.004311305510626267,0.9304503130954745
2042,0.06749973151252857,0.004074996882339511,0.9284252716051319
2043,0.06979160148972405,0.003861325202858551,0.9263470733074174
2044,0.07211554274811982,0.003677673461318575,0.9242067837905616
2045,0.07447351766065248,0.0035314513439952304,0.9219950309953523
2046,0.07686780455341603,0.0034299960538941437,0.9197021993926898
2047,0.07930089088086144,0.0033804677269717786,0.9173186413921668
2048,0.08177535690751542,0.003389741550198596,0.9148349015422861
2049,0.08429375351649394,0.0034642969824393247,0.9122419495010667
2050,0.08685847543157005,0.0036101064867767,0.9095314180816533
2051,0.08947163037247972,0.003832524895668251,0.9066958447318519
2052,0.09213491268250346,0.004136181890416689,0.90372890542708
2053,0.09484947654779319,0.004524879179919878,0.900625644272287
2054,0.09761581886099045,0.005001495013389804,0.8973826861256197
2055,0.10043367046531125,0.005567897837773659,0.8939984316969152
2056,0.10330189978863696,0.006224871413420264,0.8904732287979429
2057,0.10621843315445373,0.006972053202026699,0.8868095136435196
2058,0.10918019212704684,0.00780788788232558,0.8830119199906274
2059,0.11218305250630026,0.00872959740245518,0.8790873500912445
2060,0.11522182500354598,0.00973316853762146,0.8750450064588325
2061,0.11829026097778939,0.010813358652299267,0.8708963803699113
2062,0.12138108292489885,0.011963720376593625,0.8666551966985075
2063,0.12448604272246512,0.01317664397469426,0.8623373133028407
2064,0.1275960051228455,0.014443418296792934,0.8579605765803616
2065,0.13070105902236953,0.01575430790739023,0.8535446330702403
2066,0.13379065651305186,0.017098646271407326,0.8491106972155409
2067,0.13685377823509456,0.018464943728183435,0.844681278036722
2068,0.13987912531699354,0.01984100720399248,0.8402798674790141
2069,0.14285533966445677,0.021214073000744182,0.835930587334799
2070,0.1457712518124685,0.0225709491548945,0.831657799032637
2071,0.14861615750998433,0.023898168182469908,0.8274856743075458
2072,0.15138012667520057,0.02518214919957112,0.8234377241252283
2073,0.15405434592457204,0.026409370707702967,0.8195362833677251
2074,0.15663150031425016,0.02756655450701762,0.8158019451787322
2075,0.15910619783589053,0.028640863657871395,0.8122529385062381
2076,0.16147544552534784,0.02962011827893926,0.808904436195713
2077,0.16373918209857347,0.030493032158990234,0.8057677857424363
2078,0.1659008769349401,0.03124947795925604,0.8028496451058038
2079,0.16796820373837698,0.03188078603353131,0.8001510102280917
2080,0.16995379673202388,0.03238008687318661,0.7976661163947896
2081,0.17187609672237167,0.03274270293172185,0.7953812003459065
2082,0.1737602894113071,0.032966602795576075,0.7932731077931169
2083,0.17563933558493175,0.033052923805948424,0.7913077406091199
2084,0.17755508054966893,0.033006569267021196,0.78943835018331
2085,0.17955942033108863,0.032836888483844535,0.7876036911850669
2086,0.18171548139018737,0.03255843274684427,0.7857260858629683
2087,0.18409874694654815,0.03219177951697631,0.7837094735364755
2088,0.186798032716217,0.03176440030413778,0.7814375669796453
2089,0.18991617040100275,0.031311530321171004,0.7787722992778263
2090,0.1935702181577816,0.030876974531925623,0.7755528073102929
2091,0.19789096545342677,0.030513756371914592,0.7715952781746586
2092,0.20302145958402174,0.030284482355764298,0.766694058060214
2093,0.20911425276255036,0.03026126425321109,0.7606244829842386
2094,0.21632707960598022,0.030525013143201597,0.7531479072508181
2095,0.22481673027950894,0.031163911465714355,0.7440193582547767
2096,0.23473102160883919,0.032270887840318584,0.7329980905508422
2097,0.24619899667885828,0.03393998035708833,0.7198610229640533
2098,0.2593197897095975,0.036261588667280326,0.7044186216231221
2099,0.27415097954719014,0.03931678313771104,0.6865322373150988
