year,Model Uncertainty,Scenario Uncertainty,Inter-Annual Variability
1980,0.18733991069981618,0.0033672778062928386,0.809292811493891
1981,0.15369684594708366,0.0022734512383513934,0.844029702814565
1982,0.12349300745910452,0.0014261141037196236,0.8750808784371757
1983,0.09695631462513969,0.0008067944936377078,0.9022368908812226
1984,0.07416547858690055,0.0003905886642939527,0.9254439327488054
1985,0.05506367246099905,0.00014840251336303663,0.944787925025638
1986,0.03948103557820458,4.919714911368344e-05,0.9604697672726817
1987,0.027161926402262986,6.199571423052296e-05,0.9727760778835065
1988,0.01779311219504756,0.0001574967419049473,0.9820493910630474
1989,0.011029919652654903,0.00030922881325067865,0.9886608515340944
1990,0.006518441948118436,0.0004942558590531352,0.9929873021928284
1991,0.003912916317657335,0.0006934920863038021,0.9953935915960389
1992,0.002888198759426064,0.0008917102915623847,0.9962200909490115
1993,0.0031478015435520163,0.0010773323348632466,0.9957748661215847
1994,0.004428241327059689,0.0012420818944872155,0.9943296767784531
1995,0.006500536700508778,0.0013805651892392335,0.992118898110252
1996,0.009169651313617931,0.0014898283361302694,0.9893405203502518
1997,0.012272568884779853,0.001568924457748183,0.9861585066574721
1998,0.01567554722757287,0.0016185112811552115,0.9827059414912719
1999,0.019270962087866276,0.001640489390982271,0.9790885485211515
2000,0.02297403448798474,0.0016376858753984972,0.9753882796366168
2001,0.026719632459169623,0.0016135820529891856,0.9716667854878412
2002,0.030459268859693998,0.0015720829604489815,0.967968648179857
2003,0.03415835820619401,0.0015173240853824036,0.9643243177084235
2004,0.03779376202613674,0.0014535105979720706,0.9607527273758911
2005,0.041351624370750954,0.0013847851434440025,0.957263590485805
2006,0.04482548636196951,0.0013151195346967181,0.9538593941033338
2007,0.048214658132917476,0.0012482273865178286,0.9505371144805647
2008,0.051522827769199565,0.0011874948351818255,0.9472896773956186
2009,0.05475687857960056,0.0011359267041862679,0.9441071947162132
2010,0.05792589458668477,0.0010961065912235288,0.9409779988220917
2011,0.06104032963874977,0.0010701693523087281,0.9378895010089415
2012,0.06411132327449977,0.0010597847419879327,0.9348288919835123
2013,0.06715014415252543,0.001066151182589826,0.9317837046648847
2014,0.07016774605363056,0.0010899989375903515,0.928742255008779
2015,0.07317442440811424,0.001131601677999326,0.9256939739138864
2016,0.0761795596065621,0.001190795915823646,0.9226296444776143
2017,0.07919143778904948,0.001267007085963774,0.9195415551249867
2018,0.08221713832808558,0.0013592818441217774,0.9164235798277928
2019,0.08526247952040059,0.0014663255656035437,0.9132711949139958
2020,0.08833201466780513,0.0015865438741713453,0.9100814414580236
2021,0.09142906921577904,0.0017180875363976102,0.9068528432478233
2022,0.09455581287533016,0.0018588999414175147,0.9035852871832524
2023,0.09771335890642252,0.0020067657567088477,0.9002798753368685
2024,0.10090188342799075,0.002159360381690217,0.896938756190319
2025,0.10412076219100025,0.0023142988837115577,0.8935649389252882
2026,0.10736871233575872,0.002469184362617767,0.8901621033016236
2027,0.11064394173063485,0.002621654277738863,0.8867344039916263
2028,0.11394429463247327,0.002769424746765707,0.883286280620761
2029,0.11726739524757374,0.002910332194224155,0.879822272558202
2030,0.12061078100495354,0.003042371688660841,0.8763468473063857
2031,0.12397202580758131,0.0031637323289656154,0.8728642418634531
2032,0.12734884852496664,0.0032728285201542866,0.8693783229548792
2033,0.1307392071598357,0.0033683280811100834,0.8658924647590541
2034,0.13414137582505503,0.003449176076241625,0.8624094480987033
2035,0.13755400178535745,0.0035146151318487242,0.8589313830827938
2036,0.14097614654270768,0.003564201919950383,0.8554596515373418
2037,0.14440730673283078,0.003597819436966751,0.8519948738302024
2038,0.147847414968229,0.0036156859511627,0.8485368990806083
2039,0.15129682432180008,0.003618359952785258,0.8450848157254147
2040,0.15475627217761695,0.0036067415440117346,0.8416369862783714
2041,0.15822682933203724,0.0035820700019091553,0.8381911006660535
2042,0.1617098311583345,0.0035459178795208385,0.8347442509621448
2043,0.16520679350478457,0.0035001815635448395,0.8312930249316707
2044,0.16871931701712978,0.003447068220987934,0.8278336147618823
2045,0.1722489777143263,0.003389079458662691,0.824361942827011
2046,0.1757972085074775,0.0033289917670068793,0.8208737997255157
2047,0.179365172571799,0.0032698337299508834,0.8173649936982501
2048,0.18295363187339922,0.003214860285313195,0.8138315078412877
2049,0.18656281095190944,0.0031675246834991957,0.8102696643645914
2050,0.1901922621865137,0.003131447771021901,0.8066762900424644
2051,0.1938407320819808,0.0031103857622303216,0.8030488821557888
2052,0.19750603239013864,0.003108196437810594,0.7993857711720508
2053,0.20118492067896415,0.0031288047189968133,0.795686274602039
2054,0.20487298812778063,0.003176168101753642,0.7919508437704658
2055,0.2085645655398407,0.0032542427767798905,0.7881811916833795
2056,0.21225263925975552,0.0033669511312752745,0.7843804096089693
2057,0.21592878996788342,0.003518151594223719,0.7805530584378928
2058,0.21958314807076096,0.003711611481745577,0.7767052404474936
2059,0.2232043718246319,0.003950983979279634,0.7728446441960884
2060,0.22677964753355875,0.004239789814794903,0.7689805626516464
2061,0.23029471348993827,0.004581404517356574,0.7651238819927052
2062,0.2337339087229976,0.004979052082717639,0.7612870391942849
2063,0.23708024327945054,0.005435805402341108,0.7574839513182083
2064,0.24031549615062964,0.005954594342608501,0.753729909506762
2065,0.24342033623358386,0.006538221482781984,0.7500414422836341
2066,0.24637446686674078,0.0071893862183489655,0.7464361469149102
2067,0.24915679660257603,0.007910716920772158,0.7429324864766518
2068,0.2517456357326754,0.008704811295936829,0.7395495529713877
2069,0.2541189208196069,0.0095742855350589,0.7363067936453341
2070,0.2562544700200648,0.010521830407452462,0.7332236995724828
2071,0.25813027185192045,0.011550275542265185,0.7303194526058143
2072,0.2597248176518752,0.012662660370502529,0.7276125219776223
2073,0.2610174814614897,0.013862310981807492,0.7251202075567029
2074,0.2619889596782882,0.015152922364799397,0.7228581179569125
2075,0.2626217826193607,0.016538643968016013,0.7208395734126233
2076,0.26290091722671644,0.018024167309545116,0.7190749154637385
2077,0.26281447651096246,0.01961481294564324,0.7175707105433943
2078,0.262354559139031,0.021316613721711137,0.7163288271392578
2079,0.26151824815946934,0.023136389642101837,0.7153453621984287
2080,0.26030879070359947,0.025081808858383434,0.714609400438017
2081,0.25873699481220663,0.027161427208816806,0.7141015779789764
2082,0.2568228631275148,0.029384695766743053,0.7137924411057421
2083,0.25459749346500843,0.031761924513100726,0.713640582021891
2084,0.2521052497101146,0.03430418440857589,0.7135905658813094
2085,0.2494062038314135,0.037023129947567776,0.7135706662210188
2086,0.2465788058656208,0.03993071677744859,0.7134904773569306
2087,0.2437227023566611,0.04303878751556332,0.7132385101277755
2088,0.24096155787198123,0.04635849808971267,0.712679944038306
2089,0.2384456516552817,0.04989955428791661,0.7116547940568017
2090,0.23635392043353512,0.053669238314871186,0.7099768412515937
2091,0.23489499203922254,0.057671212897662125,0.7074337950631154
2092,0.23430664336124957,0.061904117984827,0.7037892386539235
2093,0.23485301499094086,0.06636000373830607,0.698786981270753
2094,0.23681887092474313,0.07102269810557234,0.6921584309696847
2095,0.2405002757387215,0.07586625682341473,0.6836334674378638
2096,0.2461912954827144,0.08085371027942323,0.6729549942378623
2097,0.25416678522260744,0.08593636995452511,0.6598968448228674
2098,0.26466198722122175,0.09105397665300445,0.6442840361257739
2099,0.2778504949648806,0.0961359430618239,0.6260135619732955
