year,Model Uncertainty,Scenario Uncertainty,Inter-Annual Variability
1980,0.04665403783763716,0.00672718337156563,0.9466187787907971
1981,0.03754555638727741,0.004059572642994487,0.9583948709697281
1982,0.030016274804357573,0.0022087186609664865,0.9677750065346761
1983,0.02387537528749235,0.001015933583480667,0.975108691129027
1984,0.0189324955512495,0.00033608472269878786,0.9807314197260517
1985,0.015006156950566122,4.080871922154643e-05,0.9849530343302123
1986,0.011929538293051208,1.9934104039227204e-05,0.9880505276029096
1987,0.00955398830096541,0.0001815545450761126,0.9902644571539585
1988,0.007750741734759211,0.0004511670272607419,0.99179809123798
1989,0.0064112974883445755,0.0007702239190811744,0.9928184785925743
1990,0.005446859561710953,0.0010943698563776944,0.9934587705819112
1991,0.004787168480950208,0.0013915598794229168,0.993821271639627
1992,0.004378971080571195,0.0016401913040810974,0.9939808376153476
1993,0.004184308082136846,0.0018273311381906186,0.9939883607796725
1994,0.004178741195081048,0.0019470846794741202,0.9938741741254448
1995,0.004349596756846193,0.0019991247123585703,0.9936512785307952
1996,0.004694271413890587,0.001987385327864652,0.9933183432582449
1997,0.005218621906450113,0.0019189140500786859,0.9928624640434711
1998,0.005935449161601342,0.0018028724332135393,0.9922616784051851
1999,0.006863076100662985,0.0016496729419659554,0.991487250957371
2000,0.008024017479284525,0.0014702408676080753,0.9905057416531075
2001,0.009443738204287334,0.0012753918327786929,0.9892808699629339
2002,0.011149497588143419,0.0010753166691758404,0.9877751857426808
2003,0.013169279426783776,0.0008791679526493452,0.9859515526205669
2004,0.01553080997093684,0.0006947432130719501,0.9837744468159912
2005,0.01826066801840207,0.0005282615188117946,0.9812110704627861
2006,0.021383492354476983,0.0003842297145407921,0.9782322779309823
2007,0.02492129199210556,0.00026539507978660444,0.9748133129281079
2008,0.02889286620612373,0.0001727797392855734,0.9709343540545906
2009,0.033313336661519505,0.00010579195210674222,0.9665808713863738
2010,0.038193796483370845,6.240735521366113e-05,0.9617437961614154
2011,0.043541072686636054,3.941248798507271e-05,0.9564195148253789
2012,0.04935760125416632,3.2701557757822896e-05,0.950609697188076
2013,0.05564140707866642,3.761635449185816e-05,0.9443209765668418
2014,0.06238617828915364,4.931871520876312e-05,0.9375645029956376
2015,0.0695814247363487,6.31845728910012e-05,0.9303553906907603
2016,0.07721270445392091,7.520879220829412e-05,0.9227120867538707
2017,0.0852619048526509,8.2410435790076e-05,0.9146556847115591
2018,0.09370755942519872,8.322882070318923e-05,0.9062092117540982
2019,0.10252518795871386,7.790186952401545e-05,0.8973969101717622
2020,0.11168764265154914,6.881913310109076e-05,0.8882435382153498
2021,0.12116544942609718,6.0843176446503316e-05,0.8787737073974563
2022,0.13092712911434065,6.159392226290361e-05,0.8690112769633965
2023,0.1409394968842061,8.169154653372195e-05,0.8589788115692601
2024,0.15116792605541005,0.00013495415747753143,0.8486971197871125
2025,0.16157657884431273,0.00023854694137237324,0.8381848742143149
2026,0.17212859852591003,0.00041307981492650893,0.8274583216591634
2027,0.18278626833382447,0.0006826505143845541,0.816531081151791
2028,0.19351113823957994,0.0010748300348713945,0.8054140317255487
2029,0.20426412500576016,0.0016205870717784891,0.7941152879224613
2030,0.21500559472157793,0.002354147927125811,0.7826402573512962
2031,0.22569543139869153,0.0033127882010219687,0.7709917804002864
2032,0.23629310758420208,0.004536552334528393,0.7591703400812695
2033,0.24675775661969387,0.006067898594067712,0.7471743447862385
2034,0.25704826711428186,0.007951265265440419,0.7350004676202777
2035,0.26712339708809363,0.010232558456409822,0.7226440444554966
2036,0.2769419254271164,0.012958560486501056,0.7100995140863826
2037,0.28646284128036476,0.01617626179603475,0.6973608969236005
2038,0.29564557801452196,0.019932122235529114,0.684422299749949
2039,0.30445029687955716,0.02427126940742994,0.6712784337130129
2040,0.31283821756270225,0.029236647373576168,0.6579251350637216
2041,0.3207719943282677,0.03486813171614551,0.6443598739555867
2042,0.32821613308621195,0.041201631085047874,0.6305822358287402
2043,0.33513744159413517,0.04826819785382774,0.6165943605520372
2044,0.3415054967792002,0.0560931778627162,0.6024013253580836
2045,0.34729312032881277,0.06469542392096131,0.588011455750226
2046,0.3524768452170288,0.0740866045739207,0.5734365502090504
2047,0.35703735081315596,0.08427063758897961,0.5586920115978645
2048,0.3609598555425704,0.0952432718944898,0.5437968725629398
2049,0.3642344413667254,0.10699184385152884,0.5287737147817458
2050,0.36685630128442664,0.11949522016832152,0.5136484785472518
2051,0.3688258912486091,0.13272393963036452,0.4984501691210264
2052,0.37014897711240535,0.14664055514785831,0.4832104677397362
2053,0.3708365733543322,0.16120016658911795,0.46796326005654987
2054,0.3709047694315225,0.1763511316153053,0.4527440989531723
2055,0.3703744494450862,0.19203593066259908,0.4375896198923147
2056,0.36927091424386954,0.20819215434198296,0.42253693141414755
2057,0.3676234166355473,0.22475358278535118,0.4076230005791015
2058,0.36546462846724476,0.2416513165847618,0.39288405494799344
2059,0.3628300560687141,0.25881492284067276,0.37835502109061314
2060,0.35975742628345986,0.2761735593824933,0.36406901433404687
2061,0.3562860604077611,0.2936570439788022,0.35005689561343667
2062,0.3524562576874632,0.31119684001698583,0.336346902295551
2063,0.3483087042255088,0.32872693488473653,0.32296436088975466
2064,0.34388392302833276,0.3461845937989347,0.30993148317273267
2065,0.3392217763357181,0.36351098109610325,0.2972672425681787
2066,0.33436102900972087,0.38065164206389995,0.2849873289263791
2067,0.32933898009118356,0.3975568472373797,0.2731041726714367
2068,0.3241911610153415,0.4141818074822373,0.2616270315024212
2069,0.3189511052613907,0.4304867668003397,0.25056212793826965
2070,0.313650182586579,0.4464369874739712,0.23991282993944982
2071,0.30831749583752766,0.4620026412762936,0.22967986288617873
2072,0.30297983388827143,0.4771586225489489,0.21986154356277968
2073,0.29766167412649336,0.49188429773293857,0.21045402814056804
2074,0.29238522742399004,0.506163207365726,0.20145156521028396
2075,0.2871705191194657,0.5199827327532114,0.19284674812732303
2076,0.2820354983623882,0.5333337411497513,0.18463076048786045
2077,0.27699616906153635,0.546210220135307,0.17679361080315667
2078,0.2720667389711289,0.5586089079957198,0.16932435303315124
2079,0.2672597775316682,0.5705289321706359,0.16221129029769582
2080,0.2625863824970717,0.5819714565008889,0.1554421610020393
2081,0.2580563479250726,0.5929393458528496,0.14900430622207786
2082,0.25367833336793727,0.6034368482153148,0.14288481841674794
2083,0.2494600290070769,0.6134692992381809,0.13707067175474213
2084,0.24540831747626024,0.6230428474175469,0.13154883510619295
2085,0.2415294295757761,0.6321642021082445,0.12630636831597944
2086,0.23782909314484738,0.6408404036550704,0.1213305032000822
2087,0.23431267485006504,0.6490786146540705,0.11660871049586449
2088,0.23098531479984435,0.6568859310507374,0.11212875414941814
2089,0.2278520536228547,0.6642692121886835,0.10787873418846188
2090,0.22491795221494262,0.6712349282360754,0.10384711954898196
2091,0.22218820531731856,0.6777890225838143,0.10002277209886708
2092,0.2196682473941408,0.6839367896625039,0.0963949629433553
2093,0.21736385426774654,0.6896827635631523,0.09295338216910111
2094,0.21528123807503122,0.6950306189245443,0.08968814300042449
2095,0.21342713740675123,0.6999830813938638,0.086589781199385
2096,0.21180890334050037,0.7045418461902222,0.0836492504692775
2097,0.21043458088752412,0.7087075043846216,0.08085791472785421
2098,0.2093129867076375,0.7124794756550079,0.07820753763735452
2099,0.20845378249295604,0.7158559474515586,0.0756902700554855
