year,Model Uncertainty,Scenario Uncertainty,Inter-Annual Variability
1980,0.11142586081267584,0.005481569412216129,0.883092569775108
1981,0.09859269317013028,0.003234038715969321,0.8981732681139003
1982,0.0869818860457334,0.0017226280672159625,0.9112954858870507
1983,0.07647186943010564,0.0007908415627125764,0.9227372890071818
1984,0.06694415246211693,0.00029912522333401585,0.932756722314549
1985,0.058290003859656055,0.000127036785942389,0.9415829593544015
1986,0.0504149902157027,0.0001737586723856351,0.9494112511119116
1987,0.04324169004403695,0.00035743687776883834,0.9564008730781942
1988,0.0367109498593042,0.000613759499318763,0.962675290641377
1989,0.030782014297290782,0.0008941002968410833,0.9683238854058682
1990,0.025431821897945787,0.0011634655099058255,0.9734047125921483
1991,0.020653688570702634,0.0013984055544181608,0.9779479058748792
1992,0.016455556054571347,0.0015849959963919393,0.9819594479490367
1993,0.01285792377152189,0.001716946308980846,0.9854251299194973
1994,0.009891564166967556,0.0017938692467733223,0.988314566586259
1995,0.007595086547774047,0.0018197225167712425,0.9905851909354547
1996,0.006012416341893118,0.0018014281928299728,0.9921861554652769
1997,0.005190242677462918,0.001747668244584121,0.9930620890779529
1998,0.005175497048692472,0.00166785536051005,0.9931566475907975
1999,0.0060129265147404656,0.0015712784348601264,0.9924157950503995
2000,0.0077428269853977785,0.0014664223357861233,0.9907907506788162
2001,0.01039900622543828,0.0013604622972349539,0.9882405314773268
2002,0.014007039766639405,0.0012589315941812036,0.9847340286391794
2003,0.018582875746938624,0.0011655595691215702,0.9802515646839397
2004,0.024131830684381423,0.0010822728765821454,0.9747858964390363
2005,0.03064800030667667,0.0010093491692779084,0.9683426505240454
2006,0.03811408945320861,0.0009457076012451732,0.9609402029455463
2007,0.04650164147333166,0.000889316755269711,0.9526090417713986
2008,0.05577163040396255,0.0008376968480004537,0.943390672748037
2009,0.06587535994112766,0.0007884913421896524,0.9333361487166827
2010,0.07675559735693854,0.0007400818151386978,0.9225043208279228
2011,0.08834787345721934,0.0006922211070628318,0.9109599054357178
2012,0.10058186243064388,0.0006466610140123153,0.8987714765553438
2013,0.11338277572332782,0.0006077541766459951,0.8860094701000263
2014,0.12667270087036303,0.000583012651270262,0.8727442864783667
2015,0.14037183245285545,0.0005836095772002893,0.8590445579699443
2016,0.15439955642597156,0.0006248129213389769,0.8449756306526894
2017,0.16867536238187852,0.0007263439742264819,0.830598293643895
2018,0.1831195700600041,0.000912653868617652,0.8159677760713784
2019,0.19765387589711364,0.0012131141632445695,0.8011330099396418
2020,0.21220172467543555,0.0016621159692883029,0.786136159355276
2021,0.2266885327235525,0.0022990733686463006,0.7710123939078013
2022,0.24104178518495892,0.0031683248160983093,0.7557898899989427
2023,0.25519103910487684,0.004318925803891824,0.7404900350912313
2024,0.2690678668273499,0.005804324088555905,0.7251278090840941
2025,0.2826057701873717,0.007681909047656888,0.7097123207649713
2026,0.29574010084480573,0.010012425536381571,0.6942474736188127
2027,0.3084080151982442,0.01285924453477653,0.6787327402669793
2028,0.32054849570640337,0.016287483891346752,0.6631640204022499
2029,0.33210245352102663,0.020362977758202422,0.647534568720771
2030,0.34301293947640865,0.025151096436316918,0.6318359640872744
2031,0.3532254660278735,0.030715428308193467,0.616059105663933
2032,0.3626884532971843,0.03711634046075544,0.6001952062420602
2033,0.37135378579935147,0.044409448743245816,0.5842367654574027
2034,0.37917747609497343,0.05264403331419207,0.5681784905908345
2035,0.38612040689862587,0.0618614507161808,0.5520181423851932
2036,0.39214912634181587,0.07209360070554173,0.5357572729526423
2037,0.39723665826191595,0.0833615102002417,0.5194018315378423
2038,0.40136328465298954,0.0956741057354867,0.5029626096115237
2039,0.40451725163799035,0.10902724175729835,0.4864555066047114
2040,0.4066953549276444,0.123403047091802,0.4699015979805536
2041,0.4079033615278746,0.13876963974538156,0.453326998726744
2042,0.40815622455845657,0.15508124983939525,0.4367625256021482
2043,0.4074780675846008,0.1722787652732577,0.4202431671421415
2044,0.40590192364400596,0.19029069144210037,0.4038073849138937
2045,0.4034692237364141,0.20903450073406768,0.3874962755295182
2046,0.4002290472056023,0.22841831850931435,0.3713526342850834
2047,0.3962371666115805,0.24834287318209494,0.35541996020632455
2048,0.39155491719687785,0.2687036313495986,0.33974145145352347
2049,0.38624794831996634,0.28939301899370756,0.32435903268632604
2050,0.38038489985153784,0.31030264363194937,0.3093124565165128
2051,0.3740360680702697,0.3313254204674877,0.2946385114622426
2052,0.3672721033274178,0.3523575330517253,0.28037036362085693
2053,0.36016279531546846,0.3733001575634282,0.26653704712110327
2054,0.3527759760338098,0.3940609126008515,0.2531631113653387
2055,0.3451765738521606,0.41455500336682316,0.24026842278101623
2056,0.3374258343847818,0.43470605319571565,0.22786811241950247
2057,0.3295807175879383,0.4544466277113542,0.2159726547007075
2058,0.321693468203183,0.47371847467372713,0.20458805712308992
2059,0.3138113518149076,0.49247250753364885,0.1937161406514435
2060,0.3059765418366253,0.5106685700689887,0.18335488809438594
2061,0.2982261387693528,0.5282750220934374,0.17349883913720981
2062,0.29059230042600015,0.5452681875260005,0.16413951204799934
2063,0.28310246180567805,0.5616317029818891,0.1552658352124329
2064,0.27577962385749505,0.5773558026000253,0.14686457354247978
2065,0.26864269033291055,0.5924365714270465,0.13892073824004297
2066,0.261706836695727,0.6068751919319142,0.13141797137235886
2067,0.25498389461684673,0.6206772063020479,0.12433889908110533
2068,0.24848273963297718,0.6338518104737036,0.11766544989331915
2069,0.2422096725552521,0.6464111913683346,0.11137913607641324
2070,0.2361687860109316,0.6583699159588775,0.10546129803019098
2071,0.23036231199823387,0.6697443748947524,0.09989331310701384
2072,0.2247909444620963,0.6805522854029621,0.09465677013494164
2073,0.21945413650545087,0.6908122508222577,0.08973361267229134
2074,0.21435037115233524,0.7005433750043704,0.08510625384329441
2075,0.20947740490067818,0.7097649294374693,0.08075766566185258
2076,0.2048324848208716,0.7184960690765323,0.07667144610259613
2077,0.20041254234969305,0.7267555908846511,0.07283186676565585
2078,0.1962143623361963,0.7345617335424884,0.06922390412131521
2079,0.1922347323544071,0.7419320108810114,0.06583325676458156
2080,0.18847057200581652,0.7488830766416051,0.06264635135257833
2081,0.18491904545555177,0.7554306156227462,0.059650338921702094
2082,0.1815776586375345,0.7615892575573862,0.056833083805079454
2083,0.17844434271916723,0.7673725106512329,0.054183146629600006
2084,0.17551752681955,0.7727927104295426,0.05168976275090734
2085,0.17279619964947213,0.7778609830090559,0.04934281734147203
2086,0.17027996250529423,0.782587219387416,0.04713281810728968
2087,0.16796907554292043,0.7869800579428752,0.04505086651420436
2088,0.16586449699154482,0.7910468748644675,0.0430886281439877
2089,0.16396791681073947,0.7947937805288202,0.04123830266044025
2090,0.16228178577612842,0.7982256202334274,0.039492593990444275
2091,0.1608093401926625,0.801345978889971,0.037844680917366535
2092,0.15955462325655972,0.8041571883087628,0.036288188434677356
2093,0.15852250222644798,0.806660337771752,0.03481716000179996
2094,0.15771868273434397,0.808855286394776,0.03342603087088004
2095,0.15714971970618083,0.8107406776586644,0.03210960263515465
2096,0.15682302495774453,0.8123139560724156,0.030863018969839826
2097,0.15674687065617837,0.8135713866888491,0.029681742654972452
2098,0.15693038965937114,0.8145080764260944,0.02856153391453457
2099,0.15738357026208535,0.8151179997608847,0.027498429977029813
