year,Model Uncertainty,Scenario Uncertainty,Inter-Annual Variability
1980,0.24047551349606386,0.0010614764408211563,0.758463010063115
1981,0.21104594478831937,0.0005303753022020537,0.7884236799094785
1982,0.1834676487626635,0.00021938578830347716,0.8163129654490331
1983,0.15789366604179667,7.59661211152281e-05,0.8420303678370882
1984,0.13442350685128446,5.166839771643922e-05,0.8655248247509991
1985,0.11310909766378238,0.00010385806643120341,0.8867870442697864
1986,0.09396238575887784,0.00019680845919877238,0.9058408057819234
1987,0.07696365088835617,0.0003022035740618776,0.9227341455375818
1988,0.06206972393694736,0.0003991273005541312,0.9375311487624985
1989,0.049221511338019525,0.0004736414226806919,0.9503048472392999
1990,0.03835043998816279,0.0005180614956820406,0.9611314985161552
1991,0.029383618838914816,0.000530033575131846,0.9700863475859534
1992,0.022247675620158808,0.0005115021811214953,0.9772408221987197
1993,0.01687133339145562,0.0004676433641739891,0.9826610232443703
1994,0.01318686775963206,0.00040582071435485125,0.9864073115260131
1995,0.01113062909590663,0.00033460777511515577,0.9885347631289783
1996,0.010642828693505364,0.00026290861411951605,0.9890942626923751
1997,0.011666790960828862,0.00019919823202779348,0.9881340108071432
1998,0.014147861139094756,0.00015089761435776859,0.9857012412465475
1999,0.01803213845577981,0.0001238917007427272,0.9818439698434774
2000,0.023265183137949494,0.00012219371192099653,0.9766126231501294
2001,0.029790816390176476,0.00014775444387125322,0.9700614291659523
2002,0.03755010732889513,0.000200410864078652,0.9622494818070262
2003,0.04648061107011706,0.00027796416750543233,0.9532414247623774
2004,0.05651589570487577,0.0003763736262543299,0.9431077306688699
2005,0.06758536982576172,0.0004900493282625356,0.9319245808459757
2006,0.07961440005306461,0.0006122243305473673,0.9197733756163881
2007,0.09252468945405871,0.0007353850637026198,0.9067399254822386
2008,0.10623487195734856,0.0008517385687397083,0.8929133894739117
2009,0.12066127115082016,0.0009536955166803961,0.8783850333324994
2010,0.13571876364185692,0.0010343496317288374,0.8632468867264143
2011,0.15132169198717624,0.001087936606429008,0.8475903714063947
2012,0.16738477103187213,0.0011102585893725217,0.8315049703787554
2013,0.18382394406542485,0.0010990637417543643,0.8150769921928208
2014,0.20055714848779044,0.0010543735946999982,0.7983884779175097
2015,0.2175049676294267,0.0009787541269533507,0.7815162782436199
2016,0.2345911481067463,0.0008775289734273106,0.7645313229198264
2017,0.25174297845391747,0.0007589358138868232,0.7474980857321957
2018,0.2688915302351249,0.0006342278630002128,0.7304742419018749
2019,0.28597176758459064,0.0005177236678540392,0.7135105087475553
2020,0.30292254259969065,0.0004268088210763211,0.696650648579233
2021,0.3196864908092982,0.00038189278473670584,0.6799316164059651
2022,0.33620984767473344,0.00040632374691963616,0.663383828578347
2023,0.35244220724964304,0.0005262637219253236,0.6470315290284315
2024,0.368336243547544,0.0007705250838124911,0.6308932313686436
2025,0.38384741144096995,0.001170369074962726,0.6149822194840673
2026,0.3989336504560412,0.0017592659063885518,0.5993070836375702
2027,0.41355510248385985,0.002572615698345008,0.5838722818177953
2028,0.4276738615712939,0.0036474289093239277,0.5686787095193822
2029,0.44125376554681583,0.005021965384514597,0.5537242690686695
2030,0.4542602394005179,0.006735330924757483,0.5390044296747246
2031,0.46666019888890603,0.008827031564128994,0.524512769546965
2032,0.4784220178945795,0.011336486673956736,0.5102414954314638
2033,0.489515561486195,0.014302503299886221,0.4961819352139188
2034,0.49991228593836917,0.017762716686962936,0.48232499737466783
2035,0.5095854016737986,0.021753003003728972,0.46866159532247254
2036,0.5185100939935311,0.026306873470179223,0.45518303253628967
2037,0.5266637944609578,0.03145486079335624,0.44188134474568597
2038,0.5340264919594139,0.037223911148175595,0.4287495968924106
2039,0.5405810712027549,0.043636797172221575,0.41578213162502353
2040,0.5463136656784425,0.050711568051214025,0.40297476627034357
2041,0.551214008129682,0.058461054415192906,0.3903249374551251
2042,0.5552757634162782,0.06689244509314647,0.37783179149057533
2043,0.5584968266758769,0.076006953202351,0.36549622012177213
2044,0.560879572116373,0.08579958516451712,0.3533208427191099
2045,0.5624310371947868,0.09625902571201171,0.34130993709320134
2046,0.5631630303682081,0.10736764762652921,0.32946932200526263
2047,0.5630921532371366,0.11910164975798568,0.3178061970048778
2048,0.562239731294461,0.1314313243959577,0.3063289443095812
2049,0.560631650617196,0.14432144802415695,0.2950469013586472
2050,0.5582981031727037,0.15773178552854256,0.2839701112987538
2051,0.5552732453750362,0.1716176945922813,0.27310906003268254
2052,0.5515947799675937,0.1859308112945519,0.26247440873785444
2053,0.5473034732092744,0.20061979607015368,0.25207673072057196
2054,0.5424426217105294,0.21563111851219768,0.2419262597772729
2055,0.5370574855499877,0.230909856219798,0.23203265823021424
2056,0.5311947040839597,0.2464004865107731,0.2224048094052671
2057,0.5249017122036647,0.26204764738945785,0.2130506404068775
2058,0.5182261706252999,0.2777968521656588,0.2039769772090414
2059,0.5112154273307817,0.2935951382628799,0.19518943440633837
2060,0.5039160196366246,0.3093916407106552,0.18669233965272025
2061,0.4963732275959971,0.3251380805026478,0.17848869190135508
2062,0.48863068654404485,0.3407891624297221,0.17058015102623292
2063,0.480730060802133,0.3563028826641706,0.1629670565336963
2064,0.47271078276629924,0.3716407461940014,0.1556484710396993
2065,0.46460985572075947,0.3867678990153271,0.1486222452639134
2066,0.4564617179382977,0.4016531822985834,0.1418850997631189
2067,0.44829816445187953,0.4162691157204878,0.13543271982763258
2068,0.4401483217164511,0.43059181886018577,0.12925985942336324
2069,0.4320386687480294,0.4446008809539691,0.12336045029800154
2070,0.4239930982222466,0.4582791882329118,0.11772771354484149
2071,0.4160330117848269,0.471612717959332,0.11235427025584112
2072,0.40817744257826083,0.4845903079629495,0.10723224945878963
2073,0.400443199352917,0.4972034096889014,0.10235339095818158
2074,0.39284502600925425,0.5094458318544542,0.09770914213629155
2075,0.385395771847426,0.5213134807890818,0.09329074736349217
2076,0.37810656827423883,0.5328041023034088,0.08908932942235233
2077,0.3709870078692616,0.5439170293447376,0.08509596278600082
2078,0.3640453225748222,0.5546529389782571,0.08130173844692087
2079,0.35728855834176115,0.5650136211614519,0.07769782049678688
2080,0.3507227450458537,0.5750017601211889,0.07427549483295742
2081,0.3443530586005147,0.5846207310399238,0.07102621035956161
2082,0.33818397562619473,0.5938744112610533,0.06794161311275196
2083,0.33221941882505995,0.6027670070982508,0.0650135740766892
2084,0.32646289330612144,0.611302895633905,0.062234211059973454
2085,0.3209176132097254,0.619486481394782,0.05959590539549251
2086,0.3155866190481813,0.627322066954345,0.05709131399747365
2087,0.31047288541464024,0.6348137372494641,0.05471337733589565
2088,0.30557941950764084,0.64196525661935,0.05245532387300916
2089,0.3009093510642779,0.6487799774001669,0.050310671535555226
2090,0.2964660134099871,0.6552607599970811,0.048273226592931866
2091,0.29225301662229,0.6614099029901319,0.046337080387578104
2092,0.2882743126490865,0.6672290829933051,0.044496604357608424
2093,0.2845342529268982,0.6727193034478673,0.042746443625234484
2094,0.2810376384289613,0.6778808521013688,0.04108150946966988
2095,0.27778976308828024,0.6827132659282753,0.039496970983444527
2096,0.274796449406983,0.6872153045225097,0.037988246070507485
2097,0.2720640776009692,0.6913849303453359,0.03655099205369501
2098,0.26959960748216544,0.6952192965112557,0.035181096006578864
2099,0.2674105929861648,0.6987147419992982,0.033874665014537036
