year,Model Uncertainty,Scenario Uncertainty,Inter-Annual Variability
1980,0.060961801549268516,0.011014067490340038,0.9280241309603914
1981,0.05282209525298285,0.006610066016152553,0.9405678387308646
1982,0.04571714923602749,0.003564706615137656,0.9507181441488349
1983,0.03951489488293455,0.0016137340794109749,0.9588713710376544
1984,0.0340892514864427,0.000514754038378606,0.9653959944751787
1985,0.02932614289241175,5.324649618585175e-05,0.9706206106114024
1986,0.02512725563166628,4.518971189178844e-05,0.9748275546564419
1987,0.021411976742747665,0.0003372076320375038,0.9782508156252148
1988,0.018117962060979396,0.0008050623880874032,0.9810769755509332
1989,0.01520073523891622,0.0013511562900030394,0.9834481084710808
1990,0.012632635536048561,0.0019015374202661188,0.9854658270436853
1991,0.010401357308888332,0.0024027499309502206,0.9871958927601615
1992,0.008508244331505365,0.0028187458950667305,0.988673009773428
1993,0.006966449173286686,0.003127982181647339,0.9899055686450661
1994,0.005799023739615432,0.0033207622628831333,0.9908802139975015
1995,0.005036980070708284,0.003396841227964513,0.9915661787013272
1996,0.004717344584891846,0.003363287592263176,0.991919367822845
1997,0.004881222511258792,0.003232585377669183,0.991886192111072
1998,0.005571889616983267,0.0030209550724643285,0.9914071553105523
1999,0.006832932188261764,0.0027468748950066914,0.9904201929167316
2000,0.008706462306440151,0.0024297879987775317,0.9888637496947824
2001,0.011231442062941379,0.0020889858748423004,0.9866795720622163
2002,0.014442154283306719,0.0017426643325710283,0.9838151813841223
2003,0.018366860388842905,0.0014071510312893846,0.9802259885798676
2004,0.02302668379712295,0.0010963058451872794,0.9758770103576898
2005,0.02843475223899409,0.000821095157808887,0.970744152603197
2006,0.034595623519381974,0.0005893400078729896,0.9648150364727449
2007,0.041505008976601504,0.000405633060385414,0.9580893579630131
2008,0.04914979154248433,0.0002714168980390322,0.9505787915594767
2009,0.05750832570480467,0.00018520968245195222,0.9423064646127435
2010,0.06655099005339847,0.0001429603350894124,0.9333060496115122
2011,0.07624095283651067,0.0001385116108620151,0.9236205355526274
2012,0.08653509977544181,0.00016414620907896144,0.9133007540154793
2013,0.09738507525921244,0.00021119021300142576,0.9024037345277861
2014,0.10873837620293965,0.0002706482796258893,0.8909909755174344
2015,0.12053945219656648,0.00033384647392714905,0.8791267013295063
2016,0.1327307588600277,0.0003930614131055664,0.8668761797268668
2017,0.14525373156950733,0.000442118139692682,0.8543041502908
2018,0.15804964368369992,0.00047694246511180806,0.8414734138511882
2019,0.17106033334338766,0.0004960581404961461,0.8284436085161162
2020,0.1842287838997425,0.0005010219664613767,0.8152701941337961
2021,0.19749955971374028,0.0004967938098595288,0.8020036464764002
2022,0.21081909705334714,0.0004920400803714684,0.7886888628662814
2023,0.2241358670465626,0.0004993712736898435,0.7753647616797475
2024,0.2374004198198449,0.0005355144682064642,0.7620640657119486
2025,0.2505653335151926,0.000621422283118312,0.748813244201689
2026,0.2635850851419453,0.0007823185762171567,0.7356325962818375
2027,0.27641586464239515,0.001047680909004721,0.7225364544486002
2028,0.2890153545985592,0.0014511578478160832,0.7095334875536247
2029,0.3013424949177695,0.0020304184012521803,0.6966270866809784
2030,0.31335725049936003,0.002826929285328588,0.6838158202153115
2031,0.3250204035621998,0.0038856546606782904,0.6710939417771219
2032,0.33629338242545925,0.0052546723697344455,0.6584519452048064
2033,0.3471381448196958,0.006984701154978639,0.6458771540253255
2034,0.35751712558241266,0.009128532685557906,0.6333543417320293
2035,0.3673932615353927,0.01174036563692774,0.6208663728276796
2036,0.37673009828137743,0.014875039474600405,0.6083948622440221
2037,0.3854919849851544,0.018587170949055664,0.59592084406579
2038,0.39364435804874026,0.022930198809052886,0.5834254431422068
2039,0.4011541127846412,0.027955348696579636,0.5708905385187792
2040,0.40799005003142647,0.03371053599956566,0.5582994139690078
2041,0.4141233952859299,0.04023923000404044,0.5456373747100296
2042,0.4195283669254937,0.047579308085491274,0.532892324989015
2043,0.42418277726347525,0.0557619372636016,0.5200552854729231
2044,0.4280686426561376,0.06481052000230005,0.5071208373415623
2045,0.43117277440785606,0.07473974839985319,0.49408747719229074
2046,0.43348732215012103,0.0855548093851945,0.48095786846468436
2047,0.4350102426029192,0.09725077915690172,0.46773897824017907
2048,0.43574566486015426,0.10981224677546507,0.45444208836438066
2049,0.4357041277275309,0.12321319103970894,0.4410826812327602
2050,0.4349026730278617,0.13741712962785496,0.4276801973442833
2051,0.4333647778582563,0.15237754855651792,0.41425767358522586
2052,0.4311201257074406,0.1680386003012458,0.4008412739913136
2053,0.42820421534482733,0.18433605534400793,0.3874597293111648
2054,0.4246578230633521,0.20119846826243984,0.37414370867420804
2055,0.42052633231974185,0.2185485214224504,0.3609251462578077
2056,0.41585896139440964,0.23630448844218568,0.3478365501634046
2057,0.41070791438172,0.25438176724755385,0.33491031837072627
2058,0.40512749053888175,0.27269442202217803,0.3221780874389402
2059,0.39917318245838906,0.2911566828531557,0.3096701346884552
2060,0.39290079863334304,0.3096843499189465,0.2974148514477105
2061,0.386365632789323,0.32819606592935313,0.2854383012813238
2062,0.37962170823228986,0.3466144221031494,0.27376386966456073
2063,0.3727211145863456,0.36486687549353386,0.2624120099201204
2064,0.3657134469817458,0.3828864702875951,0.25140008273065917
2065,0.35864535807241665,0.40061235695498704,0.24074228497259637
2066,0.35156022139320686,0.4179901194207048,0.2304496591860883
2067,0.34449790387408635,0.43497192270491614,0.2205301734209976
2068,0.33749464047795374,0.45151649910939345,0.2109888604126528
2069,0.33058300161814647,0.4675889958767495,0.20182800250510405
2070,0.3237919406352612,0.48316070725480664,0.19304735210993218
2071,0.31714691013723245,0.4982087148545467,0.18464437500822095
2072,0.3106700321060764,0.5127154610632673,0.17661450683065633
2073,0.3043803128313008,0.5266682728471733,0.16895141432152586
2074,0.29829388677551527,0.540058860488975,0.16164725273550984
2075,0.2924242836146028,0.5528828017457383,0.15469291463965887
2076,0.2867827047813616,0.5651390301390704,0.14807826507956795
2077,0.28137830646040163,0.5768293338905861,0.1417923596490124
2078,0.27621847853942083,0.5879578775047625,0.13582364395581664
2079,0.27130911855675965,0.5985307488308558,0.13016013261238468
2080,0.2666548938008198,0.6085555380992438,0.12478956809993628
2081,0.2622594917450645,0.6180409487338073,0.11969955952112825
2082,0.2581258552803894,0.6269964429449398,0.11487770177467084
2083,0.2542564031995432,0.6354319200463735,0.11031167675408331
2084,0.250653234774455,0.6433574277097944,0.10598933751575051
2085,0.24731831992668518,0.6507829029495575,0.1018987771237573
2086,0.24425367441670054,0.6577179420167558,0.09802838356654368
2087,0.24146152184566233,0.6641715957878233,0.09436688236651432
2088,0.23894444303575907,0.6701521887093582,0.09090336825488284
2089,0.2367055143864368,0.6756671581047522,0.08762732750881116
2090,0.2347484355113724,0.6807229126050675,0.08452865188356001
2091,0.23307764909716747,0.6853247049458213,0.08159764595701118
2092,0.23169845132044908,0.6894765204846905,0.07882502819486034
2093,0.23061709596494342,0.693180976745884,0.07620192728917277
2094,0.22984089189350684,0.696439233756842,0.07371987434965117
2095,0.22937829475572682,0.6992509134238591,0.07137079182041386
2096,0.22923899213626509,0.7016140283072277,0.06914697955650713
2097,0.2294339838466512,0.7035249172790127,0.06704109887433601
2098,0.2299756552027189,0.7049781899089819,0.06504615488829911
2099,0.2308778433277534,0.7059666791762099,0.0631554774960366
