year,Model Uncertainty,Scenario Uncertainty,Inter-Annual Variability
1980,0.10104167803470807,0.006175995416785349,0.8927823265485066
1981,0.08871542156344085,0.0036020911698889254,0.9076824872666702
1982,0.07746885070209775,0.0018831639454370737,0.9206479853524653
1983,0.0672340218583452,0.0008386967396240762,0.9319272814020307
1984,0.057941767110241155,0.00030694696697806365,0.9417512859227808
1985,0.04952692622567263,0.00014746047779135664,0.950325613296536
1986,0.04193206219416651,0.00024180665584545366,0.957826131149988
1987,0.035109832706459336,0.0004930300281770575,0.9643971372653636
1988,0.029024229945525067,0.0008242488139179639,0.970151521240557
1989,0.02365090945937173,0.0011767432106404808,0.9751723473299878
1990,0.01897680923140522,0.00150778887059283,0.9795154018980019
1991,0.014999230250298408,0.0017884130781378495,0.9832123566715637
1992,0.011724516958982583,0.0020011905234652663,0.9862742925175522
1993,0.009166455333165133,0.002138148737999282,0.9886953959288356
1994,0.007344480109425663,0.0021988225388630015,0.9904566973517114
1995,0.006281770671752742,0.0021884764860205077,0.9915297528422268
1996,0.006003307624454893,0.002116503085980543,0.9918801892895646
1997,0.006533953924538564,0.0019949991397830106,0.9914710469356783
1998,0.007896623221121215,0.001837520766217187,0.9902658560126616
1999,0.010110594506064502,0.001658017647308537,0.9882313878466269
2000,0.013190026708760136,0.00146994724377904,0.9853400260474607
2001,0.017142722055404208,0.001285571033584233,0.9815717069110116
2002,0.021969173881347805,0.0011154319588454877,0.9769153941598067
2003,0.027661927552081234,0.0009680119829663381,0.9713700604649524
2004,0.034205262216219424,0.0008495643088415182,0.964945173474939
2005,0.04157519025943567,0.0007641112573093835,0.957660698483255
2006,0.04973975476258955,0.0007135946499169518,0.9495466505874934
2007,0.05865958696634352,0.0006981607787589557,0.9406422522548975
2008,0.06828868281433577,0.0007165596129488483,0.9309947575727154
2009,0.07857533675867695,0.0007666341350775395,0.9206580291062455
2010,0.08946318195064681,0.0008458757296895632,0.9096909423196636
2011,0.10089227341838494,0.000952020577416928,0.898155706004198
2012,0.11280015941479339,0.001083663893906717,0.8861161766912998
2013,0.1251228965448041,0.0012408704681858339,0.8736362329870101
2014,0.13779596489697823,0.0014257635533351128,0.8607782715496867
2015,0.15075505778354328,0.0016430761873536311,0.8476018660291031
2016,0.16393672584655686,0.0019006528447964963,0.8341626213086467
2017,0.17727886744326538,0.002209891901333983,0.8205112406554006
2018,0.19072106796993615,0.0025861214390852246,0.8066928105909786
2019,0.20420479291735386,0.003048901939596517,0.7927463051430497
2020,0.21767345428641416,0.0036222513084216545,0.7787042944051642
2021,0.23107236681989646,0.004334786925507116,0.7645928462545964
2022,0.24434861744054043,0.0052197788526298005,0.7504316037068297
2023,0.2574508728336642,0.006315108437732111,0.7362340187286037
2024,0.2703291524867204,0.007663124664740511,0.7220077228485391
2025,0.28293459059933707,0.009310390042473046,0.7077550193581899
2026,0.2952192122204071,0.01130730766649405,0.693473480113099
2027,0.3071357497291068,0.0137076203883822,0.6791566298825111
2028,0.31863751839347515,0.01656777488388148,0.6647947067226434
2029,0.3296783729721704,0.019946144519953857,0.6503754825078757
2030,0.340212757553544,0.023902110243926127,0.6358851322025297
2031,0.3501958652516978,0.028495001418628735,0.6213091333296734
2032,0.3595839130543816,0.033782905637124855,0.6066331813084935
2033,0.36833453010981,0.039821367431626335,0.5918441024585636
2034,0.3764072630884571,0.04666199782707226,0.5769307390844706
2035,0.3837641769649877,0.05435103366548638,0.561884789369526
2036,0.3903705448313171,0.06292788790791744,0.5467015672607654
2037,0.3961955874409696,0.07242374654615961,0.5313806660128707
2038,0.401213244005176,0.08286026649021314,0.515926489504611
2039,0.40540292856726146,0.0942484392236122,0.5003486322091263
2040,0.4087502357330879,0.1065876787480919,0.4846620855188202
2041,0.4112475535821209,0.1198651908072828,0.4688872556105962
2042,0.4128945463641661,0.13405566690454973,0.45304978673128427
2043,0.413698468953874,0.14912134052339687,0.43718019052272916
2044,0.41367429368638964,0.1650124128247996,0.42131329348881086
2045,0.4128446211587925,0.18166785285048578,0.40548752599072163
2046,0.41123938629741563,0.19901653514413079,0.3897440785584536
2047,0.40889534681795364,0.21697868628866268,0.3741259668933836
2048,0.4058553924164491,0.235467563740554,0.358677043842997
2049,0.40216768761500976,0.25439130803564364,0.34344100434934666
2050,0.3978846981762302,0.27365487879767925,0.3284604230260906
2051,0.39306213451571065,0.2931620005153468,0.31377586496894255
2052,0.3877578610746007,0.31281703868015137,0.29942510024524804
2053,0.3820308156604491,0.33252673686400336,0.28544244747554764
2054,0.3759399781561128,0.35220176061483105,0.27185826122905615
2055,0.3695434176796719,0.3717580119398869,0.25869857038044114
2056,0.3628974536635625,0.39111767975713385,0.24598486657930368
2057,0.3560559416200909,0.4102100254075034,0.23373403297240578
2058,0.3490696958683693,0.42897190389944806,0.22195840023218263
2059,0.34198605109022207,0.447348037312864,0.21066591159691395
2060,0.3348485629012639,0.46529106045099466,0.19986037664774145
2061,0.3276968299784118,0.48276137720550844,0.18954179281607975
2062,0.32056643440888893,0.4997268510634421,0.1797067145276689
2063,0.31348897593139735,0.5161623733826752,0.1703486506859275
2064,0.3064921912739084,0.5320493343963643,0.1614584743297274
2065,0.2996001365847473,0.5473750332238653,0.15302483019138746
2066,0.2928334189363697,0.5621320523991149,0.14503452866451555
2067,0.28620946493741817,0.5763176170573369,0.13747291800524492
2068,0.2797428077366945,0.5899329641679237,0.13032422809538186
2069,0.27344538848696326,0.6029827289160945,0.12357188259694235
2070,0.26732685682114327,0.6154743666042489,0.11719877657460788
2071,0.26139486765330106,0.6274176125389525,0.11118751980774648
2072,0.25565536769117586,0.6388239858045567,0.10552064650426753
2073,0.2501128653959677,0.6497063424693725,0.10018079213465969
2074,0.24477068557256623,0.6600784735620995,0.09515084086533429
2075,0.2396312040982675,0.6699547508473326,0.09041404505439998
2076,0.23469606336051688,0.6793498163139725,0.08595412032551064
2077,0.2299663682896865,0.6882783130503313,0.08175531865998206
2078,0.22544286316007564,0.6967546543573195,0.0778024824826048
2079,0.22112609078481496,0.7047928268801793,0.0740810823350056
2080,0.21701653391132922,0.7124062254892778,0.07057724059939288
2081,0.21311474197164804,0.719607514421252,0.06727774360709986
2082,0.2094214426075226,0.7264085133610783,0.06417004403139905
2083,0.2059376409061337,0.7328201035962602,0.061242255497606035
2084,0.20266470640385423,0.7388521526675221,0.05848314092862362
2085,0.19960444996031318,0.7445134540598161,0.05588209597987065
2086,0.1967591911571701,0.7498116800861607,0.05342912875666921
2087,0.1941318173286943,0.7547533458540683,0.05111483681723729
2088,0.19172583513056746,0.7593437826037386,0.048930382265693934
2089,0.18954541518440512,0.7635871192314734,0.046867465584121484
2090,0.1875954306222249,0.767486270459064,0.04491829891871106
2091,0.18588148979981742,0.7710429311034003,0.043075579096782335
2092,0.18440996287012432,0.7742575763172764,0.04133246081259933
2093,0.18318800406992267,0.777129465529054,0.03968253040102331
2094,0.18222356742415086,0.7796566523990015,0.03811978017684757
2095,0.1815254171077042,0.7818359992027885,0.03663858368950743
2096,0.18110313222871857,0.7836631957673902,0.03523367200389119
2097,0.18096710448286163,0.7851327845212486,0.033900110995889826
2098,0.1811285296226721,0.7862381905267689,0.03263327985055906
2099,0.18159939013845566,0.7869717591905099,0.031428850671034306
