year,Model Uncertainty,Scenario Uncertainty,Inter-Annual Variability
1980,0.23277846215131714,0.0018193064647989603,0.765402231383884
1981,0.19661400223617825,0.00110191248960602,0.8022840852742157
1982,0.16385809239921065,0.00061294830746753,0.8355289592933218
1983,0.1347760761765754,0.0003133561765216754,0.864910567646903
1984,0.10946221865107286,0.00016245010826152634,0.8903753312406656
1985,0.08785824380722308,0.00012090629762269087,0.9120208498951542
1986,0.06978224039024357,0.0001531142004373037,0.9300646454093191
1987,0.05496238014035347,0.00022874228447674754,0.9448088775751698
1988,0.043070574641902955,0.0003235240339088249,0.9566059013241882
1989,0.033752561906063516,0.00041937628738000055,0.9658280618065564
1990,0.026652434929549565,0.0005040158212842561,0.9728435492491662
1991,0.021430950446213036,0.0005702489669307185,0.9779988005868562
1992,0.017777904200963625,0.0006150885870244552,0.981607007212012
1993,0.01541940853695782,0.0006388184836260181,0.9839417729794162
1994,0.01412113376623646,0.0006440881595357928,0.9852347780742278
1995,0.013688574081153834,0.0006350889332988932,0.9856763369855472
1996,0.013965273319155857,0.000616837644981525,0.9854178890358626
1997,0.014829761908581861,0.0005945768923125001,0.9845756611991056
1998,0.016191776363787432,0.000573290949538006,0.9832349326866746
1999,0.017988162180652432,0.0005573304198402095,0.9814545073995072
2000,0.02017873438840395,0.000550137329961731,0.9792711282816344
2001,0.0227422648558869,0.0005540612165480568,0.9767036739275651
2002,0.025672699792455653,0.000570258432761941,0.9737570417747824
2003,0.02897566060400722,0.0005986672403047497,0.970425672155688
2004,0.0326652564210174,0.000638052265567544,0.966696691313415
2005,0.03676121520192451,0.0006861124941073578,0.9625526723039681
2006,0.04128633766677614,0.0007396465250085613,0.9579740158082153
2007,0.046264269646020074,0.0007947691077300407,0.9529409612462498
2008,0.05171758946281211,0.0008471713572213394,0.9474352391799665
2009,0.05766620590254973,0.0008924171925506713,0.9414413769048996
2010,0.06412605977826662,0.0009262667941778747,0.9349476734275555
2011,0.07110811999757231,0.0009450180786220298,0.9279468619238056
2012,0.07861766243681124,0.000945855762696187,0.9204364818004926
2013,0.08665381425999516,0.000927198664228015,0.912418987075777
2014,0.09520934315025427,0.000889034935211021,0.9039016219145347
2015,0.10427066467587508,0.0008332367838769024,0.894896098540248
2016,0.11381804008269382,0.0007638461478553166,0.8854181137694508
2017,0.12382593094215295,0.0006873246463274596,0.8754867444115195
2018,0.13426347690487903,0.0006127621550998692,0.8651237609400212
2019,0.14509506304923517,0.0005520394839818072,0.854352897466783
2020,0.1562809452762402,0.0005199420919005058,0.8431991126318592
2021,0.16777790230917372,0.0005342226364693808,0.8316878750543569
2022,0.1795398893613229,0.000615610726458241,0.8198444999122189
2023,0.19151867286989163,0.0007877690949683263,0.80769355803514
2024,0.2036644281142727,0.0010771955145385545,0.7952583763711888
2025,0.21592628965504176,0.001513069887734152,0.782560640457224
2026,0.22825284878992425,0.002127045726921805,0.769620105483154
2027,0.2405925941193849,0.0029529858839604864,0.7564544199966546
2028,0.25289429862391827,0.0040266413455944255,0.7430790600304872
2029,0.2651073587487646,0.00538527337993033,0.729507367871305
2030,0.27718209175397174,0.007067218572049976,0.7157506896739783
2031,0.28907000060165144,0.009111398557418115,0.7018186008409304
2032,0.3007240162114594,0.011556776020164599,0.687719207768376
2033,0.31209872660711535,0.014441761174913602,0.6734595122179712
2034,0.3231506007921755,0.017803575874209266,0.6590458233336152
2035,0.3338382144327467,0.021677582492983016,0.6444842030742703
2036,0.3441224846748262,0.02609659055202606,0.6297809247731477
2037,0.3539669118281835,0.031090154496499472,0.6149429336753169
2038,0.3633378347981065,0.03668388023109418,0.5999782849707993
2039,0.3722046892322118,0.04289876064195871,0.5848965501258295
2040,0.3805402720396925,0.049750559697073704,0.5697091682632338
2041,0.38832099632808875,0.05724926916851242,0.5544297345033988
2042,0.3955271333432646,0.06539865997635594,0.5390742066803795
2043,0.40214302616644343,0.07419594802081543,0.5236610258127411
2044,0.40815726575419203,0.08363159364949463,0.5082111405963134
2045,0.4135628180575927,0.09368924842590483,0.4927479335165025
2046,0.41835709039338853,0.10434585758236634,0.4772970520242451
2047,0.4225419306230839,0.11557192282031034,0.46188614655660576
2048,0.42612355231878307,0.1273319189098283,0.44654452877138867
2049,0.4291123832328463,0.13958485531784234,0.43130276144931146
2050,0.43152283923473717,0.15228496552254348,0.41619219524271944
2051,0.4333730263325344,0.16538250165355908,0.40124447201390656
2052,0.43468438001949156,0.1788246057558146,0.3864910142246939
2053,0.4354812516389228,0.1925562305810402,0.3719625177800369
2054,0.43579045468404265,0.206521076921418,0.35768846839453927
2055,0.43564078520450233,0.22066251813572535,0.34369669665977237
2056,0.4350625308301254,0.2349244831296246,0.33001298604025
2057,0.43408698414126395,0.24925227216317059,0.3166607436955655
2058,0.43274597176118895,0.26359328769015344,0.3036607405486576
2059,0.43107141343663535,0.2778976614242637,0.2910309251391009
2060,0.42909491910537567,0.2921187714229614,0.27878630947166294
2061,0.4268474332082821,0.3062136413734488,0.2669389254182691
2062,0.4243589299082404,0.32014322470286044,0.25549784538889914
2063,0.4216581626078814,0.3338725771682514,0.24446926022386709
2064,0.41877246917763733,0.34737092485078147,0.2338566059715811
2065,0.41572762944174163,0.3606116404650548,0.22366073009320347
2066,0.4125477750519649,0.3735721364629355,0.21388008848509965
2067,0.4092553449690479,0.3862336918992987,0.2045109631316533
2068,0.40587108325144694,0.3985812231401812,0.19554769360837168
2069,0.40241407363477383,0.4106030126467415,0.18698291371848463
2070,0.3989018052728594,0.42229040722498223,0.1788077875021582
2071,0.3953502643285168,0.43363749698813314,0.17101223868334994
2072,0.39177404614558614,0.44464078328573725,0.16358517056867647
2073,0.3881864837638286,0.4552988448566506,0.1565146713795208
2074,0.38459978803708084,0.46561200752213,0.14978820444078925
2075,0.3810251959503932,0.47558202328463883,0.143392780764968
2076,0.3774731243704696,0.48521176160890284,0.13731511402062746
2077,0.3739533255880586,0.49450491709580796,0.13154175731613332
2078,0.37047504472575515,0.5034657329264463,0.12605922234779848
2079,0.3670471741840797,0.5120987438509391,0.12085408196498111
2080,0.3636784074481088,0.5204085359353713,0.11591305661651975
2081,0.360377388089292,0.5283995255958677,0.1112230863148403
2082,0.35715285695897386,0.5360757538559645,0.1067713891850616
2083,0.3540137922103581,0.5434406997111644,0.10254550807847744
2084,0.3509695473426107,0.5504971063161147,0.09853334634127445
2085,0.34802998212975633,0.5572468234597378,0.09472319441050585
2086,0.34520558917263366,0.5636906626605608,0.09110374816680553
2087,0.34250761452587075,0.5698282650900073,0.08766412038412187
2088,0.339948171643689,0.5756579820304947,0.08439384632581637
2089,0.3375403482649959,0.5811767672730709,0.08128288446193326
2090,0.33529830560934093,0.5863800810574087,0.07832161333325031
2091,0.33323736778131796,0.5912618070186518,0.07550082520003021
2092,0.33137410017256425,0.5958141824136156,0.07281171741382009
2093,0.329726375286781,0.6000277425796129,0.07024588213360615
2094,0.32831342290292576,0.6038912822964183,0.06779529480065585
2095,0.3271558623361006,0.6073918353817325,0.06545230228216703
2096,0.3262757127006153,0.6105146765592175,0.06320961074016732
2097,0.32569637890614567,0.613243347102444,0.06106027399141052
2098,0.3254426078941163,0.6155597095715343,0.05899768253434938
2099,0.32554041113590504,0.6174440352351234,0.05701555362897155
