year,Model Uncertainty,Scenario Uncertainty,Inter-Annual Variability
1980,0.11415165323566132,0.007906740959252168,0.8779416058050865
1981,0.1051732487649954,0.004435926536622491,0.8903908246983822
1982,0.09635923799705375,0.0021635879396811643,0.901477174063265
1983,0.08768976823789705,0.0008275655158807569,0.9114826662462222
1984,0.0791627795264981,0.00019579326231505934,0.9206414272111868
1985,0.07079485845283866,6.85797833306505e-05,0.9291365617638306
1986,0.06262140522401327,0.00027853564730593206,0.9371000591286808
1987,0.054696257099988384,0.0006889883787865961,0.9446147545212251
1988,0.04709085447128189,0.0011915300067700057,0.951717615521948
1989,0.03989297222678202,0.0017031541097297263,0.9584038736634882
1990,0.0332050040518454,0.0021632788962767414,0.9646317170518779
1991,0.027141756673639803,0.0025308298358941764,0.970327413490466
1992,0.021827718825148102,0.00278146633404579,0.9753908148408061
1993,0.01739377670862062,0.0029049793285021164,0.9797012439628773
1994,0.013973381306028102,0.00290285103983224,0.9831237676541397
1995,0.011698232448257724,0.002785954938492431,0.9855158126132499
1996,0.010693590184576112,0.002572371944570984,0.9867340378708529
1997,0.011073396365958967,0.0022853068975678694,0.9866412967364732
1998,0.012935444599588505,0.0019511054134401353,0.9851134499869714
1999,0.016356876730208258,0.0015973868768060122,0.9820457363929856
2000,0.021390305849289613,0.0012513242737860553,0.9773583698769244
2001,0.028060851003382715,0.0009381147010613568,0.971001034295556
2002,0.036364321409359406,0.0006796869496641078,0.9629559916409764
2003,0.04626671162718077,0.0004936915203923777,0.9532395968524269
2004,0.057705065839099075,0.0003928071801732437,0.9419021269807276
2005,0.07058965640000513,0.00038438106025171,0.9290259625397431
2006,0.08480731700971622,0.0004703996117471275,0.9147222833785367
2007,0.1002256761772217,0.0006477657989436786,0.8991265580238347
2008,0.1166979816679881,0.0009088390911862619,0.8823931792408256
2009,0.13406817865547996,0.0012421809580184847,0.8646896403865016
2010,0.1521759196131828,0.0016334404016055853,0.8461906399852116
2011,0.1708612205823686,0.0020663135091976083,0.8270724659084338
2012,0.1899685463590329,0.002523515381778189,0.8075079382591889
2013,0.20935017773693526,0.00298771331962229,0.7876621089434425
2014,0.22886878589727847,0.003442381635506773,0.7676888324672148
2015,0.2483992129695871,0.003872552476441428,0.7477282345539714
2016,0.26782950027786556,0.00426544842399657,0.7279050512981379
2017,0.28706125049848324,0.004610995276066183,0.7083277542254506
2018,0.30600943565207955,0.0049022201736002614,0.6890883441743203
2019,0.32460176009533026,0.005135546022865368,0.6702626938818044
2020,0.3427776987212742,0.005310997989562553,0.6519113032891631
2021,0.36048731281902974,0.005432336469056706,0.6340803507119135
2022,0.37768993864575057,0.005507133121027857,0.6168029282332215
2023,0.3943528187834235,0.00554680247522438,0.600100378741352
2024,0.4104497463645041,0.005566601128026801,0.5839836525074692
2025,0.42595975228646715,0.005585601449052396,0.5684546462644805
2026,0.44086588624004724,0.005626646444146188,0.5535074673158065
2027,0.45515409593131284,0.005716286679713224,0.539129617388974
2028,0.4688122308753064,0.005884700065715145,0.5253030690589785
2029,0.4818291719631379,0.006165589907769896,0.5120052381290923
2030,0.4941940902979338,0.006596056974486688,0.49920985272757956
2031,0.5058958386232694,0.007216438004391713,0.48688772337233893
2032,0.5169224730952604,0.008070102384090833,0.4750074245206488
2033,0.5272609024796903,0.009203196665523276,0.4635359008547864
2034,0.5368966645486787,0.01066432766034413,0.4524390077909771
2035,0.5458138272924683,0.012504173601028677,0.441681999106503
2036,0.5539950127164484,0.014775014346429933,0.4312299729371216
2037,0.5614215421956746,0.017530172675587416,0.421048285128738
2038,0.568073698610582,0.020823361736356752,0.4111029396530612
2039,0.5739311002895042,0.024707936903351133,0.4013609628071447
2040,0.5789731839619668,0.029236053302563,0.39179076273547014
2041,0.5831797847626221,0.03445773695986107,0.3823624782775168
2042,0.586531799125511,0.04041988290186413,0.3730483179726249
2043,0.5890119190644538,0.04716519832193788,0.36382288261360823
2044,0.5906054111822379,0.05473111832471179,0.35466347049305036
2045,0.5913009222211911,0.06314872346204597,0.34555035431676284
2046,0.5910912766946327,0.07244169928975616,0.33646702401561124
2047,0.5899742396614217,0.0826253756261467,0.3274003847124316
2048,0.5879532073836371,0.09370589227628777,0.31834090034007523
2049,0.5850377985276863,0.10567952914974851,0.3092826723225651
2050,0.5812443062535667,0.1185322454051963,0.30022344834123704
2051,0.5765959931049467,0.1322394554378796,0.29116455145717374
2052,0.571123196701162,0.14676607256484442,0.28211073073399356
2053,0.5648632438921867,0.16206682496765332,0.27306993114015987
2054,0.5578601564782962,0.178086854688613,0.2640529888330906
2055,0.5501641657961008,0.19476257458538335,0.2550732596185158
2056,0.5418310409180476,0.21202276751706806,0.2461461915648845
2057,0.5329212624941534,0.2297898796597239,0.23728885784612275
2058,0.5234990699220228,0.24798146542807725,0.22851946464989983
2059,0.5136314221084669,0.2665117249656447,0.21985685292588839
2060,0.5033869117771852,0.2852930781291239,0.21132001009369086
2061,0.492834675498986,0.30423771529508475,0.20292760920592917
2062,0.48204333827617457,0.3232590731892358,0.19469758853458957
2063,0.4710800300478574,0.3422731864462444,0.18664678350589825
2064,0.46000950090629605,0.36119988042524837,0.1787906186684556
2065,0.448893359934588,0.37996377507674195,0.17114286498866996
2066,0.4377894502284304,0.3984950863809193,0.16371546339065024
2067,0.42675136783045525,0.4167302193475443,0.15651841282200052
2068,0.4158281275697628,0.43461215271601705,0.1495597197142201
2069,0.40506396494199115,0.4520906335676661,0.1428454014903427
2070,0.3944982662079233,0.46912219589422344,0.13637953789785326
2071,0.3841656138217292,0.485670025241641,0.13016436093662975
2072,0.37409592793488766,0.5017036959506109,0.12420037611450135
2073,0.3643146887890109,0.5171988054200031,0.11848650579098603
2074,0.35484321947807945,0.5321365326098559,0.1130202479120646
2075,0.345699017388591,0.5465031402633669,0.10779784234804216
2076,0.3368961139711651,0.5602894460129793,0.10281444001585568
2077,0.3284454518562864,0.5734902789305412,0.09806426921317253
2078,0.32035526823120336,0.5861039364046351,0.09354079536416157
2079,0.31263147124740104,0.5981316570513866,0.08923687170121235
2080,0.30527800846409997,0.6095771130172505,0.08514487851864948
2081,0.2982972141082674,0.620445936105405,0.08125684978632759
2082,0.2916901358552712,0.6307452776908461,0.07756458645388264
2083,0.28545683753250045,0.640483405808111,0.07405975665938849
2084,0.27959667520175074,0.6496693422731072,0.07073398252514196
2085,0.2741085456730129,0.6583125396431807,0.06757891468380642
2086,0.26899111008687643,0.666422594840389,0.06458629507273454
2087,0.26424298991892253,0.6740090011175783,0.061748008963499086
2088,0.259862938821709,0.6810809340630429,0.05905612711524804
2089,0.25584999013974724,0.6876470703796563,0.056502939480596454
2090,0.25220358279805916,0.6937154362409086,0.05408098096103222
2091,0.24892366496947052,0.6992932844368179,0.05178305059371158
2092,0.24601077939748608,0.7043869956570926,0.04960222494542129
2093,0.24346612892008845,0.7090020044925328,0.047531866587378714
2094,0.2412916248669628,0.7131427467320043,0.04556562840103287
2095,0.2394899198819148,0.7168126255408309,0.0436974545772543
2096,0.23806442325658542,0.7200139980367508,0.04192157870666372
2097,0.23701930199970872,0.7227481782894138,0.040232519710877455
2098,0.23635946648511816,0.7250154575356873,0.03862507597919476
2099,0.23609054172321464,0.7268151400212601,0.03709431825552527
