year,Model Uncertainty,Scenario Uncertainty,Inter-Annual Variability
1980,0.14028465326817097,0.0020079752156565442,0.8577073715161725
1981,0.11392947562688525,0.0012525793200780775,0.8848179450530367
1982,0.09205334407898037,0.0007197248515591911,0.9072269310694605
1983,0.07423080761520946,0.00037367010034984843,0.9253955222844407
1984,0.05993717712758045,0.0001771135853195343,0.9398857092871
1985,0.048611413866899995,9.425660611026979e-05,0.9512943295269897
1986,0.039705146435919575,9.287151444109912e-05,0.9602019820496392
1987,0.03271641856076021,0.00014545233217739149,0.9671381291070624
1988,0.02720963626163054,0.00022963570096708522,0.9725607280374023
1989,0.022824559616561022,0.00032810960369923436,0.9768473307797397
1990,0.019277459911957586,0.0004282059722689983,0.9802943341157734
1991,0.016357196651518652,0.0005213292038733578,0.983121474144608
1992,0.013918357576823042,0.0006023259247720158,0.985479316498405
1993,0.01187294948362631,0.0006688606180566102,0.987458189898317
1994,0.010181599338885886,0.0007208322522707538,0.9890975684088433
1995,0.008844808852924326,0.0007598462167945339,0.9903953449302811
1996,0.007894539447287803,0.00078874461858741,0.9913167159341247
1997,0.007386243569563158,0.0008111918154762599,0.9918025646149605
1998,0.0073913781179193476,0.0008313097501861338,0.9917773121318945
1999,0.007990412761269626,0.0008533590050919616,0.9911562282336384
2000,0.009266363271980809,0.0008814623016415941,0.9898521744263776
2001,0.011298901624232093,0.0009193698730481889,0.9877817285027197
2002,0.014159128737974399,0.000970267633353315,0.9848706036286723
2003,0.017905117490354932,0.001036630310578645,0.9810582521990665
2004,0.022578336681440346,0.0011201220031684424,0.9763015413153913
2005,0.028201054124879308,0.0012215460403680913,0.9705773998347526
2006,0.034774785851471084,0.0013408438408276724,0.9638843703077012
2007,0.042279807864852616,0.0014771421845496875,0.9562430499505977
2008,0.05067568996171895,0.0016288436611076474,0.9476954663771735
2009,0.05990275522466006,0.0017937545399919908,0.938303490235348
2010,0.06988431101520377,0.001969242847696384,0.9281464461370998
2011,0.0805294673421981,0.002152416194673458,0.9173181164631284
2012,0.09173632631426491,0.0023403118427963105,0.9059233618429388
2013,0.10339533704788625,0.002530088963101299,0.8940745739890125
2014,0.11539260735568221,0.0027192170778457462,0.881888175566472
2015,0.12761301978786613,0.0029056536162997424,0.8694813265958342
2016,0.13994300821402506,0.0030880088175932485,0.8569689829683816
2017,0.15227291478528474,0.0032656940957242783,0.844461391118991
2018,0.16449888237159427,0.0034390563061777613,0.8320620613222279
2019,0.17652427245352634,0.0036094978405043243,0.8198662297059693
2020,0.18826062722146122,0.0037795863823075586,0.8079597863962312
2021,0.19962822686110224,0.003953157305985315,0.7964186158329124
2022,0.210556291014901,0.004135412398918435,0.7853082965861805
2023,0.2209829007750763,0.004333019718052391,0.7746840795068713
2024,0.23085469668686384,0.004554215807881341,0.7645910875052548
2025,0.2401264227382357,0.004808915578566768,0.7550646616831975
2026,0.24876037628298892,0.005108830501252371,0.7461307932157587
2027,0.2567258054791706,0.005467596257819005,0.7378065982630104
2028,0.26399830852332684,0.005900910711851564,0.7301007807648215
2029,0.27055925844989576,0.006426680457110815,0.7230140610929935
2030,0.27639528866560875,0.007065173091010912,0.7165395382433803
2031,0.2814978545577831,0.007839171392355225,0.7106629740498617
2032,0.28586288958051487,0.008774123211334334,0.7053629872081507
2033,0.28949056582559934,0.00989827737594747,0.7006111567984532
2034,0.29238515718349345,0.011242796520671158,0.6963720462958354
2035,0.29455502021718033,0.01284183123150714,0.6926031485513126
2036,0.2960126737294393,0.014732540480811499,0.6892547857897492
2037,0.29677498391359836,0.01695503661822863,0.6862699794681729
2038,0.2968634317121095,0.019552234768401292,0.6835843335194893
2039,0.29630445151365387,0.022569580940126902,0.6811259675462192
2040,0.2951298144008671,0.02605463213584171,0.6788155534632911
2041,0.2933770236079887,0.030056464188030024,0.6765665122039812
2042,0.291089680426082,0.03462488493280256,0.6742854346411153
2043,0.2883177818282539,0.039809434597678904,0.6718727835740672
2044,0.28511788571000174,0.04565816532982845,0.6692239489601699
2045,0.2815530883980308,0.05221620894180785,0.6662307026601614
2046,0.27769275862004456,0.05952415322612149,0.6627830881538339
2047,0.27361196300954455,0.06761627398950626,0.6587717630009492
2048,0.26939054231540327,0.07651869556414478,0.6540907621204519
2049,0.265111810568183,0.08624756903200913,0.6486406203998079
2050,0.26086086736490305,0.09680739027696104,0.642331742358136
2051,0.25672256103841395,0.10818958490553204,0.635087854056054
2052,0.25277916560233643,0.12037149694750768,0.6268493374501559
2053,0.24910787510520466,0.1333159104008163,0.6175762144939789
2054,0.24577825870716646,0.14697119659135646,0.607250544701477
2055,0.24284983226186022,0.16127215509032722,0.5958780126478125
2056,0.2403699207419142,0.17614154593924558,0.5834885333188403
2057,0.23837197186360595,0.1914922621368504,0.5701357659995437
2058,0.23687444922383086,0.20723002641555704,0.5558955243606121
2059,0.23588039718202064,0.2232564454999506,0.5408631573180289
2060,0.23537770148344217,0.2394722277522801,0.5251500707642777
2061,0.23534002579754476,0.2557803477061022,0.5088796264963529
2062,0.2357283327869473,0.27208896611985794,0.4921827010931949
2063,0.23649286921109294,0.28831393474627154,0.47519319604263544
2064,0.23757546355124173,0.3043807582159713,0.458043778232787
2065,0.2389119695181454,0.3202259585194079,0.4408620719624468
2066,0.24043471355245782,0.33579781509726603,0.4237674713502761
2067,0.24207480473478055,0.3510565241920927,0.40686867107312674
2068,0.24376422196986428,0.3659738361168488,0.39026194191328695
2069,0.24543760113560087,0.3805322746745316,0.3740301241898676
2070,0.24703370245434497,0.39472403105600096,0.35824226648965396
2071,0.24849654976862331,0.40854963959140195,0.34295381063997477
2072,0.24977626569923095,0.4220165279371852,0.32820720636358397
2073,0.25082964062108026,0.43513751694969155,0.31403284242922824
2074,0.2516204833926794,0.44792933248880257,0.3004501841185181
2075,0.25211980126912953,0.46041117558991385,0.28746902314095657
2076,0.25230586550763856,0.4726033695756421,0.27509076491671947
2077,0.252164203728078,0.48452610863236617,0.26330968763955587
2078,0.25168756153279453,0.4961983018590743,0.2521141366081312
2079,0.25087587217357415,0.5076365097697838,0.24148761805664212
2080,0.2497362499506147,0.5188539676874271,0.2314097823619583
2081,0.24828304219661185,0.5298596736091415,0.22185728419424663
2082,0.24653793720194148,0.5406575369649921,0.2128045258330664
2083,0.24453014568789447,0.5512455692477525,0.20422428506435306
2084,0.2422966469601146,0.5616151124639162,0.19608824057596924
2085,0.23988249661251318,0.5717500981282554,0.1883674052592315
2086,0.23734117598879728,0.5816263427926643,0.1810324812185384
2087,0.2347349645633511,0.591210885786812,0.17405414964983687
2088,0.23213530025461807,0.6004613897281739,0.16740331001720815
2089,0.22962308950158347,0.6093256293928706,0.16105128110554592
2090,0.22728891152629874,0.6177411118639706,0.15496997660973075
2091,0.22523306194037998,0.6256348707234137,0.14913206733620615
2092,0.22356536150917328,0.6329234987658318,0.14351113972499496
2093,0.22240465139169083,0.6395134873552067,0.1380818612531024
2094,0.22187789572480404,0.6453019463825039,0.13282015789269203
2095,0.22211880614059817,0.6501777829678348,0.12770341089156706
2096,0.2232659144901068,0.6540234124319584,0.12271067307793482
2097,0.22546003715939822,0.6567170574609481,0.11782290537965362
2098,0.22884110226156254,0.6581356704944553,0.11302322724398219
2099,0.23354435205961593,0.6581584756686426,0.10829717227174145
