year,Model Uncertainty,Scenario Uncertainty,Inter-Annual Variability
1980,0.14899369880150823,0.0037471036834404443,0.8472591975150514
1981,0.12779434853550597,0.002172813151722153,0.8700328383127719
1982,0.10863072307856624,0.001100051598580085,0.8902692253228537
1983,0.09149442135703692,0.0004379899109789943,0.9080675887319841
1984,0.07633650636383968,9.91017701783541e-05,0.9235643918659819
1985,0.06307741698736122,2.390612080770178e-06,0.936920192400558
1986,0.05161637435061924,7.560645285878347e-05,0.948308019196522
1987,0.04183970374772738,0.0002565381800731363,0.9579037580721994
1988,0.03362775280721087,0.0004935258741227761,0.9658787213186663
1989,0.026860311048074355,0.000745360497992509,0.9723943284539331
1990,0.02142058122610657,0.000980736456177569,0.9775986823177159
1991,0.017197859565326417,0.0011774039096630249,0.9816247365250106
1992,0.014089128786281446,0.0013211424165143436,0.9845897287972043
1993,0.011999780196716695,0.001404650547445723,0.9865955692558376
1994,0.01084367578858052,0.0014264208326630271,0.9877299033787564
1995,0.010542739099689318,0.001389648321784056,0.9880676125785266
1996,0.011026233882966545,0.0013012047303420321,0.9876725613866915
1997,0.012229862995261877,0.0011706978194040629,0.9865994391853341
1998,0.014094788290608557,0.0010096271582514054,0.9848955845511401
1999,0.016566652230294913,0.0008306421080878813,0.9826027056616172
2000,0.019594657617111017,0.0006469023272511498,0.9797584400556378
2001,0.023130743232753218,0.0004715419006656219,0.9763977148665811
2002,0.027128883182391914,0.0003172330654472382,0.9725538837521609
2003,0.03154451690079635,0.00019584743177814164,0.9682596356674255
2004,0.036334118826390524,0.00011820970503826026,0.9635476714685711
2005,0.04145489703393469,9.393895407667645e-05,0.9584511640119887
2006,0.0468646143812388,0.0001313716711263233,0.953004013947635
2007,0.05252151619447041,0.00023755964612253054,0.9472409241594071
2008,0.05838434605158299,0.00041833550548347207,0.9411973184429335
2009,0.06441243382151593,0.0006784377996374052,0.9349091283788467
2010,0.07056583438379921,0.0010216874317282494,0.9284124781844726
2011,0.07680550212717119,0.001451206650389122,0.9217432912224397
2012,0.08309348201658098,0.001969672771978306,0.9149368452114407
2013,0.089393104450986,0.0025795979590570025,0.908027297589957
2014,0.09566917348341626,0.003283627544394332,0.9010471989721894
2015,0.10188813626325818,0.004084850378638469,0.8940270133581033
2016,0.1080182286772974,0.0049871145338809845,0.8869946567888216
2017,0.11402959412363897,0.005995342485562732,0.8799750633907982
2018,0.11989437158532974,0.007115842238500208,0.8729897861761701
2019,0.1255867565971041,0.00835660834523907,0.8660566350576568
2020,0.1310830310035204,0.009727610198360841,0.8591893587981188
2021,0.13636157192585294,0.0112410632873582,0.8523973647867888
2022,0.14140283992380134,0.012911678946532565,0.8456854811296661
2023,0.14618934962198732,0.014756889525265613,0.8390537608527472
2024,0.1507056325837179,0.016797042643631778,0.8324973247726503
2025,0.15493819227882172,0.01905555944419758,0.8260062482769807
2026,0.1588754600038512,0.02155904860009362,0.8195654913960553
2027,0.16250775470948536,0.02433736938440133,0.8131548759061132
2028,0.16582724761284223,0.0274236320625013,0.8067491203246565
2029,0.16882794147688102,0.030854125217223825,0.8003179333058951
2030,0.17150566037366935,0.034668157273108915,0.7938261823532217
2031,0.17385805157315265,0.03890779911734429,0.7872341493095031
2032,0.17588460736600856,0.0436175134311707,0.7804978792028207
2033,0.17758669341242556,0.0488436589603703,0.7735696476272043
2034,0.17896759033698595,0.05463385747400802,0.7663985521890061
2035,0.18003254191371826,0.06103621479380218,0.7589312432924795
2036,0.1807888021192948,0.06809839467210549,0.7511128032085997
2037,0.18124567734489358,0.075866545259092,0.7428877773960144
2038,0.18141455295932662,0.08438409298535654,0.7342013540553168
2039,0.18130889714343162,0.09369042257337784,0.7250006802831905
2040,0.18094423307936547,0.10381947687141733,0.7152362900492172
2041,0.18033806664899818,0.1147983208222965,0.7048636125287053
2042,0.1795097669192445,0.12664572306329347,0.693844510017462
2043,0.17848038853999307,0.13937082446258456,0.6821487869974224
2044,0.1772724344569158,0.1529719607533729,0.6697556047897113
2045,0.17590956078433784,0.16743571539989116,0.656654723815771
2046,0.17441622020192976,0.1827362770533798,0.6428475027446905
2047,0.17281726512627701,0.19883515549489403,0.6283475793788289
2048,0.17113750979781406,0.21568131224729284,0.6131811779548931
2049,0.16940127829314316,0.23321172218712738,0.5973869995197294
2050,0.16763195149957677,0.251352371430807,0.5810156770696162
2051,0.1658515372192766,0.2700196599496664,0.5641288028310569
2052,0.16408028314399248,0.2891221573873385,0.5467975594686689
2053,0.16233635037229116,0.30856262901153825,0.5291010206161706
2054,0.1606355651221616,0.328240240782881,0.5111241940949575
2055,0.15899125697381494,0.34805283217742333,0.49295591084876167
2056,0.15741418874068572,0.3678991548239693,0.4746866564353451
2057,0.15591257986107177,0.3876809697057054,0.45640645043322275
2058,0.1544922146420368,0.40730492102615407,0.43820286433180905
2059,0.15315662647808093,0.4266841178399685,0.4201592556819506
2060,0.15190734452395915,0.44573937913637335,0.4023532763396674
2061,0.15074418535251138,0.4644001239232029,0.3848556907242857
2062,0.14966557641021463,0.482604904872771,0.3677295187170143
2063,0.1486688926501529,0.500301608177085,0.3510294991727621
2064,0.14775079431620838,0.5174473522115758,0.33480185347221586
2065,0.1469075531009847,0.5340081336871348,0.31908431321188035
2066,0.14613535712061412,0.5499582674216853,0.3039063754577005
2067,0.145430587601314,0.5652796754849093,0.28928973691377674
2068,0.14479006498146296,0.5799610698834758,0.27524886513506125
2069,0.14421126150341593,0.5939970782725357,0.26179166022404843
2070,0.14369247848329814,0.6073873487937612,0.2489201727229406
2071,0.14323299266520237,0.6201356660517031,0.23663134128309463
2072,0.14283317151897817,0.6322491035688278,0.22491772491219408
2073,0.14249456209936387,0.6437372297933578,0.21376820810727834
2074,0.14221995625215897,0.6546113801647069,0.20316866358313423
2075,0.1420134343306494,0.6648840033686221,0.19310256230072848
2076,0.14188039213211012,0.6745680832947321,0.18355152457315782
2077,0.14182755373950168,0.6836766367653487,0.17449580949514956
2078,0.1418629711060981,0.692222285827517,0.16591474306638485
2079,0.14199601418580418,0.7002168988116577,0.15778708700253813
2080,0.14223735220131775,0.7076712964258363,0.150091351372846
2081,0.14259892657526632,0.7145950174083538,0.14280605601637997
2082,0.1430939176198842,0.7209961368470185,0.13590994553309743
2083,0.1437367034162005,0.7268811339992819,0.1293821625845175
2084,0.14454281255629337,0.732254802483341,0.12320238496036569
2085,0.14552886780513596,0.7371202005480035,0.11735093164686045
2086,0.1467125226531721,0.7414786360621393,0.1118088412846887
2087,0.1481123876925585,0.7453296837911303,0.10655792851631124
2088,0.14974794692210477,0.7486712319873332,0.10158082109056199
2089,0.1516394618265492,0.751499556904597,0.09686098126885387
2090,0.1538078628122691,0.7538094223289185,0.09238271485881241
2091,0.15627462623257332,0.7555942041318159,0.08813116963561075
2092,0.15906163526899464,0.756846038904336,0.08409232582666931
2093,0.1621910255987427,0.7575559938508902,0.08025298055036702
2094,0.1656850122479388,0.7577142606308878,0.07660072712117343
2095,0.1695656992314878,0.7573103693921511,0.07312393137636104
2096,0.17385487139330627,0.7563334237112804,0.06981170489541336
2097,0.1785737682399632,0.7547723547143946,0.06665387704564202
2098,0.18374284090317103,0.7526161932654901,0.06364096583133884
2099,0.18938149405081528,0.7498543578941775,0.060764148055007045
