year,Model Uncertainty,Scenario Uncertainty,Inter-Annual Variability
1980,0.252973217545093,0.004439735061935396,0.7425870473929717
1981,0.22127476410086294,0.0025463992872990734,0.776178836611838
1982,0.1919910696366515,0.0012617750887371655,0.8067471552746114
1983,0.16526356165889272,0.0004883309749394089,0.834248107366168
1984,0.1411322373431617,0.0001224731322401294,0.8587452895245982
1985,0.11955624341323373,6.201437194309192e-05,0.8803817422148232
1986,0.1004372170838487,0.00021202129639833037,0.8993507616197529
1987,0.08364217498219728,0.0004888460357283604,0.9158689789820743
1988,0.06902371550685756,0.0008224459459469077,0.9301538385471955
1989,0.056436304719527076,0.0011572716246400474,0.9424064236558328
1990,0.04574822655966705,0.0014520729001022549,0.9527997005402307
1991,0.03684935017096969,0.0016789619970079476,0.9614716878320224
1992,0.029655181283510867,0.0018220201420539018,0.9685227985744352
1993,0.02410780548298264,0.0018756638013034052,0.9740165307157139
1994,0.02017434394008682,0.001842919134259695,0.9779827369256534
1995,0.017843503154695833,0.0017336986997671222,0.980422798145537
1996,0.017120738666553274,0.001563134192808923,0.9813161271406379
1997,0.018022497146545302,0.0013499951067612863,0.9806275077466935
1998,0.020569964159291142,0.0011152110520664712,0.9783148247886424
1999,0.02478271651887685,0.0008805121462593263,0.9743367713348638
2000,0.030672661635402106,0.0006672045046359513,0.968660133859962
2001,0.038238618960910215,0.0004951009476307621,0.9612662800914591
2002,0.04746186158800423,0.00038163046667433263,0.9521565079453214
2003,0.05830287607028781,0.000341149395356724,0.9413559745343555
2004,0.0706995153212262,0.0003844729357049277,0.9289160117430689
2005,0.08456661713972373,0.000518637461265938,0.9149147453990104
2006,0.09979705017195312,0.0007468920979950565,0.8994560577300518
2007,0.11626404158360854,0.0010689051334418823,0.8826670532829497
2008,0.13382454650585568,0.0014811577691164033,0.864694295725028
2009,0.1523233540741909,0.001977487127431785,0.8456991587983774
2010,0.1715975981556076,0.002549733875997023,0.8258526679683954
2011,0.19148133593691616,0.0031884467768185276,0.8053302172862653
2012,0.21180990054332732,0.003883598842519894,0.7843065006141527
2013,0.23242378731355098,0.004625275543281524,0.7629509371431675
2014,0.2531719062991702,0.0054043033744772895,0.7414237903263525
2015,0.2739141034627161,0.006212796775652033,0.7198730997616319
2016,0.2945229300899847,0.007044611210942759,0.6984324586990727
2017,0.31488468459608593,0.007895698209173517,0.6772196171947406
2018,0.334899803964993,0.008764365476235917,0.6563358305587711
2019,0.3544827024999142,0.009651449921696217,0.6358658475783896
2020,0.37356116876535045,0.010560414636374945,0.6158784165982746
2021,0.392075435337831,0.011497381623306404,0.5964271830388627
2022,0.4099770260022675,0.012471112978530425,0.577551861019202
2023,0.42722747407415707,0.013492950398511987,0.5592795755273309
2024,0.44379699034689046,0.01457672361532569,0.5416262860377838
2025,0.4596631421511468,0.015738633239607003,0.5245982246092462
2026,0.4748095911250464,0.016997114139022513,0.5081932947359311
2027,0.4892249224691471,0.018372681549054387,0.49240239598179847
2028,0.502901588294324,0.019887761020112773,0.47721065068556323
2029,0.5158349781651621,0.021566501698124727,0.46259852013671326
2030,0.5280226221524026,0.023434571360865474,0.448542806486732
2031,0.5394635275512506,0.025518930536738232,0.4350175419120112
2032,0.5501576460646334,0.027847582690416026,0.42199477124495055
2033,0.5601054662121114,0.0304492979049347,0.40944523588295395
2034,0.5693077229538291,0.03335330701246369,0.3973389700337071
2035,0.5777652173794953,0.03658896431970435,0.38564581830080047
2036,0.5854787366833161,0.040185378546289285,0.37433588477039464
2037,0.5924490652480899,0.04417101167111197,0.36337992308079814
2038,0.5986770774022998,0.048573248534745844,0.35274967406295427
2039,0.6041638999210569,0.0534179414224657,0.3424181586564775
2040,0.6089111342247994,0.05872893529949931,0.33235993047570134
2041,0.6129211261104975,0.06452758289244545,0.3225512909970569
2042,0.6161972692518123,0.07083225976691304,0.3129704709812746
2043,0.6187443307314778,0.07765789185299186,0.30359777741553023
2044,0.6205687823086234,0.08501550997248453,0.294415707718892
2045,0.6216791242139313,0.0929118465060326,0.28540902928003614
2046,0.6220861874735779,0.10134898861115403,0.27656482391526804
2047,0.6218033975178039,0.11032410559464129,0.2678724968875548
2048,0.6208469899047723,0.11982926196714852,0.25932374812807923
2049,0.6192361640781185,0.12985132920612033,0.25091250671576115
2050,0.6169931659572698,0.14037200493463203,0.24263482910809817
2051,0.6141432933755963,0.15136794454035074,0.23448876208405312
2052,0.6107148208022559,0.1628110052938352,0.22647417390390892
2053,0.6067388430476491,0.17466860017994298,0.21859255677240788
2054,0.6022490412716748,0.1869041521602238,0.21084680656810142
2055,0.5972813791752168,0.19947763599626686,0.20324098482851635
2056,0.5918737381034587,0.21234619200205024,0.195780069894491
2057,0.5860655050294135,0.2254647908036262,0.18846970416696018
2058,0.5798971265154605,0.2387869289325248,0.18131594455201452
2059,0.5734096442906275,0.25226533350543295,0.1743250222039396
2060,0.5666442293438704,0.26585265242544126,0.16750311823068828
2061,0.5596417273474339,0.2795021124735507,0.16085616017901527
2062,0.5524422305951325,0.29316812612436355,0.15438964328050386
2063,0.5450846881302879,0.3068068321722733,0.14810847969743865
2064,0.5376065623321638,0.3203765606722914,0.14201687699554477
2065,0.5300435398159123,0.3338382136286766,0.13611824655541097
2066,0.5224293013216835,0.34715555756502103,0.13041514111329533
2067,0.5147953500169532,0.36029543006313663,0.12490921991991005
2068,0.5071709003429896,0.3732278606345223,0.11960123902248804
2069,0.49958282292579953,0.3859261131727162,0.11449106390148422
2070,0.4920556428713493,0.39836665610929234,0.10957770101935825
2071,0.48461158364888274,0.4105290713472397,0.10485934500387752
2072,0.47727065376518524,0.4223959083728953,0.10033343786191945
2073,0.470050767542396,0.43395249535807134,0.09599673709953267
2074,0.4629678930550441,0.44518671736967774,0.09184538957527821
2075,0.4560362229075007,0.45608876865143005,0.08787500844106927
2076,0.44926835979602703,0.46665088945028643,0.0840807507536865
2077,0.442675512805587,0.4768670932410634,0.08045739395334964
2078,0.43626769863895254,0.4867328920057186,0.07699940935532879
2079,0.430053944073539,0.4962450242154057,0.07370103171105535
2080,0.42404248594408384,0.5054011902027672,0.07055632385314886
2081,0.4182409663246916,0.5141997978654612,0.06755923580984707
2082,0.412656619301216,0.5226397225731886,0.0647036581255954
2083,0.40729644898431877,0.5307200817061918,0.06198346930948937
2084,0.40216739602843166,0.5384400266012553,0.05939257737031296
2085,0.3972764928349283,0.5457985514008648,0.056924955764206954
2086,0.3926310053544064,0.5527943206653908,0.054574673980202756
2087,0.38823856171534976,0.5594255151297735,0.05233592315487678
2088,0.3841072669716711,0.5656896958670438,0.05020303716128506
2089,0.3802458029702383,0.5715836874623912,0.04817050956737062
2090,0.37666351372086965,0.5771034793355102,0.046233006943620085
2091,0.373370474572505,0.5822441464456936,0.044385378981801435
2092,0.3703775456615969,0.5869997885335527,0.042622665804850454
2093,0.36769640810940757,0.5913634889831595,0.04094010290743289
2094,0.3653395821921279,0.5953272936896231,0.03933312411824899
2095,0.3633204269061311,0.5988822102305857,0.037797362863283085
2096,0.36165311910321307,0.6020182287559694,0.03632865214081753
2097,0.3603526114620225,0.6047243651416415,0.034923023396335955
2098,0.3594345679362896,0.6069887274598618,0.03357670460384859
2099,0.3589152752962946,0.6087986069751227,0.0322861177285827
