year,Model Uncertainty,Scenario Uncertainty,Inter-Annual Variability
1980,0.11205921112085945,0.0008116276251090223,0.8871291612540316
1981,0.09378896216044522,0.00034907370980965987,0.9058619641297451
1982,0.07808373995273457,0.00010753054542137531,0.921808729501844
1983,0.06473693469758114,2.1295038149539048e-05,0.9352417702642692
1984,0.05351220055458414,3.489938613934147e-05,0.9464529000592765
1985,0.044161450661263646,0.00010372230869341375,0.955734827030043
1986,0.03643927486906387,0.00019374947035526865,0.9633669756605808
1987,0.030113663019488323,0.0002807376228014284,0.9696055993577103
1988,0.024973329484002722,0.00034901247921036773,0.9746776580367869
1989,0.020832155112324405,0.0003900867270110398,0.9787777581606646
1990,0.017531338195899162,0.00040123591332118355,0.9820674258907797
1991,0.014939823907484526,0.00038412524483308374,0.9846760508476824
1992,0.012953509616289953,0.0003435445574569317,0.9867029458262531
1993,0.011493626601018853,0.00028628152572119514,0.98822009187326
1994,0.01050460452810202,0.0002201456869780002,0.98927524978492
1995,0.009951638623484724,0.00015314443206511754,0.9898952169444502
1996,0.009818114106299165,9.280663947074531e-05,0.9900890792542301
1997,0.010102986198124882,4.5647028485595845e-05,0.9898513667733895
1998,0.01081818035852272,1.6763981743433935e-05,0.9891650556597338
1999,0.011986052038988015,9.564272542469794e-06,0.9880043836884695
2000,0.013636930222542318,2.560874582214546e-05,0.9863374610316356
2001,0.01580676296705013,6.457367237186833e-05,0.984128663360578
2002,0.018534879697512996,0.00012432228452014584,0.9813407980179669
2003,0.02186188660668307,0.0002010803308713322,0.9779370330624455
2004,0.025827711585729312,0.00028970807012654374,0.9738825803441441
2005,0.030469817804066567,0.00038405926914826934,0.9691461229267851
2006,0.03582160566213289,0.00047741550671651496,0.9637009788311506
2007,0.04191102037710012,0.0005629821022121278,0.9575259975206877
2008,0.04875938151484,0.0006344294246910736,0.9506061890604689
2009,0.05638044615413512,0.0006864623780493394,0.9429330914678155
2010,0.06477970992670497,0.0007153991130022826,0.9345048909602928
2011,0.07395394605039511,0.0007197402056568314,0.925326313743948
2012,0.0838909742394305,0.0007007095263622668,0.9154083162342073
2013,0.094569644257615,0.0006627492810810588,0.9047676064613039
2014,0.1059600148193969,0.000613953326496642,0.8934260318541065
2015,0.11802370191190062,0.0005664249175466764,0.8814098731705526
2016,0.13071437008475484,0.0005365473851233029,0.8687490825301218
2017,0.14397833663944476,0.0005451589238149896,0.8554765044367403
2018,0.1577552620293725,0.0006176248823918216,0.8416271130882357
2019,0.17197889926153187,0.0007838033286113337,0.8272372974098567
2020,0.18657787930896377,0.0010779017677945968,0.8123442189232417
2021,0.20147651663452962,0.001538224675823071,0.7969852586896472
2022,0.2165956165721049,0.0022068132424310186,0.7811975701854641
2023,0.23185327925714072,0.003128980137526252,0.7650177406053331
2024,0.24716569310680184,0.004352743709624002,0.7484815631835742
2025,0.26244791621952585,0.005928167955477482,0.7316239158249966
2026,0.2776146482267147,0.007906615591213643,0.7144787361820716
2027,0.2925809947302674,0.010339924623543542,0.697079080646189
2028,0.307263226156417,0.013279520704455684,0.6794572531391274
2029,0.3215795386920865,0.016775479607041628,0.6616449817008717
2030,0.33545081038462016,0.020875558693438784,0.643673630921941
2031,0.3488013588649367,0.025624216162485565,0.6255744249725778
2032,0.36155969247205877,0.031061642782137643,0.6073786647458035
2033,0.37365924516606774,0.03722283056517412,0.5891179242687581
2034,0.3850390881068551,0.04413670477750685,0.5708242071156381
2035,0.39564460054659795,0.05182534696271181,0.5525300524906903
2036,0.4054280832460627,0.06030333588265314,0.5342685808712841
2037,0.414349297675548,0.0695772295169426,0.5160734728075095
2038,0.4223759103932548,0.07964521103780338,0.4979788785689418
2039,0.4294838278572382,0.09049691295964765,0.48001925918311417
2040,0.4356574015050546,0.1021134324830005,0.46222916601194486
2041,0.44088949667270544,0.11446753821441898,0.44464296511287554
2042,0.4451814133748045,0.12752406768677804,0.4272945189384175
2043,0.44854266017496425,0.14124050204739488,0.41021683777764084
2044,0.45099058290826577,0.155567700811981,0.3934417162797533
2045,0.452549858267039,0.17045077060429292,0.37699937112866816
2046,0.4532518666959223,0.1858300412885724,0.36091809201550534
2047,0.4531339640425293,0.20164211386884212,0.3452239220886286
2048,0.45223867423728603,0.21782094719156478,0.32994037857114916
2049,0.4506128274386326,0.23429894974318377,0.3150882228181837
2050,0.4483066698879513,0.2510080439555686,0.30068528615648016
2051,0.44537297129018966,0.2678806727478998,0.2867463559619105
2052,0.44186615078140823,0.2848507268115046,0.2732831224070871
2053,0.437841445919963,0.30185437000004134,0.2603041840799956
2054,0.4333541398855185,0.3188307511450876,0.2478151089693938
2055,0.4284588621643089,0.335722592807612,0.23581854502807897
2056,0.4232089719797505,0.35247665470378453,0.22431437331646487
2057,0.41765603119884415,0.36904407302235687,0.213299895778799
2058,0.41184936793666077,0.3853805817252835,0.20277005033805567
2059,0.40583573261729555,0.4014466234115116,0.19271764397119287
2060,0.39965903903310995,0.41720736312817097,0.18313359783871905
2061,0.3933601890162294,0.43263261528009234,0.1740071957036783
2062,0.38697696943938464,0.44769669927944045,0.16532633128117497
2063,0.3805440168776975,0.4623782349687864,0.157077748153516
2064,0.37409283827731377,0.4766598931469538,0.14924726857573237
2065,0.3676518800230534,0.49052811188545437,0.14182000809149226
2066,0.36124663650383515,0.5039727902388588,0.1347805732573061
2067,0.35489978913313946,0.5169869691457029,0.12811324172115762
2068,0.3486313701546527,0.5295665069272052,0.12180212291814223
2069,0.3424589413800742,0.5417097582534033,0.1158313003665225
2070,0.3363977848669563,0.553417260143527,0.11018495498951669
2071,0.3304610987352909,0.5646914304601911,0.10484747080451809
2072,0.3246601943343684,0.5755362819493647,0.09980352371626686
2073,0.3190046907528543,0.585957154611681,0.0950381546354647
2074,0.31350270524902885,0.5959604661771439,0.09053682857382733
2075,0.3081610365871352,0.6055534828327754,0.0862854805800894
2076,0.30298533872781486,0.6147441108135399,0.08227055045864534
2077,0.29798028675480387,0.6235407059560801,0.07847900728911605
2078,0.2931497310389969,0.6319519037477214,0.07489836521328178
2079,0.288496842238297,0.6399864660477913,0.07151669171391162
2080,0.2840242449440012,0.6476531456317043,0.06832260942429448
2081,0.2797341414769986,0.6549605657527032,0.0653052927702981
2082,0.27562842607998894,0.6619171139781825,0.06245445994182851
2083,0.2717087890188029,0.6685308494355838,0.05976036154561321
2084,0.2679768121393777,0.6748094216108568,0.05721376624976557
2085,0.2644340565739928,0.6807599991381407,0.054805944287866414
2086,0.2610821417347308,0.6863892089535848,0.052528649311684446
2087,0.2579228183312497,0.6917030825635425,0.05037409910520779
2088,0.2549580338815877,0.6967070106411037,0.04833495547730845
2089,0.2521899930138346,0.701405703200937,0.0464043037852284
2090,0.24962121161028705,0.7058031561064197,0.044575632283293164
2091,0.2472545664055913,0.7099026220261232,0.04284281156828549
2092,0.24509333976089093,0.7137065859208361,0.04120007431827296
2093,0.2431412597739319,0.7172167448170216,0.039641995409046414
2094,0.24140253657522223,0.7204339907905386,0.038163472634239096
2095,0.23988189468484772,0.7233583973029881,0.036759708012164195
2096,0.23858460123357525,0.7259892089542266,0.03542618981219839
2097,0.23751649029378177,0.7283248343700335,0.03415867533618485
2098,0.2366839834441812,0.7303628421079513,0.032953174447867696
2099,0.23609410620241086,0.7320999598619145,0.03180593393567473
