year,Model Uncertainty,Scenario Uncertainty,Inter-Annual Variability
1980,0.12630472470013013,0.0017236158561449199,0.871971659443725
1981,0.10267759934464903,0.0011884652812800152,0.8961339353740709
1982,0.0826218925945594,0.0008147351032705692,0.91656337230217
1983,0.06588542234676648,0.0005668154784925009,0.9335477621747411
1984,0.05214306766899397,0.00041264038495802583,0.9474442919460478
1985,0.04103120300223448,0.00032490697041853093,0.9586438900273471
1986,0.03217672395950638,0.0002816140987684972,0.967541661941725
1987,0.02521936645914625,0.0002660570557043198,0.9745145764851494
1988,0.01982729484650815,0.0002664376087667225,0.9799062675447252
1989,0.01570672746243198,0.0002752366231910609,0.984018035914377
1990,0.012606741073961076,0.0002884702031058933,0.987104788722933
1991,0.010320466314288766,0.00030491712733401956,0.9893746165583772
1992,0.008683770502507647,0.00032537598142474267,0.9909908535160676
1993,0.007572322830516324,0.00035198638510250255,0.9920756907843812
1994,0.006897719474170087,0.00038763179833923385,0.9927146487274907
1995,0.006603146696205031,0.00043543033501912447,0.9929614229687758
1996,0.006658899856012785,0.0004983137389703202,0.9928427864050169
1997,0.007057952081197885,0.0005786918447564348,0.9923633560740457
1998,0.007811684700148163,0.00067819885040992,0.991510116449442
1999,0.00894583709319737,0.0007975180550083897,0.9902566448517942
2000,0.010496701911947806,0.0009362820185786092,0.9885670160694736
2001,0.012507579769227072,0.0010930458818268138,0.9863993743489461
2002,0.015025502778056941,0.0012653309569745756,0.9837091662649685
2003,0.01809823988630705,0.0014497360554427262,0.9804520240582502
2004,0.021771601035519283,0.0016421119014295765,0.9765862870630511
2005,0.026087063701500792,0.0018377934907018005,0.9720751428077975
2006,0.031079744716327504,0.0020318829496320185,0.9668883723340406
2007,0.036776742136619495,0.0022195734213961574,0.9610036844419844
2008,0.043195863829371454,0.002396504281265263,0.9544076318893632
2009,0.05034475292241676,0.002559134828124089,0.947096112249459
2010,0.058220408445904724,0.0027051247256666433,0.9390744668284287
2011,0.06680908407455008,0.002833708815092737,0.9303572071103573
2012,0.07608653913954315,0.0029460541006524625,0.9209674067598043
2013,0.08601859666260922,0.0030455892115717233,0.910935814125819
2014,0.09656196364471964,0.003138297278934503,0.9002997390763459
2015,0.10766524785410703,0.0032329658821044142,0.8891017862637887
2016,0.11927011694576188,0.0033413894577305515,0.8773884935965076
2017,0.13131253581815153,0.0034785218467726585,0.8652089423350758
2018,0.14372402416861768,0.0036625776796692985,0.8526133981517129
2019,0.15643288888918758,0.003915084021427873,0.8396520270893845
2020,0.16936538526058198,0.004260882454356674,0.8263737322850613
2021,0.1824467772932695,0.004728083868619751,0.8128251388381108
2022,0.19560227929988017,0.005347976440827898,0.799049744259292
2023,0.20875786157833412,0.006154888457172446,0.7850872499644933
2024,0.22184092288173504,0.007186004796655868,0.7709730723216092
2025,0.23478083603798247,0.008481136367266029,0.7567380275947515
2026,0.24750937329993583,0.010082440172161547,0.7424081865279026
2027,0.25996103340061344,0.012034086370599516,0.7280048802287871
2028,0.27207328523269675,0.014381869583634747,0.7135448451836685
2029,0.28378675142970006,0.017172759190912126,0.6990404893793877
2030,0.2950453508316381,0.02045438602950005,0.6845002631388619
2031,0.30579641895455295,0.024274463025641357,0.6699291180198057
2032,0.31599082655555877,0.028680138012498108,0.655329035431943
2033,0.32558310689852255,0.03371728127559805,0.6406996118258795
2034,0.33453160396852955,0.03942971164915686,0.6260386843823136
2035,0.3427986515016701,0.045858371297304114,0.6113429772010258
2036,0.35035078210411746,0.053040458962390125,0.5966087589334924
2037,0.3571589665211069,0.06100854300208581,0.5818324904768073
2038,0.36319887619029856,0.0697896725617221,0.5670114512479794
2039,0.36845115945382045,0.07940451615314423,0.5521443243930354
2040,0.37290171901217156,0.089866554905784,0.5372317260820444
2041,0.37654197185732413,0.10118136481819101,0.5222766633244849
2042,0.3793690728779454,0.11334602092666843,0.5072849061953861
2043,0.3813860863504449,0.12634865355439012,0.49226526009516497
2044,0.3826020801886587,0.14016819043267667,0.4772297293786646
2045,0.3830321319305053,0.1547743026726309,0.46219356539686374
2046,0.3826972286814438,0.17012757689798189,0.44717519442057435
2047,0.3816240502340099,0.18617991867883793,0.43219603108715215
2048,0.3798446390612157,0.2028751821861432,0.4172801787526411
2049,0.37739594720258435,0.22015001847192658,0.4024540343254891
2050,0.3743192783291409,0.2379349131500051,0.387745808520854
2051,0.37065963375947264,0.25615538251021575,0.3731849837303116
2052,0.3664649820799866,0.2747332867435263,0.35880173117648706
2053,0.36178547801527206,0.2935882116093565,0.34462631037537145
2054,0.3566726526562645,0.3126388730674922,0.3306884742762433
2055,0.3511786040879218,0.33180449311665755,0.31701690279542066
2056,0.3453552123708062,0.3510061033742484,0.3036386842549454
2057,0.33925340495226175,0.37016773545490567,0.2905788595928325
2058,0.3329224898277511,0.3892174667945352,0.2778600433777137
2059,0.3264095745849266,0.4080882982227415,0.2655021271923319
2060,0.31975908215014137,0.4267188472109931,0.2535220706388655
2061,0.3130123675974127,0.44505385561991045,0.24193377678267688
2062,0.30620744032380753,0.46304450970180405,0.23074804997438844
2063,0.29937878631339554,0.4806485863673322,0.21997262731927233
2064,0.2925572865083218,0.4978304393719253,0.20961227411975286
2065,0.28577022011054465,0.5145608449381757,0.1996689349512797
2066,0.279041343415061,0.5308167306794445,0.19014192590549459
2067,0.2723910324726786,0.546580808096139,0.18102815943118253
2068,0.26583647582053077,0.5618411337661458,0.1723223904133235
2069,0.2593919069849811,0.5765906202720005,0.16401747274301837
2070,0.253068864982132,0.5908265147591407,0.15610462025872734
2071,0.24687647171561994,0.6045498656943696,0.14857366259001042
2072,0.24082171902101351,0.6177649889539314,0.14141329202505518
2073,0.23490975682359153,0.6304789475127621,0.13461129566364646
2074,0.22914417641313117,0.6427010523808143,0.12815477120605445
2075,0.22352728476526798,0.6544423925624842,0.12203032267224785
2076,0.21806036530403616,0.6657153981406387,0.11622423655532516
2077,0.21274392405630277,0.6765334386459644,0.11072263729773299
2078,0.207577917854838,0.6869104600707683,0.10551162207439378
2079,0.20256196612650373,0.6968606569500433,0.10057737692345319
2080,0.19769554429781946,0.7063981815299583,0.09590627417222236
2081,0.19297815962403925,0.7155368872134291,0.09148495316253166
2082,0.18840951110275567,0.7242901033361813,0.08730038556106307
2083,0.18398963278699096,0.732670440075567,0.08333992713744197
2084,0.17971902284963628,0.7406896201206102,0.0795913570297535
2085,0.17559875927368193,0.7483583340384228,0.07604290668789525
2086,0.17163060216727327,0.7556861184261946,0.07268327940653221
2087,0.1678170858349245,0.7626812520923115,0.06950166207276402
2088,0.16416159875347014,0.7693506709059427,0.06648773034058728
2089,0.16066845529470972,0.7756998964664071,0.06363164823888301
2090,0.15734295709230942,0.7817329795925748,0.060924063315115726
2091,0.15419144620188788,0.7874524555999558,0.058356098198156243
2092,0.1512213498199462,0.79285931085076,0.05591933932929371
2093,0.1484412155823042,0.79795296099218,0.05360582342551578
2094,0.14586073990035042,0.8027312375632916,0.051408022536357914
2095,0.1434907854938121,0.8071903866707004,0.049318827835487404
2096,0.14134339059779322,0.8113250765543036,0.047331532847903215
2097,0.1394317673023351,0.8151284163868985,0.0454398163107663
2098,0.1377702885525455,0.8185919864836351,0.0436377249638194
2099,0.13637446303389558,0.8217058804052538,0.041919656560850595
