year,Model Uncertainty,Scenario Uncertainty,Inter-Annual Variability
1980,0.13384439168931891,0.00961162522960295,0.856543983081078
1981,0.11754213525904213,0.005852233527781662,0.8766056312131761
1982,0.10259855769459855,0.0032391968504278017,0.8941622454549736
1983,0.08897537216675988,0.0015639273156841111,0.909460700517556
1984,0.07661629203763036,0.0006290586964190717,0.9227546492659506
1985,0.06545652628585884,0.00025532394758075297,0.9342881497665605
1986,0.055430497962044474,0.00028557239456217953,0.9442839296433934
1987,0.04647764988206074,0.0005864730647169163,0.9529358770532224
1988,0.038546424149748945,0.0010484911846172886,0.9604050846656338
1989,0.03159662410146045,0.0015846759482876197,0.9668186999502519
1990,0.025600422683532235,0.002128705397692749,0.972270871918775
1991,0.020542278487664985,0.0026325274493344394,0.9768251940630006
1992,0.016418002675081478,0.0030638390664391862,0.9805181582584793
1993,0.013233187892553382,0.0034035643235989363,0.9833632477838476
1994,0.011001177552510838,0.003643430958347822,0.9853553914891413
1995,0.009740728855873872,0.0037837025102142423,0.986475568633912
1996,0.00947350760990341,0.0038310963570601752,0.9866953960330364
1997,0.010221534451191418,0.0037969019173867994,0.9859815636314218
1998,0.012004698158935154,0.003695306747841259,0.9842999950932236
1999,0.014838440227103704,0.003541934051894223,0.981619625721002
2000,0.018731708902678376,0.0033525968054170722,0.9779156942919045
2001,0.023685263430461227,0.0031422721138407578,0.9731724644556979
2002,0.02969039799751998,0.00292429940330975,0.9673853025991702
2003,0.03672812656243653,0.0027098034013240163,0.9605620700362395
2004,0.04476885012681531,0.002507339071471398,0.9527238108017132
2005,0.053772494880352066,0.002322749986917162,0.9439047551327306
2006,0.06368908922382788,0.002159225897033173,0.9341516848791389
2007,0.07445971880792186,0.0020175387658731823,0.9235227424262049
2008,0.0860177812053093,0.0018964314120943735,0.9120857873825963
2009,0.09829045215108137,0.0017931291180784462,0.8999164187308402
2010,0.11120026652370488,0.0017039419315022287,0.8870957915447928
2011,0.12466672448022821,0.0016249258035965716,0.8737083497161753
2012,0.13860783535394636,0.0015525721050833323,0.8598395925409702
2013,0.15294153487614162,0.0014844980504966367,0.8455739670733617
2014,0.16758691576792875,0.0014201150228253198,0.8309929692092458
2015,0.18246524115444537,0.0013612564019941133,0.8161735024435606
2016,0.19750072053234066,0.0013127511188723022,0.8011865283487871
2017,0.21262104458115036,0.0012829328643413852,0.7860960225545082
2018,0.22775769048978714,0.0012840790587899003,0.770958230451423
2019,0.2428460195122689,0.0013327754263637514,0.7558212050613673
2020,0.2578251908785028,0.0014502031988515823,0.7407246059226457
2021,0.27263793021244365,0.0016623469260707248,0.7256997228614857
2022,0.2872301830751962,0.0020001196852397923,0.710769697239564
2023,0.3015506942279026,0.002499401393616831,0.6959499043784806
2024,0.3155505386826455,0.003200984387711885,0.6812484769296426
2025,0.32918265207222347,0.004150418315057413,0.6666669296127191
2026,0.3424013771955734,0.005397744771268475,0.6522008780331582
2027,0.3551620638800395,0.006997111422034497,0.6378408246979259
2028,0.36742074571173916,0.009006253626163476,0.6235730006620973
2029,0.37913391362278265,0.011485834206601398,0.609380252170616
2030,0.39025841160832353,0.014498631283079044,0.5952429571085973
2031,0.400751460805588,0.018108571463997088,0.581139967730415
2032,0.410570827740995,0.022379607791490883,0.567049564467514
2033,0.41967514451143156,0.027374449728710178,0.5529504057598583
2034,0.4280243673359054,0.03315316434234725,0.5388224683217474
2035,0.43558037898957813,0.039771673715689605,0.5246479472947323
2036,0.4423077086373219,0.04728018659941894,0.510412104763259
2037,0.4481743437003798,0.055721616476121706,0.49610403982349843
2038,0.45315261124808676,0.06513003807639445,0.48171735067551874
2039,0.4572200721935276,0.07552925750330516,0.46725067030316725
2040,0.460360399377932,0.08693155601461912,0.45270804460744896
2041,0.46256417680781803,0.09933668778609148,0.4380991354060905
2042,0.4638295793526931,0.1127311870594001,0.4234392335879068
2043,0.464162885670526,0.12708804227284967,0.40874907205662436
2044,0.46357877799339176,0.14236677667429776,0.39405444533231054
2045,0.46210041314949457,0.15851394572176108,0.37938564112874434
2046,0.45975923420151477,0.17546405130025547,0.36477671449822974
2047,0.45659453277258805,0.1931408405827744,0.35026462664463753
2048,0.4526527696812166,0.21145893554321984,0.3358882947755636
2049,0.4479866820931064,0.23032572663514211,0.32168759127175156
2050,0.4426542210703427,0.24964343884925178,0.3077023400804056
2051,0.4367173623944536,0.26931128654893843,0.2939713510566078
2052,0.43024084930602124,0.2892276162355203,0.28053153445845835
2053,0.42329092127525964,0.30929195413040855,0.26741712459433165
2054,0.4159340761243806,0.32940688473086427,0.2546590391447551
2055,0.4082359176658411,0.34947969616467106,0.24228438616948766
2056,0.40026012025753027,0.3694237532617318,0.23031612648073788
2057,0.39206754050072307,0.3891595738827666,0.2187728856165104
2058,0.3837154921301396,0.4086156003984379,0.20766890747142244
2059,0.3752571883801763,0.42772867985865837,0.19701413176116528
2060,0.3667413531996735,0.4464442692161827,0.18681437758414382
2061,0.3582119885538334,0.4647164013491231,0.17707161009704353
2062,0.34970828440976176,0.4825074450060316,0.16778427058420667
2063,0.3412646524316551,0.49978770041171056,0.1589476471566344
2064,0.3329108643861554,0.5165348659564235,0.15055426965742116
2065,0.32467226944198363,0.5327334204169873,0.14259431014102902
2066,0.31657007881470356,0.5483739435633057,0.13505597762199067
2067,0.3086216892864303,0.5634524155713991,0.12792589514217065
2068,0.30084103695922937,0.5779695108312326,0.12118945220953817
2069,0.29323896290239576,0.5919299101142197,0.11483112698338468
2070,0.2858235807396665,0.6053416439930096,0.10883477526732384
2071,0.2786006364718597,0.6182154785060808,0.10318388502205965
2072,0.27157385450790406,0.630564348947357,0.09786179654473896
2073,0.2647452637088101,0.6424028467553903,0.09285188953579972
2074,0.258115501782076,0.6537467590233556,0.08813773919456859
2075,0.25168409466419556,0.664612661966213,0.08370324336959142
2076,0.24544971159707385,0.6750175641665432,0.07953272423638288
2077,0.23941039670793385,0.6849785963382873,0.07561100695377893
2078,0.23356377424201383,0.6945127476562362,0.07192347810174994
2079,0.2279072349281559,0.703636637981898,0.06845612708994613
2080,0.222438098916966,0.712366328353675,0.06519557272935894
2081,0.2171537618977796,0.7207171605494743,0.062129077552746034
2082,0.21205182330332661,0.7287036247721924,0.059244551924481026
2083,0.20713020027437506,0.7363392497278053,0.056530549997819715
2084,0.2023872278977156,0.7436365131748627,0.05397625892742154
2085,0.19782174848256612,0.7506067684353868,0.05157148308204711
2086,0.19343319064904507,0.7572601851746354,0.04930662417631937
2087,0.18922164083639878,0.7636057004511676,0.04717265871243352
2088,0.18518790629286538,0.769650980495599,0.04516111321153556
2089,0.1813335733147889,0.7754023883523715,0.04326403833283952
2090,0.1776610594765881,0.7808649583637255,0.04147398215968627
2091,0.17417366207086052,0.7860423745166802,0.039783963412459156
2092,0.17087560185134396,0.7909369534684413,0.03818744468021477
2093,0.16777206386215623,0.7955496299291762,0.036678306208667626
2094,0.16486923499241515,0.799879944625784,0.03525082038180075
2095,0.1621743373203418,0.8039260356772479,0.03389962700241026
2096,0.15969565903650926,0.8076846313011329,0.032619709662357825
2097,0.15744258060698124,0.811151046278798,0.03140637311422078
2098,0.1554255968287996,0.8143191813235378,0.030255221847662515
2099,0.1536563338716341,0.817181526315744,0.029162139812621928
