year,Model Uncertainty,Scenario Uncertainty,Inter-Annual Variability
1980,0.02358484524633521,0.0022699069078197073,0.974145247845845
1981,0.01696678056586711,0.0012388321913107253,0.9817943872428222
1982,0.012202969593328684,0.0005914157276638347,0.9872056146790076
1983,0.008902765314030529,0.000232310514601118,0.9908649241713684
1984,0.006718499766483482,7.984788372459754e-05,0.993201652349792
1985,0.005351887203268013,6.650362381655295e-05,0.9945816091729154
1986,0.004555603495559637,0.00013833134223935434,0.995306065162201
1987,0.0041316256825927,0.00025376831018835626,0.995614606007219
1988,0.003927618285895178,0.0003821227067838761,0.9956902590073209
1989,0.0038323188639876726,0.0005019567461779948,0.9956657243898344
1990,0.003770572758164921,0.0005995027197281555,0.995629924522107
1991,0.003698418445548022,0.000667189104340865,0.995634392450111
1992,0.0035984464122958302,0.0007023133177601471,0.995699240269944
1993,0.003475528468831885,0.0007058720305532547,0.9958185995006149
1994,0.0033529340049557967,0.0006815443227301577,0.995965521672314
1995,0.0032688051857198007,0.0006348158634241768,0.996096378950856
1996,0.0032729437894701155,0.0005722306957806286,0.9961548255147492
1997,0.0034238551963418832,0.0005007569700492388,0.9960753878336088
1998,0.0037860035606213705,0.00042725630613538266,0.9957867401332433
1999,0.004427244305342825,0.0003580487335353625,0.9952147069611218
2000,0.005416414169820496,0.0002985681693742113,0.9942850176608053
2001,0.00682107714305956,0.00025310565734112283,0.9929258171995994
2002,0.008705437447182064,0.00022463893199689273,0.9910699236208211
2003,0.011128441942529554,0.00021474726158746512,0.9886568107958831
2004,0.014142104814570407,0.00022361027536205334,0.9856342849100675
2005,0.017790086775685315,0.00025008814187188266,0.9819598250824428
2006,0.022106561014053328,0.0002918786497941966,0.9776015603361524
2007,0.027115392679824185,0.0003457446100616546,0.9725388627101141
2008,0.032829647255480314,0.00040780262673832814,0.9667625501177814
2009,0.03925142969299877,0.00047386260854613457,0.960274707698455
2010,0.04637204574136049,0.0005398055465924159,0.9530881487120471
2011,0.05417245761743223,0.000601986201997428,0.9452255561805702
2012,0.06262399788102738,0.0006576474885887422,0.9367183546303839
2013,0.07168929478709944,0.0007053335822828065,0.9276053716306177
2014,0.08132335368613633,0.000745290205262114,0.9179313561086015
2015,0.09147473699150861,0.0007798419319264821,0.9077454210765649
2016,0.10208678932039726,0.0008137389453503867,0.8970994717342523
2017,0.1130988554155397,0.0008544669974524728,0.8860466775870078
2018,0.12444744022676393,0.0009125166263870026,0.8746400431468491
2019,0.1360672866205139,0.0010016095765357645,0.8629311038029504
2020,0.1478923290618569,0.0011388806760646761,0.8509687902620785
2021,0.15985651926263061,0.001345015303927636,0.8387984654334417
2022,0.17189450831731748,0.0016443416568145213,0.826461150025868
2023,0.1839421862404852,0.0020648773264301803,0.8139929364330847
2024,0.1959370911403389,0.002638328852899677,0.8014245800067614
2025,0.2078186950348256,0.003400041742429172,0.7887812632227452
2026,0.2195285870644784,0.0043888972862718085,0.7760825156492498
2027,0.2310105749773177,0.005647151086325229,0.763342273936357
2028,0.24221072020898043,0.0072202069836248585,0.7505690728073947
2029,0.2530773377314193,0.009156319110781614,0.737766343157799
2030,0.26356097323931055,0.011506214174135273,0.7249328125865543
2031,0.2736143825791312,0.01432262623895973,0.7120629911819092
2032,0.28319253302389313,0.01765973542852223,0.6991477315475846
2033,0.2922526346593541,0.02157250719813887,0.6861748581425071
2034,0.3007542253663678,0.026115926072029786,0.6731298485616024
2035,0.3086593111783594,0.03134412618031912,0.6599965626413216
2036,0.3159325689538869,0.03730942265890174,0.6467580083872114
2037,0.32254161648593793,0.044061253803408765,0.6333971297106533
2038,0.3284573427435398,0.05164505211532074,0.6198976051411395
2039,0.33365429169370847,0.06010106768653533,0.6062446406197561
2040,0.33811108750258806,0.0694631744176746,0.5924257380797374
2041,0.3418108842067134,0.07975769717795395,0.5784314186153328
2042,0.34474181740629295,0.09100230421856301,0.5642558783751439
2043,0.3468974337460218,0.10320501026005555,0.5498975559939226
2044,0.34827707249026885,0.11636334120427279,0.5353595863054584
2045,0.3488861724562655,0.13046370645292021,0.5206501210908142
2046,0.34873647703906435,0.1454810222636889,0.5057825006972467
2047,0.3478461168128068,0.16137862143150736,0.4907752617556857
2048,0.3462395508572959,0.17810847099017577,0.47565197815252824
2049,0.343947358014783,0.19561170890170831,0.46044093308350875
2050,0.3410058719689543,0.213819492540868,0.44517463549017766
2051,0.33745666777417976,0.2326541363678294,0.42988919585799085
2052,0.3333459125669748,0.25203050197792704,0.4146235854550982
2053,0.3287236028681137,0.27185758570836355,0.3994188114235227
2054,0.32364271303876946,0.2920402480625829,0.38431703889864766
2055,0.31815829214765273,0.31248100891254077,0.36936069893980655
2056,0.3123265369412158,0.3330818483376054,0.3545916147211788
2057,0.30620388171954455,0.35374593679766725,0.3400501814827882
2058,0.29984613120978654,0.3743792425805619,0.3257746262096516
2059,0.2933076686412589,0.39489196142074257,0.3118003699379986
2060,0.2866407590797995,0.4151997320907363,0.29815950882946424
2061,0.2798949653218855,0.43522461369904225,0.2848804209790722
2062,0.2731166826723241,0.4548958157796027,0.2719875015480732
2063,0.26634880240047826,0.47415017567355533,0.2595010219259664
2064,0.2596304936871461,0.492932403301599,0.2474371030112549
2065,0.2529971006031859,0.511195109088212,0.23580779030860205
2066,0.24648014431371623,0.5288986410755923,0.2246212146106916
2067,0.2401074133446418,0.5460107641551135,0.2138818225002447
2068,0.23390312879486816,0.5625062123706046,0.20359065883452723
2069,0.22788817061893843,0.5783661434666644,0.19374568591439714
2070,0.22208034682500558,0.5935775289767371,0.18434212419825735
2071,0.21649469461460774,0.6081325037147808,0.17537280167061153
2072,0.21114379888856258,0.6220277001742018,0.16682850093723556
2073,0.20603811853918827,0.63526358620125,0.15869829525956178
2074,0.20118631098001358,0.6478438218212793,0.15096986719870722
2075,0.19659554897084353,0.6597746469065382,0.1436298041226182
2076,0.1922718205015721,0.671064311004508,0.1366638684939199
2077,0.1882202136886276,0.6817225457644505,0.13005724054692186
2078,0.18444517796893517,0.6917600890676944,0.12379473296337044
2079,0.1809507632435976,0.7011882586894669,0.1178609780669354
2080,0.17774083608702657,0.7100185754149005,0.11224058849807286
2081,0.17481927157756616,0.718262435299178,0.10691829312325585
2082,0.17219012167609699,0.7259308284561953,0.10187904986770781
2083,0.16985776213799073,0.7330340999084555,0.09710813795355368
2084,0.1678270159468231,0.7395817527583778,0.09259123129479915
2085,0.1661032578447693,0.7455822866298094,0.08831445552542125
2086,0.16469249800829167,0.7510430712057171,0.08426443078599127
2087,0.16360144768510948,0.7559702502627544,0.08042830205213607
2088,0.16283756658607135,0.7603686744244802,0.0767937589894484
2089,0.16240909334073736,0.7642418596788776,0.07334904698038501
2090,0.16232505943981967,0.7675919696866923,0.07008297087348792
2091,0.16259528683237587,0.7704198204959404,0.06698489267168373
2092,0.1632303698421303,0.7727249056807493,0.06404472447712033
2093,0.164241640828678,0.7745054415703083,0.06125291760101369
2094,0.16564112041135318,0.7757584307720399,0.05860044881660687
2095,0.16744145190486678,0.7764797436626727,0.05607880443246044
2096,0.16965581839722785,0.7766642188152212,0.053679962787550904
2097,0.17229784515254526,0.7763057790321425,0.05139637581531225
2098,0.17538148387308627,0.7753975661541967,0.0492209499727169
2099,0.1789208811799086,0.773932091848249,0.04714702697184241
