year,Model Uncertainty,Scenario Uncertainty,Inter-Annual Variability
1980,0.23504862443541727,0.0025554058536743107,0.7623959697109085
1981,0.20868214221087478,0.0014329666747985718,0.7898848911143266
1982,0.1832754375049778,0.0007113366200469518,0.8160132258749753
1983,0.1590098619656807,0.00031141490308585657,0.8406787231312333
1984,0.13605675641872647,0.00015823489484479884,0.8637850086864287
1985,0.11457746797473997,0.00018307183010694998,0.8852394601951531
1986,0.09472303639265575,0.0003249915328770379,0.9049519720744672
1987,0.07663338346499378,0.0005318710303016599,0.9228347455047045
1988,0.06043592784350691,0.0007609388243648658,0.9388031333321283
1989,0.04624363020534753,0.0009788914174599466,0.9527774783771925
1990,0.03415256644169925,0.0011616438086567559,0.964685789749644
1991,0.024239198886203375,0.0012937716305329223,0.9744670294832637
1992,0.016557576937630124,0.0013677004607991368,0.9820747226015707
1993,0.01113673330622608,0.001382697853793638,0.9874805688399803
1994,0.007978548945136088,0.0013437226443489521,0.9906777284105149
1995,0.007056340550702867,0.001260188556911921,0.9916834708923852
1996,0.00831437164817907,0.0011446980555482925,0.9905409302962727
1997,0.011668415764678568,0.0010118026984936943,0.9873197815368278
1998,0.017007411741214843,0.0008768419988483125,0.9821157462599368
1999,0.024196154599168546,0.0007549071708059268,0.9750489382300256
2000,0.03307888387508333,0.000659965718756677,0.9662611504061599
2001,0.04348355427706811,0.0006041726981347872,0.9559122730247971
2002,0.05522653606128492,0.000597379828766978,0.9441760841099481
2003,0.068117467791951,0.0006468422451086532,0.9312356899629404
2004,0.08196399997339755,0.0007571098767421563,0.9172788901498603
2005,0.09657619571638917,0.0009300819199625838,0.9024937223636482
2006,0.11177040866216001,0.0011651962039283057,0.8870643951339117
2007,0.12737251348067793,0.0014597220589500747,0.871167764460372
2008,0.14322042222911766,0.0018091252815647314,0.8549704524893176
2009,0.15916588198392334,0.002207475918152686,0.8386266420979239
2010,0.17507557734632062,0.0026478732993956743,0.8222765493542837
2011,0.1908316182084932,0.003122868509223991,0.8060455132822829
2012,0.20633149022917505,0.0036248684668793857,0.7900436413039454
2013,0.22148757420259374,0.004146512542559573,0.7743659132548467
2014,0.23622633320347788,0.0046810157969460215,0.7590926509995761
2015,0.2504872621542804,0.005222477863199912,0.7442902599825197
2016,0.2642216841309354,0.005766158380706746,0.7300121574883578
2017,0.2773914691845132,0.006308723077948749,0.7162998077375381
2018,0.2899677294650689,0.0068484650198143955,0.7031838055151166
2019,0.30192954170744335,0.00738550679789641,0.6906849514946602
2020,0.31326272699075347,0.007921988879759366,0.6788152841294871
2021,0.32395871212649086,0.008462249670968062,0.667579038202541
2022,0.3340134892081095,0.009013002203554131,0.6569735085883363
2023,0.3434266765397164,0.009583510178870337,0.6469898132814133
2024,0.35220069046427405,0.010185766654816292,0.6376135428809095
2025,0.3603400184069084,0.010834676197455428,0.6288253053956362
2026,0.3678505992756714,0.011548239324620386,0.6206011613997082
2027,0.3747392998708748,0.012347738195511592,0.6129129619336136
2028,0.3810134813875125,0.013257917292070856,0.6057286013204166
2029,0.38668065927748607,0.01430715390087844,0.5990121868216354
2030,0.39174824045464257,0.015527608486610259,0.5927241510587472
2031,0.39622334085498373,0.016955342355627283,0.5868213167893889
2032,0.40011267979461684,0.018630388871558944,0.5812569313338243
2033,0.4034225438844772,0.02059675888055753,0.5759806972349654
2034,0.4061588233773705,0.022902360270852816,0.5709388163517767
2035,0.4083271166680615,0.02559880817929826,0.5660740751526403
2036,0.40993290016525713,0.028741100527792583,0.5613259993069504
2037,0.41098176513332696,0.032387132795248595,0.5566311020714245
2038,0.41147970920513355,0.036597028236325074,0.5519232625585414
2039,0.4114334849197031,0.04143226102885546,0.5471342540514414
2040,0.4108509915369261,0.04695455808599858,0.5421944503770753
2041,0.40974169673703426,0.053224572971679464,0.5370337302912863
2042,0.40811707345766934,0.06030033994055302,0.5315825866017777
2043,0.4059910311548821,0.06823553134454054,0.5257734375005774
2044,0.4033803130340759,0.07707756346965854,0.5195421234962655
2045,0.40030483638700276,0.08686561344709261,0.5128295501659046
2046,0.39678794064735434,0.09762863600490233,0.5055834233477433
2047,0.39285651948110173,0.10938348233325791,0.4977599981856404
2048,0.3885410045384713,0.12213324411248028,0.4893257513490485
2049,0.3838751884018211,0.13586593953507586,0.48025887206310297
2050,0.3788958696453214,0.150553666503046,0.4705504638516326
2051,0.37364232492776184,0.1661523173402689,0.46020535773196924
2052,0.3681556230196384,0.1826019260786753,0.4492424509016863
2053,0.362477806770542,0.19982767746603208,0.43769451576342594
2054,0.3566509852501907,0.2177415571259815,0.42560745762382785
2055,0.35071638623510165,0.23624457290915246,0.413039040855746
2056,0.3447134197187666,0.2552294371381414,0.40005714314309204
2057,0.3386788114255735,0.27458355542569585,0.3867376331487307
2058,0.3326458505190262,0.294192154139852,0.37316199534112193
2059,0.3266437930702954,0.313941368670837,0.35941483825886755
2060,0.32069744576437564,0.3337211287303691,0.34558142550525534
2061,0.31482694168743847,0.3534277003826495,0.33174535792991205
2062,0.3090477040658377,0.3729657840603458,0.3179865118738166
2063,0.3033705862513839,0.392250101728073,0.3043793120205432
2064,0.2978021587609236,0.4112064537614016,0.29099138747767483
2065,0.2923451163299901,0.42977226171730437,0.27788262195270547
2066,0.286998769115044,0.4478966392827075,0.2651045916022485
2067,0.2817595865784415,0.46554005935810844,0.25270035406345
2068,0.27662176230458463,0.482673695223755,0.24070454247166037
2069,0.27157777694156304,0.4992785156637509,0.229143707394686
2070,0.2666189355601525,0.5153442160047721,0.21803684843507543
2071,0.26173586737530663,0.5308680557319347,0.2073960768927586
2072,0.2569189785134399,0.5458536613433318,0.1972273601432283
2073,0.2521588514461995,0.5603098471890678,0.18753130136473276
2074,0.24744659179665685,0.5742494881604968,0.17830392004284634
2075,0.24277412373429552,0.5876884711293917,0.16953740513631274
2076,0.2381344388654935,0.6006447401308845,0.16122082100362187
2077,0.23352180232933883,0.6131374442083923,0.15334075346226894
2078,0.2289319237523239,0.6251861875344485,0.14588188871322758
2079,0.224362097371821,0.6368103808206551,0.13882752180752378
2080,0.21981131810273047,0.6480286859108334,0.13215999598643613
2081,0.2152803786790661,0.6588585451390789,0.1258610761818549
2082,0.21077195212608016,0.6693157875907604,0.11991226028315952
2083,0.20629066257250184,0.6794143020178818,0.11429503540961623
2084,0.2018431493302639,0.6891657666316597,0.10899108403807632
2085,0.19743812460352983,0.6985794281535586,0.10398244724291154
2086,0.19308642696634584,0.7076619228065953,0.09925165022705877
2087,0.18880107080884143,0.7164171327751517,0.09478179641600674
2088,0.18459729189402052,0.7248460731664499,0.09055663493952969
2089,0.18049258808706725,0.7329468058423587,0.08656060607057403
2090,0.1765067536521479,0.7407143770171577,0.08277886933069435
2091,0.17266190404557824,0.7481407791876429,0.07919731676677887
2092,0.16898248966294965,0.7552149348136926,0.07580257552335766
2093,0.16549529412555566,0.7619227042141433,0.07258200166030095
2094,0.16222941303333746,0.7682469193575706,0.06952366760909183
2095,0.15921620873814596,0.7741674461087881,0.06661634515306604
2096,0.15648923631795233,0.7796612784312056,0.06384948525084204
2097,0.15408413490153114,0.7847026690373378,0.06121319606113114
2098,0.1520384791472427,0.7892633006742188,0.05869822017853853
2099,0.15039158537289013,0.7933125031157537,0.05629591151135612
