year,Model Uncertainty,Scenario Uncertainty,Inter-Annual Variability
1980,0.1786352844320576,0.006435897854320234,0.8149288177136221
1981,0.15387022025639885,0.0037350681674202233,0.842394711576181
1982,0.13123197708954304,0.0018943339910265737,0.8668736889194304
1983,0.11080246060654306,0.0007627935067875035,0.8884347458866694
1984,0.09259695398676158,0.00019055871274481232,0.9072124873004936
1985,0.07657730776996638,3.6365427236264184e-05,0.9233863268027973
1986,0.06266575790968998,0.0001730174644464647,0.9371612246258636
1987,0.05075795147295097,0.0004907414811115464,0.9487513070459375
1988,0.04073425935520736,0.0008987322236606752,0.958367008421132
1989,0.032468919058308864,0.0013252644409444197,0.9662058165007467
1990,0.025836907377683262,0.0017167628371345153,0.9724463297851823
1991,0.020718688881897342,0.002036183230995249,0.9772451278871074
1992,0.017003123284903644,0.002260995915050052,0.9807358808000464
1993,0.01458887395139573,0.0023809904828801577,0.983030135565724
1994,0.01338466760340993,0.002396060698565033,0.9842192716980251
1995,0.013308727058865029,0.0023140727508927073,0.9843772001902423
1996,0.014287653721299396,0.0021488827735379077,0.9835634635051627
1997,0.01625499278465566,0.0019185407191348982,0.9818264664962094
1998,0.019149666271185292,0.0016437011788412441,0.9792066325499734
1999,0.022914416447920135,0.0013462486828287777,0.975739334869251
2000,0.02749436630572972,0.0010481408133800234,0.9714574928808902
2001,0.0328357713247457,0.0007704665333800442,0.9663937621418742
2002,0.03888500986121247,0.0005327159892364133,0.9605822741495512
2003,0.04558783385027142,0.0003522547940660003,0.9540599113556625
2004,0.05288888667892039,0.00024399355947463382,0.946867119761605
2005,0.060731470379972737,0.00022024053915045412,0.9390482890808769
2006,0.06905754197074837,0.00029072205515451045,0.9306517359740971
2007,0.07780789673810773,0.0004627526631853605,0.9217293505987069
2008,0.08692250362396119,0.0007415344010030517,0.9123359619750357
2009,0.0963409407082973,0.00113056254418597,0.9025284967475167
2010,0.10600289476107488,0.0016321147139629621,0.8923649905249621
2011,0.11584867807332279,0.002247800103284121,0.881903521823393
2012,0.12581972773823866,0.002979146093822392,0.8712011261679389
2013,0.1358590626210148,0.0038282026096154603,0.8603127347693698
2014,0.14591166780587805,0.004798145420854293,0.8492901867732676
2015,0.1559248012548794,0.0058938633481968655,0.8381813353969236
2016,0.16584820806146017,0.007122516338572713,0.8270292755999671
2017,0.1756342467728014,0.008494054375844738,0.8158716988513539
2018,0.1852379294432159,0.010021688406408673,0.8047403821503755
2019,0.1946168837396918,0.011722306512876604,0.7936608097474316
2020,0.20373125460024974,0.01361682907194373,0.7826519163278066
2021,0.21254355210197834,0.01573049636734861,0.771725951530673
2022,0.2210184708316976,0.018093080845895122,0.7608884483224072
2023,0.22912268893265952,0.020739017047899846,0.7501382940194407
2024,0.23682467031518795,0.02370743733322563,0.7394678923515864
2025,0.2440944816331267,0.02704210197747332,0.7288634163894
2026,0.2509036460134028,0.03079120901914798,0.7183051449674492
2027,0.25722504096810733,0.03500706754527067,0.7077678914866221
2028,0.26303285920849845,0.03974561788638119,0.6972215229051203
2029,0.26830264290213346,0.04506578053457541,0.6866315765632911
2030,0.2730113996154753,0.05102861888500473,0.6759599814995201
2031,0.27713780667008764,0.05769630334824705,0.6651658899816654
2032,0.28066250524386377,0.0651308705659203,0.6542066241902158
2033,0.2835684856522825,0.07339277831673677,0.6430387360309807
2034,0.28584154985234156,0.08253927280277668,0.6316191773448818
2035,0.28747084607773493,0.09262259056210013,0.6199065633601649
2036,0.2884494457625591,0.10368804350243775,0.6078625107350031
2037,0.2887749451263751,0.11577204121128178,0.5954530136623433
2038,0.28845005107312727,0.12890013412380816,0.5826498148030647
2039,0.2874831153463019,0.14308516408110367,0.5694317205725945
2040,0.28588858095727393,0.15832562786797524,0.5557857911747509
2041,0.28368728978099783,0.17460436084690267,0.5417083493720994
2042,0.2809066214865789,0.1918876437357197,0.5272057347777014
2043,0.2775804290456751,0.21012482269769409,0.5122947482566308
2044,0.2737487473101252,0.2292485135320923,0.4970027391577824
2045,0.26945727481944115,0.24917542048283314,0.48136730469772565
2046,0.2647566263976205,0.2698077760207562,0.46543559758162334
2047,0.25970138941465637,0.2910353509932658,0.4492632595920779
2048,0.25434901672546184,0.3127379588312141,0.4329130244433241
2049,0.24875861363511226,0.3347883288250362,0.4164530575398517
2050,0.2429896704755555,0.3570552123303403,0.3999551171941042
2051,0.23710081064244007,0.3794065595494364,0.38349262980812354
2052,0.23114861008403487,0.40171261035305666,0.3671387795629085
2053,0.2251865409112526,0.4238487575905099,0.3509647014982375
2054,0.21926408452442284,0.4456980572791061,0.3350378581964711
2055,0.21342603872057822,0.4671532991400208,0.31942066213940096
2056,0.20771203548610997,0.4881185816775432,0.3041693828363468
2057,0.2021562681798531,0.508510373003887,0.2893333588162599
2058,0.19678741877718586,0.5282580677201942,0.27495451350262
2059,0.1916287591095639,0.5473040849135603,0.26106715597687585
2060,0.18669840411125407,0.5656035590342446,0.2476980368545013
2061,0.18200967997874445,0.583123701491013,0.23486661853024257
2062,0.17757158021989652,0.5998429048031615,0.22258551497694196
2063,0.17338927672086268,0.6157496647805354,0.21086105849860193
2064,0.1694646564223678,0.6308413955675342,0.19969394801009802
2065,0.16579686608887811,0.6451231907871041,0.18907994312401785
2066,0.1623828402789714,0.6586065897372839,0.1790105699837446
2067,0.15921780208373978,0.6713083838652646,0.16947381405099562
2068,0.15629572626517615,0.683249495464488,0.16045477827033586
2069,0.15360975764918464,0.6944539478999892,0.15193629445082632
2070,0.15115258301267148,0.704947940043548,0.14389947694378066
2071,0.1489167556147314,0.7147590287531821,0.13632421563208647
2072,0.14689497484775454,0.7239154200199633,0.12918960513228214
2073,0.14508032207009372,0.7324453646976453,0.12247431323226088
2074,0.14346645768070812,0.740376651661055,0.11615689065823694
2075,0.14204778389693984,0.7477361895422062,0.11021602656085398
2076,0.14081957543920698,0.7545496691462317,0.10463075541456138
2077,0.1397780853390182,0.7608412941268686,0.09938062053411316
2078,0.13892062734846405,0.7666335732400622,0.09444579941147377
2079,0.13824563908407833,0.7719471643254734,0.08980719659044821
2080,0.13775273061229484,0.7768007607878566,0.08544650859984851
2081,0.1374427185051779,0.7812110154681112,0.08134626602671081
2082,0.13731765085863637,0.7851924929512948,0.07748985619006885
2083,0.13738082149424152,0.7887576480893427,0.07386153041641587
2084,0.13763677825739773,0.7919168227128739,0.07044639902972843
2085,0.1380913239867154,0.7946782596519663,0.06723041636131839
2086,0.13875151192168056,0.7970481293071183,0.0642003587712012
2087,0.1396256349073529,0.7990305683897322,0.0613437967029149
2088,0.14072320994611984,0.8006277267938546,0.058649063260025565
2089,0.1420549554542788,0.8018398245779151,0.05610521996780616
2090,0.143632762797986,0.8026652160881801,0.053702021113833896
2091,0.14546965921536245,0.8031004633042159,0.05142987748042167
2092,0.14757976321187058,0.8031404167080883,0.049279820080041184
2093,0.1499782285857927,0.8027783068757814,0.04724346453842596
2094,0.15268117755562127,0.8020058460214278,0.04531297642295091
2095,0.15570562054028558,0.8008133414582419,0.04348103800147249
2096,0.15906935980552458,0.7991898237640721,0.04174081643040334
2097,0.16279087778244036,0.7971231884747364,0.04008593374282329
2098,0.16688920496331028,0.794600356363978,0.038510438672711776
2099,0.17138376777199416,0.7916074519542137,0.0370087802737921
