year,Model Uncertainty,Scenario Uncertainty,Inter-Annual Variability
1980,0.12080876092729675,0.001214555783018164,0.877976683289685
1981,0.09977856606038865,0.0005558920131849688,0.8996655419264263
1982,0.08167500394795885,0.0001894330055331982,0.918135563046508
1983,0.0663231399294147,3.538597138549934e-05,0.9336414740991998
1984,0.053493047209742,2.414245568441482e-05,0.9464828103345735
1985,0.042923010899830964,9.794069518580404e-05,0.9569790484049833
1986,0.03433939292104502,0.00021130586228770192,0.9654493012166674
1987,0.027472367963562144,0.0003305627469697379,0.9721970692894681
1988,0.022067452704061262,0.00043272134343121446,0.9774998259525076
1989,0.017893213107832432,0.0005039995140558109,0.9816027873781118
1990,0.014745773869152648,0.0005381908574910001,0.9847160352733564
1991,0.012450823892625787,0.0005350268002564518,0.9870141493071177
1992,0.010863777190652655,0.0004986301996770762,0.9886375926096702
1993,0.009868652218903899,0.00043611632436719625,0.9896952314567289
1994,0.009376120436592634,0.00035636825416938674,0.9902675113092381
1995,0.00932106120548694,0.0002689942270008091,0.9904099445675122
1996,0.009659866025427085,0.00018346374220242712,0.9901566702323705
1997,0.010367654343899654,0.00010841356733616347,0.9895239320887641
1998,0.011435506458538075,5.11129706218644e-05,0.98851338057084
1999,0.012867778074073348,1.707787833547214e-05,0.9871151440475912
2000,0.014679532514801249,9.824448917908839e-06,0.9853106430362808
2001,0.01689411056700716,3.0753925475586556e-05,0.9830751355075172
2002,0.019540849409011296,7.91611617371643e-05,0.9803799894292515
2003,0.02265295716731327,0.00015235943499417796,0.9771946833976924
2004,0.026265549524384337,0.0002459134853327613,0.9734885369902829
2005,0.030413854349759805,0.0003539715178292412,0.9692321741324109
2006,0.035131592512002104,0.0004696851792361974,0.9643987223087618
2007,0.04044954147274383,0.0005857046886721026,0.9589647538385841
2008,0.046394288524574175,0.0006947341519206807,0.9529109773235052
2009,0.052987179049837616,0.0007901305966542193,0.9462226903535081
2010,0.0602434609359662,0.0008665286192559446,0.9388900104447778
2011,0.06817162379589757,0.0009204719994114597,0.9309079042046909
2012,0.07677292683188844,0.0009510330766356809,0.9222760400914759
2013,0.08604110541765815,0.0009604013262165816,0.9129984932561253
2014,0.09596224245141191,0.0009544231914466615,0.9030833343571414
2015,0.10651478711315765,0.0009430769087536655,0.8925421359780887
2016,0.1176697030578918,0.0009408670303292208,0.881389429911779
2017,0.1293907250161659,0.0009671262287029572,0.8696421487551311
2018,0.14163470604667353,0.0010462126572949918,0.8573190812960314
2019,0.15435203629651773,0.0012075938309342635,0.844440369872548
2020,0.16748711819778003,0.0014858095337964626,0.8310270722684234
2021,0.1809788879607921,0.0019203076191430996,0.8171008044200648
2022,0.1947613718440992,0.002555148970472929,0.8026834791854279
2023,0.2087642752899536,0.003438579145366073,0.7877971455646804
2024,0.2229136023617411,0.004622466285075892,0.772463931353183
2025,0.2371323073162114,0.006161607944844114,0.7567060847389445
2026,0.2513409823971082,0.008112911397135708,0.740546106205756
2027,0.2654585859426365,0.010534456233022458,0.7240069578243411
2028,0.2794032141193745,0.013484451966833436,0.7071123339137921
2029,0.2930929229599361,0.017020107407586717,0.6898869696324772
2030,0.30644659433301047,0.021196434656804642,0.672356971010185
2031,0.31938484819520374,0.026065014196155308,0.6545501376086409
2032,0.331830989998543,0.031672753871822786,0.6364962561296342
2033,0.3437119784015139,0.038060678090759824,0.6182273435077261
2034,0.35495939829625184,0.04526278595337235,0.5997778157503757
2035,0.36551041297863096,0.053305019903010176,0.581184567118359
2036,0.37530866898274606,0.06220438548076016,0.5624869455364937
2037,0.3843051251188419,0.07196825868396782,0.5437266161971903
2038,0.3924587739032561,0.08259391458485497,0.5249473115118889
2039,0.3997372289280105,0.09406830120191001,0.5061944698700794
2040,0.4061171490174748,0.10636807453153047,0.4875147764509948
2041,0.4115844833737325,0.11945989810026778,0.4689556185259998
2042,0.4161345204395563,0.1333010016373391,0.4505644779231046
2043,0.41977173908270016,0.14783997742601002,0.4323882834912898
2044,0.422509463077429,0.16301778711224135,0.41447274981032967
2045,0.424369332625102,0.1787689376530151,0.39686172972188294
2046,0.42538061222497214,0.1950227848599673,0.37959660291506053
2047,0.4255793635097689,0.21170491080925546,0.3627157256809756
2048,0.4250075121844533,0.22873852876623707,0.3462539590493096
2049,0.42371184491085473,0.2460458661361175,0.33024228895302776
2050,0.4217429717083044,0.26354948099910397,0.31470754729259154
2051,0.41915428709707714,0.28117347567216155,0.29967223723076125
2052,0.4160009607938332,0.2988445781024254,0.28515446110374126
2053,0.4123389861239646,0.3164930686693205,0.27116794520671494
2054,0.40822430631180323,0.3340535417264675,0.25772215196172926
2055,0.40371203701160163,0.35146549457978205,0.24482246840861618
2056,0.39885579266464605,0.36867375071749175,0.23247045661786225
2057,0.3937071250365247,0.38562872227933276,0.22066415268414266
2058,0.38831507199721027,0.4022865274068207,0.20939840059596895
2059,0.3827258156929354,0.4186089776997537,0.19866520660731102
2060,0.37698244019811084,0.43456345601711893,0.1884541037847702
2061,0.3711247832191614,0.4501227021874579,0.1787525145933806
2062,0.3651893681452363,0.4652645274462509,0.16954610440851287
2063,0.35920940822888314,0.47997147391526673,0.16081911785585015
2064,0.3532148691218149,0.49423043757403745,0.15255469330414773
2065,0.3472325798231752,0.5080322682047416,0.14473515197208317
2066,0.3412863811730349,0.5213713598491012,0.13734225897786392
2067,0.33539730256209344,0.5342452414151804,0.13035745602272625
2068,0.3295837587248603,0.5466541764385866,0.12376206483655328
2069,0.3238617578958665,0.5586007790846229,0.11753746301951057
2070,0.3182451171925565,0.5700896498085615,0.11166523299888217
2071,0.3127456783679836,0.5811270354359063,0.10612728619611028
2072,0.3073735212268976,0.5917205143863363,0.1009059643867661
2073,0.30213717011971775,0.6018787095289768,0.09598412035130549
2074,0.29704379263171765,0.6116110271070115,0.09134518026127088
2075,0.29209938843964134,0.6209274218342787,0.08697318972608002
2076,0.2873089660289292,0.6298381880584716,0.0828528459125992
2077,0.28267670891549823,0.6383537735993724,0.07896951748512937
2078,0.27820612921148746,0.6464846163919823,0.07530925439653029
2079,0.27390020994550757,0.6542410009759142,0.07185878907857808
2080,0.2697615357518789,0.6616329336626148,0.06860553058550634
2081,0.2657924125558225,0.6686700343224766,0.0655375531217008
2082,0.26199497761249824,0.675361442537529,0.0626435798499726
2083,0.2583712992776674,0.6817157373522154,0.05991296337011721
2084,0.25492346813992967,0.6877408684238432,0.05733566343622707
2085,0.25165368053018067,0.6934440966839395,0.054902222785879834
2086,0.24856431363846865,0.6988319446458731,0.05260374171565821
2087,0.2456579948382705,0.7039101532602452,0.050431851901484345
2088,0.24293766407745648,0.708683646056744,0.04837868986579946
2089,0.24040663104082927,0.7131564984616876,0.046436870497483115
2090,0.23806862696156397,0.7173319121450439,0.04459946089339206
2091,0.2359278515961262,0.7212121937182898,0.0428599546855839
2092,0.23398901597544405,0.7247987368806523,0.041212247143903515
2093,0.23225738041445315,0.7280920085400264,0.03965061104552041
2094,0.23073878854941407,0.7310915379172246,0.03816967353336149
2095,0.22943969727514932,0.7337959087801001,0.036764393944750576
2096,0.2283672022802937,0.7362027550198461,0.035430042699860276
2097,0.22752905893897662,0.7383087598021212,0.03416218125890232
2098,0.22693369864021165,0.7401096582172385,0.03295664314254995
2099,0.22659023989858024,0.7416002440556331,0.03180951604578675
