year,Model Uncertainty,Scenario Uncertainty,Inter-Annual Variability
1980,0.23106560863726436,0.0016231967048338596,0.7673111946579018
1981,0.19653705110775713,0.0007995011032458329,0.8026634477889971
1982,0.16552277595821974,0.0003112447146461781,0.8341659793271341
1983,0.13814988321887264,8.274774031364585e-05,0.8617673690408137
1984,0.11437881793129999,4.016005457158359e-05,0.8855810220141284
1985,0.09403795185079229,0.00011651695226134453,0.9058455311969464
1986,0.07686320505455338,0.00025510190888219236,0.9228816930365643
1987,0.06253666512049469,0.0004111397151769486,0.9370521951643285
1988,0.050720133654946487,0.0005520835995708044,0.9487277827454828
1989,0.04108155809095225,0.0006568687742251461,0.9582615731348226
1990,0.033313933884350735,0.0007145098158868612,0.9659715562997624
1991,0.02714732642648173,0.0007223609709862385,0.9721303126025321
1992,0.0223551936821615,0.0006842766929768079,0.9769605296248618
1993,0.018756330584409862,0.0006088279422078202,0.9806348414733823
1994,0.016213662614442462,0.0005076645863654329,0.9832786727991921
1995,0.014630902422919896,0.0003940664321762069,0.9849750311449038
1996,0.013947852032861457,0.00028169697328689347,0.9857704509938517
1997,0.014134918718491308,0.0001835583595769138,0.9856815229219317
1998,0.01518724731102874,0.00011114047133942867,0.9847016122176319
1999,0.01711875018791105,7.375679976349415e-05,0.9828074930123255
2000,0.019956238635317508,7.806199925165917e-05,0.9799656993654309
2001,0.023733815239421197,0.00012774816454127184,0.9761384365960375
2002,0.02848766326696966,0.00022341793425685307,0.9712889187987734
2003,0.0342513522213463,0.00036263133066786004,0.9653860164479858
2004,0.04105177207110685,0.0005401198266734689,0.9584081081022197
2005,0.048905790206003566,0.0007481560975297528,0.9503460536964666
2006,0.05781770403887653,0.0009770614278545463,0.941205234533269
2007,0.06777753037176133,0.00121582672466496,0.9310066429035737
2008,0.07876013598293172,0.0014528170529549138,0.9197870469641133
2009,0.0907251736440523,0.0016765264199781818,0.9075982999359695
2010,0.10361774424039093,0.0018763473704937938,0.8945059083891153
2011,0.11736967693296863,0.0020433219720685032,0.8805870010949629
2012,0.1319012871892747,0.002170843345455371,0.8659278694652699
2013,0.147123464611037,0.0022552833818953264,0.8506212520070676
2014,0.16293993536149648,0.0022965283033971775,0.8347635363351062
2015,0.17924955643601045,0.002298411123720197,0.8184520324402694
2016,0.19594851863971605,0.0022690371265836765,0.8017824442337003
2017,0.2129323574951037,0.00222100359716262,0.7848466389077338
2018,0.2300976992348212,0.002171520123863617,0.7677307806413152
2019,0.24734370494692734,0.002142437624513429,0.7505138574285593
2020,0.2645731923094782,0.0021601961022757557,0.733266611588246
2021,0.28169344232800037,0.002255699972767695,0.7160508576992319
2022,0.2986167184044895,0.002464128598685799,0.6989191529968247
2023,0.315260531972995,0.002824687462947508,0.6819147805640574
2024,0.3315477019080412,0.0033803022561644685,0.6650719958357943
2025,0.3474062546570236,0.004177255740772426,0.6484164896022039
2026,0.3627692178412866,0.0052647643554012205,0.6319660178033123
2027,0.3775743498289356,0.006694490387890351,0.615731159783174
2028,0.3917638517701823,0.008519983247337295,0.5997161649824803
2029,0.40528409735452847,0.010796044312012434,0.583919858333459
2030,0.4180854121595994,0.013578010147156915,0.5683365776932437
2031,0.43012192633300433,0.016920951481659275,0.5529571221853363
2032,0.44135151866839883,0.020878787919701,0.5377696934119002
2033,0.45173586054065223,0.025503324144336332,0.5227608153150113
2034,0.461240564467251,0.030843217935127225,0.5079162175976218
2035,0.4698354309600551,0.03694289687046595,0.493221672169479
2036,0.4774947844795537,0.043841447593332805,0.4786637679271135
2037,0.48419787702807243,0.05157150857217405,0.46423061439975355
2038,0.489929338890134,0.06015820236858317,0.44991245874128283
2039,0.49467964575398604,0.06961814867473731,0.43570220557127654
2040,0.4984455682381848,0.07995860419568801,0.42159582756612723
2041,0.5012305719469131,0.09117677170579555,0.40759265634729136
2042,0.503045130604194,0.10325932266808882,0.39369554672771717
2043,0.5039069223070632,0.11618216845491364,0.379910909238023
2044,0.5038408805016907,0.1299105076636425,0.36624861183466667
2045,0.502879077691258,0.14439916731651609,0.35272175499222586
2046,0.5010604330224019,0.1595932362885086,0.33934633068908954
2047,0.4984302400951952,0.17542897924883205,0.3261407806559728
2048,0.4950395215698193,0.19183500548046634,0.3131254729497144
2049,0.4909442328271493,0.2087336462070565,0.3003221209657942
2050,0.4862043389862327,0.22604249119918002,0.28775316981458726
2051,0.4808828001180574,0.24367602285722456,0.27544117702471815
2052,0.4750445046998932,0.261547283609573,0.26340821169053386
2053,0.4687551887785151,0.2795695143992524,0.25167529682223255
2054,0.4620803841802223,0.2976577030429962,0.24026191277678158
2055,0.4550844289531593,0.3157299932692004,0.22918557777764018
2056,0.44782957160311326,0.33370891364324157,0.21846151475364528
2057,0.4403751930471566,0.3515223974473893,0.20810240950545408
2058,0.4327771629188563,0.36910457690579246,0.1981182601753512
2059,0.4250873374962317,0.38639634909164894,0.18851631341211939
2060,0.4173532016389013,0.4033457185441401,0.1793010798169585
2061,0.409617650716007,0.41990793081320404,0.17047441847078895
2062,0.40191889844444073,0.43604542322212875,0.16203567833343047
2063,0.3942905027732514,0.4517276125227015,0.15398188470404714
2064,0.38676148859459697,0.46693055323846505,0.14630795816693795
2065,0.3793565522227111,0.4816364936560841,0.13900695412120495
2066,0.37209632991978675,0.49583335684426766,0.1320703132359456
2067,0.36499771310874984,0.509514173800596,0.12548811309065416
2068,0.3580741964005478,0.5226764895347692,0.1192493140646831
2069,0.351336242699218,0.5353217637040695,0.11334199359671263
2070,0.3447916558645985,0.5474547797682715,0.10775356436712998
2071,0.33844595108340536,0.5590830751520616,0.10247097376453315
2072,0.33230271445317855,0.5702164028399611,0.0974808827068603
2073,0.326363948368229,0.5808662283899404,0.09276982324183061
2074,0.32063039660053955,0.5910452684047416,0.08832433499471884
2075,0.31510184870909375,0.6007670701234749,0.08413108116743144
2076,0.309777421581655,0.6100456331223879,0.08017694529595704
2077,0.30465581752812415,0.6188950723536748,0.07644911011820107
2078,0.29973556096192155,0.6273293186603048,0.07293512037777355
2079,0.29501521331801117,0.6353618556283798,0.06962293105360907
2080,0.2904935680220724,0.6430054889840932,0.06650094299383436
2081,0.28616982805908203,0.6502721445107078,0.06355802743021012
2082,0.28204376662807645,0.6571726923385276,0.06078354103339604
2083,0.27811587383797776,0.6637167931060638,0.05816733305595854
2084,0.27438749016220687,0.6699127641458796,0.055699745691913556
2085,0.2708609297268267,0.6757674611154182,0.05337160915775507
2086,0.26753959324403986,0.6812861745066175,0.051174232249342644
2087,0.2644280728072291,0.6864725376832722,0.04909938950949865
2088,0.2615322493255945,0.6913284449188402,0.04713930575556537
2089,0.2588593833818896,0.6958539779946251,0.0452866386234852
2090,0.2564181995458658,0.7000473406604948,0.04353445979363941
2091,0.25421896441882297,0.703904800259112,0.041876235322065115
2092,0.2522735580368373,0.7074206364504282,0.04030580551273449
2093,0.2505955380615063,0.7105870972032206,0.03881736473527329
2094,0.2492001952002005,0.713394363391124,0.03740544140867549
2095,0.24810459864553636,0.7158305229557111,0.03606487839875244
2096,0.24732762930221625,0.717881556644241,0.03479081405354267
2097,0.2468899981833605,0.7195313377863737,0.03357866403026586
2098,0.2468142471394837,0.7207616488432489,0.03242410401726732
2099,0.24712472779955955,0.7215522187128498,0.031323053487590735
