year,Model Uncertainty,Scenario Uncertainty,Inter-Annual Variability
1980,0.2445499086829348,0.014293056852996089,0.7411570344640691
1981,0.20306396277875574,0.00933093387112368,0.7876051033501207
1982,0.16446484105942946,0.005544351038692721,0.8299908079018778
1983,0.12956336336931043,0.0028600759768762185,0.8675765606538133
1984,0.0989369636594185,0.0011567834501855577,0.8999062528903959
1985,0.07290458685896156,0.00027962202647490835,0.9268157911145636
1986,0.05153383106570996,5.682071418374932e-05,0.9484093482201063
1987,0.03467402535072456,0.000315494793705089,0.9650104798555704
1988,0.022005277117509513,0.0008945414712847853,0.9771001814112058
1989,0.013093086049433924,0.0016535533769323281,0.9852533605736338
1990,0.007440074702655695,0.0024776542354893044,0.990082271061855
1991,0.0045294725732388215,0.0032788409220969217,0.9921916865046643
1992,0.0038580119048821078,0.003994746324226653,0.9921472417708912
1993,0.004958225359732921,0.004585773904989835,0.9904560007352772
1994,0.007411538470530924,0.005031421910007189,0.987557039619462
1995,0.01085416105353302,0.005326397770202801,0.9838194411762642
1996,0.014977834249235928,0.005476917355066991,0.9795452483956971
1997,0.019527231833539355,0.005497403863585841,0.9749753643028749
1998,0.024295430664625032,0.00540767813819285,0.9702968911971821
1999,0.029118475625309927,0.005230648551080125,0.96565087582361
2000,0.03386972711568372,0.004990464477301873,0.9611398084070144
2001,0.03845441792679606,0.0047110774598430214,0.956834504613361
2002,0.04280465055291062,0.004415147448008496,0.9527802019990809
2003,0.04687493992202073,0.004123238228824217,0.949001821849155
2004,0.05063832464067923,0.003853251997270139,0.9455084233620507
2005,0.05408301786266793,0.00362006403772941,0.9422969180996026
2006,0.05720954627776181,0.0034353263222065703,0.9393551274000316
2007,0.0600283161975036,0.003307416847955175,0.9366642669545413
2008,0.06255754656929836,0.0032415166719227764,0.9342009367587789
2009,0.06482150537614945,0.0032398015953314842,0.9319386930285191
2010,0.06684900669718721,0.0033017379701603695,0.9298492553326524
2011,0.06867212077969573,0.0034244730761009414,0.9279034061442033
2012,0.0703250639378974,0.0036033123082521525,0.9260716237538504
2013,0.07184324257438783,0.0038322742359996696,0.9243244831896126
2014,0.07326242371210367,0.004104715206393754,0.9226328610815026
2015,0.07461802297967539,0.004414013870606505,0.9209679631497181
2016,0.07594448732431298,0.004754305265751044,0.9193012074099359
2017,0.07727476846307627,0.005121254201824841,0.9176039773350988
2018,0.07863987242280675,0.005512855158497766,0.9158472724186955
2019,0.08006847943003435,0.005930246516230692,0.9140012740537349
2020,0.08158662491769529,0.006378525536913234,0.9120348495453915
2021,0.08321743319164329,0.0068675486320852255,0.9099150181762714
2022,0.0849808992899031,0.007412700266295767,0.9076064004438011
2023,0.086893706155891,0.008035612151455327,0.9050706816926537
2024,0.08896907787615657,0.008764810712894883,0.9022661114109486
2025,0.09121665543315668,0.009636268769151817,0.8991470757976915
2026,0.0936423967825414,0.010693832326027239,0.8956637708914313
2027,0.09624849283829534,0.011989491278300573,0.8917620158834041
2028,0.0990333030451729,0.013583456990991526,0.8873832399638356
2029,0.1019913078157655,0.015544007073284339,0.8824646851109501
2030,0.10511308492745171,0.017947057458765892,0.8769398576137825
2031,0.10838531637924513,0.020875417917406505,0.8707392657033484
2032,0.1117908343528012,0.024417695224617494,0.8637914704225813
2033,0.1153087208908267,0.028666812498967475,0.8560244666102059
2034,0.11891447437114089,0.033718126946227694,0.8473673986826314
2035,0.1225802579667614,0.03966714757002296,0.8377525944632156
2036,0.1262752442918697,0.04660687868455768,0.8271178770235726
2037,0.12996606941126188,0.054624843461427694,0.8154090871273105
2038,0.1336174002111572,0.06379988092719079,0.8025827188616521
2039,0.137192616745287,0.07419883674646664,0.7886085465082463
2040,0.1406546018719879,0.0858733101102867,0.7734720880177255
2041,0.14396661536794023,0.09885663499267683,0.7571767496393829
2042,0.14709322858955184,0.11316129368519269,0.7397454777252555
2043,0.15000127497575397,0.12877695782831472,0.7212217671959313
2044,0.15266077394401317,0.14566932253904188,0.701669903516945
2045,0.15504577917626303,0.16377986741262435,0.6811743534111125
2046,0.1571350969002713,0.18302661580804203,0.6598382872916866
2047,0.15891283688476535,0.20330588982811276,0.637781273287122
2048,0.16036875858486224,0.2244949914135081,0.6151362500016296
2049,0.16149839468487817,0.2464556612711021,0.5920459440440197
2050,0.16230294897993996,0.26903811642275527,0.5686589345973048
2051,0.1627889810679834,0.29208542500478496,0.5451255939272317
2052,0.16296790348866816,0.3154379647881286,0.5215941317232033
2053,0.16285533547772132,0.33893771790843935,0.4982069466138394
2054,0.16247035147549654,0.36243219329150744,0.47509745523299607
2055,0.16183467984998418,0.3857777999978886,0.45238752015212724
2056,0.16097189225930472,0.4088425707697334,0.4301855369709619
2057,0.1599066283111615,0.43150817084374765,0.40858520084509087
2058,0.15866388490096447,0.45367119564653147,0.3876649194525041
2059,0.15726839552052305,0.47524380120294984,0.3674878032765271
2060,0.15574411354399662,0.49615373661001555,0.34810214984598786
2061,0.15411380255412252,0.5163438844403941,0.32954231300548326
2062,0.15239873532948472,0.5357714051206938,0.3118298595498214
2063,0.15061849212349612,0.5544065999017407,0.29497490797476317
2064,0.14879084714451468,0.5722315857399515,0.2789775671155339
2065,0.14693173332674928,0.5892388701848863,0.2638293964883644
2066,0.1450552664930948,0.6054299008436399,0.2495148326632654
2067,0.14317382072910384,0.6208136429962046,0.23601253627469151
2068,0.14129813895820328,0.6354052289832213,0.22329663205857553
2069,0.13943746929072753,0.6492247085851787,0.2113378221240938
2070,0.13759971716218247,0.6622959170974483,0.2001043657403693
2071,0.13579160685788758,0.6746454690090171,0.18956292413309542
2072,0.13401884425637267,0.6863018797959671,0.17967927594766028
2073,0.13228627917982994,0.697294809813206,0.17041891100696405
2074,0.13059806207663655,0.7076544238529474,0.16174751407041607
2075,0.1289577940844877,0.7174108559028667,0.1536313500126455
2076,0.12736866947295195,0.7265937669963664,0.1460375635306817
2077,0.1258336088256798,0.7352319873086952,0.13893440386562494
2078,0.12435538525957929,0.743353226541684,0.13229138819873662
2079,0.12293674191308328,0.7509838465265204,0.1260794115603962
2080,0.12158050360040613,0.7581486818970916,0.12027081450250231
2081,0.12028968189590263,0.7648709023904386,0.11483941571365874
2082,0.11906757660325043,0.7711719066972647,0.10976051669948497
2083,0.11791787337580253,0.777071241807818,0.1050108848163795
2084,0.11684473945654679,0.7825865408258177,0.1005687197176356
2085,0.11585291913701212,0.7877334738348778,0.09641360702811011
2086,0.11494782985675076,0.7925257067850138,0.09252646335823549
2087,0.11413566028358227,0.7969748647658115,0.08888947495060627
2088,0.11342347183142443,0.8010904959175882,0.0854860322509874
2089,0.11281930485595526,0.8048800324097143,0.08230066273433057
2090,0.1123322909229377,0.8083487465261155,0.07931896255094673
2091,0.11197277180709873,0.8114996995337604,0.07652752865914081
2092,0.1117524275008649,0.8143336804248391,0.07391389207429601
2093,0.11168441241942187,0.8168491349500474,0.0714664526305307
2094,0.11178350365397159,0.8190420805952444,0.06917441575078394
2095,0.11206625892281927,0.8209060096315408,0.06702773144563995
2096,0.11255118776634022,0.8224317766091714,0.06501703562448834
2097,0.11325893442065971,0.823607471921157,0.06313359365818327
2098,0.1142124739502693,0.8244182798378579,0.061369246211872834
2099,0.1154373206107408,0.8248463221071127,0.05971635728214648
