year,Model Uncertainty,Scenario Uncertainty,Inter-Annual Variability
1980,0.1297959454425687,0.00965074733383352,0.8605533072235978
1981,0.1126364862130318,0.005620869183750575,0.8817426446032176
1982,0.09747972904405072,0.0028734837822990008,0.8996467871736502
1983,0.08414308266823975,0.0011796883019807853,0.9146772290297795
1984,0.07242269752725569,0.00031428934715239243,0.9272630131255919
1985,0.06211324063803325,6.778636290629798e-05,0.9378189729990604
1986,0.053022550752449875,0.00025388008770003344,0.94672356915985
1987,0.04498138914415661,0.0007132670703440228,0.9543053437854994
1988,0.03784901065167354,0.0013146586720756868,0.9608363306762507
1989,0.031515469402565194,0.0019539213262158503,0.9665306092712189
1990,0.02590153026512877,0.0025520814943448505,0.9715463882405263
1991,0.020956926811454085,0.0030527482161463305,0.9759903249723996
1992,0.01665752962837253,0.003419328411315942,0.9799231419603115
1993,0.013001833596706779,0.0036322627921566678,0.9833659036111365
1994,0.010007033968728703,0.0036864021850784253,0.9863065638461929
1995,0.007704878695986213,0.0035885729765233847,0.9887065483274904
1996,0.006137419511197448,0.0033553321781514215,0.9905072483106512
1997,0.005352761039570014,0.0030108951553595316,0.9916363438050705
1998,0.00540089581794817,0.0025852088570393113,0.9920138953250126
1999,0.0063297233434936,0.0021121505065315603,0.9915581261499748
2000,0.008181357654423701,0.0016278390960444054,0.9901908032495319
2001,0.01098883846831328,0.001169062789492694,0.987842098742194
2002,0.014773361839549463,0.0007718353942049781,0.9844548027662455
2003,0.019542136285391178,0.00047010583585164345,0.9799877578787572
2004,0.02528694986793701,0.0002946512901065139,0.9744183988419566
2005,0.031983497698066285,0.000272183539517047,0.9677443187624166
2006,0.03959147949917046,0.0004246951334483436,0.9599838253673811
2007,0.048055430558457214,0.0007690619850242895,0.9511755074565185
2008,0.0573062018927779,0.0013169073041382063,0.9413768908030838
2009,0.06726296910562563,0.002074717029836013,0.9306623138645383
2010,0.07783562547039324,0.0030441854989565055,0.9191201890306503
2011,0.08892739432072169,0.004222756063937968,0.9068498496153403
2012,0.10043750102671051,0.005604315059286012,0.8939581839140035
2013,0.1122637625312243,0.007179993980608466,0.8805562434881673
2014,0.12430496293033165,0.008939031700739872,0.8667560053689285
2015,0.13646293011163935,0.010869654471884812,0.8526674154164758
2016,0.14864425444221227,0.012959938803030435,0.8383958067547573
2017,0.16076160948537785,0.01519862369846457,0.8240397668161575
2018,0.17273469065541486,0.01757585524608517,0.8096894540984999
2019,0.18449078598030405,0.020083849100892878,0.795425364918803
2020,0.19596501493045926,0.02271746397008626,0.7813175210994545
2021,0.2071002930265609,0.025474686882009438,0.7674250200914295
2022,0.2178470685540578,0.028357033142881443,0.7537958983030606
2023,0.2281628906859524,0.03136986595360157,0.7404672433604459
2024,0.23801185959105192,0.034522643387663754,0.7274654970212844
2025,0.24736400175035175,0.03782909722515603,0.7148069010244922
2026,0.2561946192194361,0.041307348119901124,0.7024980326606627
2027,0.2644836371399167,0.04497995840174688,0.6905364044583364
2028,0.27221498004312117,0.04887392137049907,0.6789110985863797
2029,0.27937600599754886,0.05302058198657893,0.6676034120158721
2030,0.285957002310113,0.05745548069072446,0.6565875169991626
2031,0.291950764698709,0.06221810792579646,0.6458311273754945
2032,0.29735226423171135,0.06735155743190724,0.6352961783363813
2033,0.3021584037757474,0.07290206034422714,0.6249395358800255
2034,0.3063678750842879,0.07891838272880133,0.6147137421869108
2035,0.30998110466533796,0.08545107226378522,0.6045678230708768
2036,0.31300028829265136,0.09255154101507222,0.5944481706922764
2037,0.3154295122049208,0.10027097189470867,0.5842995159003705
2038,0.3172749430409687,0.10865905423844646,0.5740660027205848
2039,0.31854507610009497,0.11776255376155596,0.5636923701383492
2040,0.31925102089800383,0.12762374090734366,0.5531252381946525
2041,0.3194068055384237,0.13827871901376343,0.5423144754478129
2042,0.3190296703777858,0.14975570252428255,0.5312146270979317
2043,0.3181403249204397,0.1620733182315926,0.5197863568479677
2044,0.3167631346601913,0.17523901881319837,0.5079978465266104
2045,0.31492621390700937,0.18924769846376324,0.4958260876292273
2046,0.3126613969337547,0.2040806132332359,0.4832579898330094
2047,0.31000406277674036,0.21970470479087528,0.47029123243238435
2048,0.3069928075942425,0.23607240436144858,0.4569347880443089
2049,0.3036689649474454,0.2531219755852469,0.4432090594673077
2050,0.3000759774975828,0.27077842608975905,0.4291455964126581
2051,0.29625864939398855,0.2889549716409372,0.4147863789650743
2052,0.2922623118158589,0.3075550009707639,0.40018268721337724
2053,0.28813194193835706,0.3264744538846246,0.38539360417701835
2054,0.283911284336962,0.34560448473525646,0.3704842309277816
2055,0.2796420181217848,0.3648342752850305,0.3555237065931848
2056,0.27536302182197836,0.3840538383487774,0.34058313982924426
2057,0.27110976209338733,0.40315667079226963,0.325733567114343
2058,0.2669138365844666,0.4220421282006513,0.31104403521488216
2059,0.26280268311959704,0.44061742148372535,0.2965798953966777
2060,0.25879946232421114,0.45879916050690855,0.28240137716888036
2061,0.25492309181548795,0.4765144297245825,0.26856247845992953
2062,0.251188426754969,0.4937013829261842,0.25511019031884685
2063,0.2476065570427669,0.51030939472496,0.24208404823227322
2064,0.24418519051285892,0.5262988242241874,0.2295159852629536
2065,0.24092909974063295,0.5416404521909477,0.21743044806841952
2066,0.23784060168945304,0.5563146691585139,0.2058447291520331
2067,0.2349200486757421,0.5703104860963385,0.19476946522791955
2068,0.23216630796226467,0.5836244391416522,0.18420925289608317
2069,0.22957721793002206,0.596259446356037,0.174163335713941
2070,0.2271500090364019,0.6082236672161206,0.16462632374747757
2071,0.2248816791261568,0.6195294081437028,0.15558891273014047
2072,0.22276932564784116,0.6301920961225265,0.14703857822963243
2073,0.22081043049005716,0.6402293439266807,0.13896022558326204
2074,0.21900309686197325,0.649660118977079,0.13133678416094774
2075,0.2173462465178734,0.6585040151886079,0.12414973829351877
2076,0.2158397766415336,0.6667806305871171,0.11737959277134931
2077,0.2144846813810372,0.6745090457575499,0.11100627286141292
2078,0.21328314429632925,0.6817073938825854,0.10500946182108535
2079,0.21223860291686775,0.6883925166878093,0.09936888039532292
2080,0.21135578998722002,0.6945796965347324,0.09406451347804769
2081,0.21064075718383887,0.7002824525748151,0.08907679024134595
2082,0.2101008790447067,0.705512398214473,0.08438672274082026
2083,0.2097448438250319,0.7102791462934339,0.07997600988153414
2084,0.20958262933872004,0.7145902595184024,0.07582711114287767
2085,0.20962546785170474,0.7184512366148115,0.07192329553348388
2086,0.20988579750705744,0.7218655322757678,0.06824867021717486
2087,0.21037720353316544,0.7248346041020374,0.06478819236479724
2088,0.2111143467092033,0.7273579852739281,0.06152766801686862
2089,0.21211287977359553,0.7294333797080033,0.05845374051840125
2090,0.2133893512439996,0.731056777599342,0.05555387115665842
2091,0.2149610949354363,0.7322225910021716,0.05281631406239203
2092,0.21684610585885006,0.7329238072900301,0.05023008685111983
2093,0.21906289948089827,0.7331521619251631,0.04778493859393869
2094,0.22163035638622303,0.7328983274722959,0.04547131614148105
2095,0.22456754894891154,0.7321521214944823,0.04328032955660611
2096,0.22789355249828566,0.7309027299939176,0.041203717507796625
2097,0.23162723728327658,0.7291389497383479,0.039233812978375464
2098,0.23578704687203886,0.7268494433344502,0.03736350979351084
2099,0.24039075860492223,0.7240230113535006,0.035586230041577196
