year,Model Uncertainty,Scenario Uncertainty,Inter-Annual Variability
1980,0.08344505641074051,0.0027209574143635382,0.9138339861748959
1981,0.0705915699271646,0.0012702255844038977,0.9281382044884315
1982,0.060144325989825116,0.0004476799605682042,0.9394079940496067
1983,0.051734833845495994,8.836064803797563e-05,0.948176805506466
1984,0.04500549045476353,4.793833918349405e-05,0.9549465712060531
1985,0.03962800377703204,0.00020582413654150877,0.9601661720864264
1986,0.03531431966073909,0.00046566696423158953,0.9642200133750294
1987,0.03182165799931113,0.0007541102237399214,0.9674242317769489
1988,0.028953329373894762,0.0010185362326937692,0.9700281343934114
1989,0.026556775168378496,0.0012243389517340147,0.9722188858798876
1990,0.02451996546424566,0.0013520873745480457,0.9741279471612064
1991,0.02276695290402194,0.0013947949487375108,0.9758382521472405
1992,0.021253112798676088,0.00135540564394688,0.9773914815573771
1993,0.019960382079161267,0.001244536803383603,0.9787950811174551
1994,0.018892664160566314,0.0010784778152838916,0.9800288580241497
1995,0.018071472879853032,0.0008774228636570196,0.98105110425649
1996,0.01753183380640498,0.0006639104974296842,0.9818042556961653
1997,0.017318437820646963,0.00046144377542598305,0.9822201184039271
1998,0.01748204109014283,0.000293272355264388,0.9822246865545928
1999,0.018076111423575552,0.00018132663798755232,0.9817425619384368
2000,0.019153736423528134,0.000145302101878306,0.9807009614745935
2001,0.02076482215965763,0.0002018990111168612,0.9790332788292255
2002,0.022953625421143792,0.0003642268440615439,0.9766821477347947
2003,0.02575666488185359,0.0006413837633689777,0.9736019513547775
2004,0.029201058170136154,0.001038219745001597,0.9697607220848622
2005,0.03330331982471812,0.0015552872477802501,0.9651413929275017
2006,0.0380686441423256,0.0021889763808887637,0.9597423794767855
2007,0.043490670086093086,0.002931824392229932,0.9535775055216771
2008,0.049551710560899645,0.00377298046901266,0.9466753089700878
2009,0.056223396782916005,0.004698801231834864,0.939077801985249
2010,0.06346767850414468,0.005693546122109273,0.930838775373746
2011,0.07123809725779762,0.006740140062248422,0.922021762679954
2012,0.07948124768315144,0.0078209698861227,0.9126977824307259
2013,0.08813833698455856,0.008918684029474164,0.9029429789859672
2014,0.09714675877930132,0.010016968153220876,0.8928362730674777
2015,0.10644160633601717,0.01110127669954978,0.8824571169644331
2016,0.11595706556279209,0.012159504076447602,0.8718834303607604
2017,0.1256276416698405,0.013182588715859481,0.8611897696143
2018,0.1353891898189898,0.014165045177079519,0.8504457650039307
2019,0.14517973783069804,0.015105428003110712,0.8397148341661912
2020,0.15494009922770638,0.016006731524428528,0.8290531692478651
2021,0.1646142851684115,0.01687673298099849,0.8185089818505901
2022,0.17414973800546396,0.01772828728314589,0.8081219747113902
2023,0.18349740481959723,0.01857957967055185,0.7979230155098509
2024,0.19261168337220272,0.019454343449590357,0.7879339731782069
2025,0.2014502642205956,0.020382042121513733,0.7781676936578907
2026,0.20997390305356822,0.021398018393996576,0.7686280785524353
2027,0.2181461450378146,0.022543600966640646,0.7593102539955449
2028,0.22593303146171598,0.023866160502325914,0.7502008080359582
2029,0.2333028109997774,0.02541909915122013,0.7412780898490025
2030,0.24022567667378597,0.027261751501656037,0.732512571824558
2031,0.2466735511904293,0.029459173284956924,0.7238672755246138
2032,0.25261993405687627,0.032081785859551064,0.7152982800835727
2033,0.25803983149475646,0.03520484519260156,0.7067553233126419
2034,0.26290977455335307,0.038907698536731025,0.6981825269099158
2035,0.2672079413022667,0.04327279900765217,0.6895192596900812
2036,0.2709143871331575,0.04838444610402735,0.6807011667628151
2037,0.2740113799014325,0.054327231654627425,0.6716613884439401
2038,0.2764838402136363,0.061184186192286716,0.662331973594077
2039,0.27831986936147507,0.06903463326957215,0.6526454973689528
2040,0.27951134940285394,0.07795178910532856,0.6425368614918174
2041,0.28005458031496006,0.08800016316949406,0.6319452565155459
2042,0.2799509212136501,0.09923285566140681,0.6208162231249431
2043,0.27920739082313684,0.11168886509803548,0.6091037440788277
2044,0.27783717278035397,0.12539055890269543,0.5967722683169506
2045,0.2758599795946354,0.14034145920689853,0.5837985611984661
2046,0.273302221392457,0.15652452282763185,0.570173255779911
2047,0.2701969450530636,0.17390106469001193,0.5559019902569245
2048,0.2665835068246484,0.19241046715293073,0.5410060260224208
2049,0.26250697716924126,0.21197075512984961,0.5255222677009092
2050,0.2580172816623974,0.23248007510368723,0.5095026432339153
2051,0.25316811285603874,0.2538190416004853,0.4930128455434759
2052,0.24801566324810634,0.27585384847073974,0.47613048828115395
2053,0.24261724831233636,0.29843998180568126,0.45894276988198235
2054,0.23702989335827315,0.32142632481494426,0.44154378182678267
2055,0.23130896665166248,0.34465942045125864,0.42403161289707897
2056,0.22550692930826488,0.3679876438545024,0.4065054268372327
2057,0.219672263588004,0.3912650742729642,0.3890626621390319
2058,0.2138486269651377,0.41435487103157725,0.37179650200328496
2059,0.20807425295485985,0.4371320260846721,0.3547937209604679
2060,0.20238160740659,0.4594854168850713,0.3381329757083388
2061,0.19679728817331416,0.48131913360027345,0.32188357822641245
2062,0.19134214153677023,0.5025531147713553,0.30610474369187446
2063,0.18603156141684798,0.5231231554467709,0.290845283136381
2064,0.1808759311733142,0.5429803834450435,0.2761436853816422
2065,0.17588116563144632,0.5620903129965243,0.2620285213720293
2066,0.17104931523987002,0.5804315884984588,0.2485190962616711
2067,0.16637919746676727,0.5979945237483686,0.23562627878486417
2068,0.16186702667204111,0.6147795357239693,0.2233534376039896
2069,0.15750702019415042,0.6307955493156068,0.21169743049024278
2070,0.15329196534070122,0.6460584395955741,0.20064959506372476
2071,0.14921373631209142,0.6605895570226175,0.19019670666529112
2072,0.14526375624549137,0.6744143694578661,0.1803218742966425
2073,0.14143340389311387,0.6875612363997282,0.17100535970715783
2074,0.13771436465536294,0.7000603280223382,0.1622253073222988
2075,0.13409893194440078,0.7119426847652297,0.15395838329036945
2076,0.1305802627024373,0.7232394148557745,0.1461803224417881
2077,0.12715259278959784,0.7339810176620695,0.1388663895483327
2078,0.12381141893308244,0.7441968216853316,0.13199175938158583
2079,0.12055365287377909,0.7539145222040445,0.1255318249221764
2080,0.11737775243943974,0.763159806937121,0.11946244062343918
2081,0.11428383572876838,0.7719560539355833,0.11376011033564833
2082,0.11127378175846155,0.7803240915914413,0.10840212665009709
2083,0.10835132136740475,0.7882820081516742,0.10336667048092119
2084,0.10552212137332528,0.7958450019502649,0.09863287667640988
2085,0.1027938639070035,0.8030252636792559,0.0941808724137406
2086,0.10017632236791203,0.8098318844104295,0.0899917932216584
2087,0.09768143462049322,0.816270783447113,0.08604778193239364
2088,0.09532337385591652,0.8223446525301461,0.08233197361393742
2089,0.09311861504360694,0.8280529143022933,0.07882847065409979
2090,0.09108599738660228,0.8333916923451375,0.07552231026826013
2091,0.08924677867788872,0.838353794472818,0.07239942684929339
2092,0.08762468002969513,0.8429287085529072,0.06944661141739762
2093,0.08624591606730185,0.8471026148497587,0.06665146908293965
2094,0.0851392066731495,0.850858416979242,0.06400237634760851
2095,0.08433576509689082,0.8541757959699465,0.06148843893316281
2096,0.08386925553476125,0.8570312932715798,0.05909945119365908
2097,0.08377571428337172,0.8593984282736447,0.056825857442983574
2098,0.08409342632571601,0.8612478577662394,0.05465871590804473
2099,0.08486275005664187,0.8625475843000131,0.05258966564334511
