year,Model Uncertainty,Scenario Uncertainty,Inter-Annual Variability
1980,0.20034352727223298,0.0034535303847064163,0.7962029423430605
1981,0.1749918615151309,0.0018545060497674934,0.8231536324351015
1982,0.15168266751198317,0.0008298904413560948,0.8474874420466607
1983,0.13045005956890726,0.00026221766451665234,0.8692877227665761
1984,0.11127318114117864,3.9510069316922576e-05,0.8886873087895044
1985,0.09409091254620687,6.0062679266741876e-05,0.9058490247745264
1986,0.07881623983363287,0.0002355421323172177,0.9209482180340499
1987,0.06534911486037626,0.0004925743659606017,0.9341583107736632
1988,0.053587134978648296,0.0007730997846451182,0.9456397652367066
1989,0.043433775772739505,0.001033805617245227,0.9555324186100153
1990,0.03480420799004042,0.0012449262770604602,0.9639508657328991
1991,0.02762890595237141,0.0013886556757557458,0.9709824383718728
1992,0.021855344319542922,0.001457359812572445,0.9766872958678846
1993,0.017448108247717118,0.0014517247264245368,0.9811001670258583
1994,0.014387728545436474,0.001378930692245394,0.984233340762318
1995,0.012668530232179264,0.0012509106370623116,0.9860805591307583
1996,0.012295750667753685,0.0010827287686826753,0.9866215205635636
1997,0.013282159870303347,0.0008911018664642538,0.9858267382632323
1998,0.01564439613659326,0.0006930799917534239,0.9836625238716533
1999,0.019399217060856348,0.0005048998918146416,0.980095883047329
2000,0.024559856630666687,0.0003410247145529834,0.9750991186547803
2001,0.031132664998678318,0.00021338227642812288,0.9686539527248935
2002,0.03911419389091188,0.00013081258403967148,0.9607549935250485
2003,0.04848886258922407,9.873106063632349e-05,0.9514124063501396
2004,0.05922730953725857,0.00011900789020810005,0.9406536825725333
2005,0.07128549009568291,0.0001900558311562117,0.928524454073161
2006,0.08460453632183734,0.00030711000714716196,0.9150883536710155
2007,0.09911134731973024,0.00046267450000036175,0.9004259781802695
2008,0.11471982953826441,0.0006471028597772351,0.8846330676019584
2009,0.13133267536823628,0.0008492745323775225,0.8678180500993862
2010,0.1488435346453967,0.0010573264398829338,0.8500991389147203
2011,0.1671394286792074,0.0012593995016954875,0.8316011718190971
2012,0.18610324884975932,0.0014443633200847557,0.8124523878301559
2013,0.20561619988545682,0.0016024874296728642,0.7927813126848703
2014,0.22556006743046228,0.0017260350402035851,0.7727138975293342
2015,0.24581921743488291,0.0018097625013655588,0.7523710200637516
2016,0.2662822654174127,0.0018513155729249046,0.7318664190096624
2017,0.2868433841455433,0.0018515200102952808,0.7113050958441614
2018,0.30740324634505994,0.0018145697302328519,0.6907821839247072
2019,0.3278696173062295,0.001748119785060246,0.6703822629087103
2020,0.34815763345096024,0.0016632934993846859,0.650179073049655
2021,0.36818980983725924,0.0015746151223086102,0.6302355750404321
2022,0.38789583013105416,0.0014998783543692226,0.6106042915145767
2023,0.40721216745062633,0.0014599613520303776,0.5913278711973432
2024,0.42608159004418544,0.001478596695537701,0.5724398132602768
2025,0.44445259558959244,0.0015821037152215056,0.553965300695186
2026,0.46227881599743226,0.001799088826128061,0.5359220951764396
2027,0.479518425694857,0.0021601180911718144,0.5183214562139714
2028,0.4961335826757865,0.0026973649016308098,0.5011690524225827
2029,0.5120899212920567,0.003444235196846418,0.48446584351109684
2030,0.5273561145390364,0.0044349717008459605,0.46820891376011764
2031,0.5419035144975038,0.005704239084436463,0.4523922464180597
2032,0.5557058761423306,0.0072866920312649915,0.4370074318264045
2033,0.5687391677264619,0.009216528607466027,0.422044303666072
2034,0.5809814626053174,0.011527032985180099,0.4074915044095025
2035,0.5924129110604679,0.014250111763069482,0.3933369771764626
2036,0.6030157811394232,0.01741582961639667,0.37956838924418007
2037,0.6127745602419495,0.02105195233219127,0.3661734874258592
2038,0.6216761068328663,0.02518350340221856,0.3531403897649151
2039,0.6297098373136889,0.029832345407826838,0.34045781727848434
2040,0.636867937064329,0.03501679395834205,0.3281152689773289
2041,0.6431455788519734,0.04075127528136075,0.31610314586666566
2042,0.6485411375444056,0.047046035798666445,0.30441282665692815
2043,0.6530563854613488,0.05390691377739884,0.29303670076125243
2044,0.6566966560326231,0.061335180345788415,0.2819681636215885
2045,0.6594709666311865,0.06932745520525663,0.2712015781635567
2046,0.6613920892669733,0.07787570233337573,0.26073220839965094
2047,0.6624765633927608,0.08696730693651684,0.2505561296707223
2048,0.6627446459663047,0.09658523240961651,0.24067012162407878
2049,0.6622201975079496,0.10670825471281165,0.23107154777923888
2050,0.660930504269358,0.11731126788049684,0.22175822785014518
2051,0.6589060397953258,0.1283656533499546,0.21272830685471958
2052,0.656180172912584,0.13983970134473853,0.20398012574267738
2053,0.6527888280857905,0.15169907468723517,0.19551209722697435
2054,0.648770107498101,0.16390730212038068,0.1873225903815183
2055,0.6441638866968614,0.17642628665717247,0.179409826645966
2056,0.639011392666843,0.18921681806236643,0.17177178927079054
2057,0.6333547754021542,0.2022390767461258,0.16440614785171992
2058,0.6272366855140935,0.21545311597811578,0.1573101985077907
2059,0.6206998642491288,0.22881931579549916,0.150480819955372
2060,0.6137867567331948,0.24229879797744486,0.1439144452893602
2061,0.6065391555883395,0.25585379618145426,0.13760704823020614
2062,0.5989978785774445,0.2694479783088107,0.13155414311374483
2063,0.5912024872921076,0.2830467160229902,0.1257507966849023
2064,0.5831910468658017,0.29661730284943183,0.1201916502847665
2065,0.5749999291140026,0.31012912024453776,0.11487095064145965
2066,0.5666636594906329,0.32355375319821145,0.10978258731115559
2067,0.5582148044927079,0.3368650603675194,0.10492013513977261
2068,0.5496839001096081,0.35003919987245646,0.10027690001793547
2069,0.5410994156056687,0.3630546177970786,0.09584596659725278
2070,0.5324877519516336,0.37589200171911424,0.09162024632925221
2071,0.5238732683320327,0.38853420670385125,0.08759252496411607
2072,0.5152783353671943,0.40096615624017723,0.08375550839262855
2073,0.5067234094472217,0.4131747243947638,0.08010186615801453
2074,0.498227125549384,0.42514860245772357,0.07662427199289247
2075,0.4898064033258308,0.4368781556688603,0.0733154410053089
2076,0.4814765654275108,0.44835527137163694,0.07016816320085227
2077,0.4732514632846438,0.4595732033808943,0.067175333334462
2078,0.4651436076360722,0.4705264155235003,0.06432997684042746
2079,0.4571643029264407,0.48121042492176197,0.061625272151797236
2080,0.44932378243603177,0.4916216481955792,0.05905456936838901
2081,0.4416313422289807,0.5017572522106947,0.05661140556032449
2082,0.43409547360334505,0.5116150095655371,0.05428951683111794
2083,0.42672399245443365,0.5211931599928177,0.05208284755274858
2084,0.4195241639016195,0.5304902792162273,0.049985556882153136
2085,0.4125028231976049,0.5395051538956287,0.04799202290676637
2086,0.40566649080494477,0.548236664496211,0.046096844698844334
2087,0.3990214824048661,0.5566836750642221,0.04429484253091172
2088,0.3925740129281538,0.5648449306156675,0.04258105645617862
2089,0.3863302948902636,0.5727189615260173,0.04095074358371912
2090,0.38029663082968335,0.5803039949946385,0.03939937417567829
2091,0.3744794993801162,0.5875978737825943,0.03792262683728944
2092,0.3688856355326796,0.5945979815253676,0.036516382941953
2093,0.36352210457821366,0.6013011749593373,0.0351767204624489
2094,0.35839636973521627,0.6077037228740834,0.03389990739070038
2095,0.3535163529961042,0.6138012521874133,0.03268239481648236
2096,0.34889048958010127,0.6195887005774182,0.0315208098424806
2097,0.3445277747363684,0.6250602768678194,0.030411948395812148
2098,0.3404378035136569,0.6302094284474711,0.029352768038872042
2099,0.3366308019740798,0.6350288171587336,0.0283403808671865
