year,Model Uncertainty,Scenario Uncertainty,Inter-Annual Variability
1980,0.24011566449418945,0.004407010259615064,0.7554773252461955
1981,0.19213394631008418,0.003003383807862967,0.8048626698820529
1982,0.14885109531400315,0.0018931321116016685,0.8492557725743952
1983,0.11114908756253972,0.0010695797595816263,0.8877813326778786
1984,0.07952508066821816,0.0005107455254227057,0.9199641738063592
1985,0.05408288652388435,0.00018295469660829775,0.9457341587795073
1986,0.03457682135390546,4.5485737046674814e-05,0.9653776929090477
1987,0.020490988486869942,5.526166350264346e-05,0.9794537498496274
1988,0.011133138197804825,0.0001708082893751049,0.9886960535128201
1989,0.005724916911344352,0.0003550615784423385,0.9939200215102133
1990,0.003476611125747576,0.0005769553949513237,0.9959464334793011
1991,0.0036413153731328215,0.0008119624458528017,0.9955467221810143
1992,0.005548750901889392,0.001041873090847976,0.9934093760072626
1993,0.008622051397949406,0.0012541062514548076,0.9901238423505957
1994,0.012381985895759996,0.001440795906881306,0.9861772181973588
1995,0.016442950207381558,0.0015978278963381908,0.9819592218962803
1996,0.020504279659776376,0.001723933350827276,0.9777717869893964
1997,0.024339472706714747,0.0018198945656141463,0.9738406327276712
1998,0.027785033235306518,0.0018878828723817248,0.9703270838923117
1999,0.03072993848124979,0.0019309259244721642,0.9673391355942781
2000,0.03310624025982276,0.0019524925342720256,0.9649412672059051
2001,0.03488098080407676,0.0019561777529633092,0.9631628414429598
2002,0.036049405404636546,0.0019454714979552652,0.9620051230974082
2003,0.03662934819329022,0.0019235952974875703,0.9614470565092221
2004,0.03665662241426719,0.0018933956271834425,0.9614499819585494
2005,0.03618123295976146,0.001857283731486451,0.9619614833087521
2006,0.03526424016509749,0.0018172155974732406,0.9629185442374294
2007,0.033975122659477816,0.0017747069263191319,0.964250170414203
2008,0.032389514356599085,0.0017308801188837487,0.9658796055245171
2009,0.03058721262578401,0.0016865404608658048,0.9677262469133502
2010,0.028650379572329472,0.0016422805811180101,0.9697073398465526
2011,0.026661886918441985,0.001598610628782029,0.971739502452776
2012,0.02470376349888811,0.0015561130388976438,0.9737401234622143
2013,0.022855733885946958,0.001515619096749445,0.9756286470173036
2014,0.021193843723294196,0.0014784044256938777,0.9773277518510118
2015,0.019789179282154894,0.0014463998321827512,0.9787644208856623
2016,0.018706700371885668,0.001422412443864445,0.97987088718425
2017,0.018004206254672465,0.0014103527505539928,0.9805854409947735
2018,0.017731459334962944,0.0014154612701923722,0.9808530793948448
2019,0.01792948774989025,0.0014445290430993654,0.9806259832070103
2020,0.01863008540757588,0.0015061062330140142,0.97986380835941
2021,0.019855521274960385,0.001610692518529604,0.97853378620651
2022,0.021618463022930478,0.0017709041598498415,0.9766106328172197
2023,0.02392211251734653,0.002001612754528727,0.9740762747281246
2024,0.026760539569772916,0.002320051238294931,0.9709194091919321
2025,0.030119198502786052,0.0027458841758207634,0.9671349173213931
2026,0.03397560061315486,0.003301238660032878,0.9627231607268123
2027,0.03830011443872622,0.004010694139868126,0.9576891914214056
2028,0.04305686186230525,0.0049012293994321905,0.9520419087382626
2029,0.04820467754775162,0.0060021243932000005,0.9457931980590484
2030,0.05369810144091632,0.0073448163724164055,0.9389570821866673
2031,0.05948837458939703,0.00896270824674221,0.9315489171638608
2032,0.06552441377740417,0.010890927927422597,0.9235846582951732
2033,0.07175374350336518,0.013166037390538303,0.9150802191060965
2034,0.07812337157980344,0.01582568969944027,0.9060509387207563
2035,0.08458059455253153,0.018908232641345755,0.8965111728061227
2036,0.09107372736123867,0.02245225905915208,0.8864740135796093
2037,0.09755275681612571,0.02649610252343987,0.8759511406604344
2038,0.10396991185424213,0.03107728260609566,0.8649528055396623
2039,0.11028016161513522,0.036231900400407024,0.8534879379844578
2040,0.11644164008518365,0.041993990247215486,0.8415643696676008
2041,0.12241600215177002,0.04839483812205113,0.8291891597261788
2042,0.1281687168752827,0.05546227555654159,0.8163690075681758
2043,0.1336693030069545,0.06321996293201529,0.8031107340610303
2044,0.1388915067839056,0.07168668414003941,0.789421809076055
2045,0.14381343060616641,0.08087566368647019,0.7753109057073635
2046,0.14841760545012014,0.09079394211691591,0.7607884524329639
2047,0.15269101610071784,0.10144181975525995,0.7458671641440222
2048,0.15662507421616137,0.11281240448243454,0.7305625213014041
2049,0.16021553709262062,0.12489128105834792,0.7148931818490315
2050,0.1634623807744243,0.13765632407989586,0.6988812951456798
2051,0.16636961388611254,0.15107767551611218,0.6825527105977752
2052,0.16894504890838788,0.16511789278454314,0.6659370583070691
2053,0.17120002238050624,0.1797322777867754,0.6490676998327184
2054,0.17314907286182163,0.19486938210973961,0.6319815450284388
2055,0.1748095840864649,0.21047167863749078,0.6147187372760443
2056,0.1762013989234896,0.226476381318925,0.5973222197575854
2057,0.17734641594759587,0.24281638982697126,0.5798371942254328
2058,0.1782681762244061,0.25942132385910477,0.5623104999164892
2059,0.17899145492162818,0.2762186159134827,0.5447899291648891
2060,0.17954186641132266,0.29313462377238203,0.5273235098162953
2061,0.17994549578337893,0.31009572337091257,0.5099587808457084
2062,0.1802285628630964,0.3270293468663589,0.4927420902705447
2063,0.1804171325733867,0.3438649355997966,0.4757179318268168
2064,0.1805368697599308,0.3605347819617809,0.45892834827828827
2065,0.18061285152492945,0.37697473147817634,0.4424124169968941
2066,0.18066943052992188,0.39312474851759743,0.4262058209524807
2067,0.18073015629130434,0.4089293189409731,0.4103405247677225
2068,0.18081774503452389,0.42433770799887577,0.39484454696660043
2069,0.18095410278021934,0.43930406671769334,0.3797418305020874
2070,0.18116038799629228,0.45378740558864067,0.365052206415067
2071,0.18145711355493058,0.46775144689329107,0.3507914395517783
2072,0.18186428104806557,0.4811643716674214,0.33697134728451306
2073,0.18240153695088046,0.4939984843121858,0.3235999787369337
2074,0.18308834835293786,0.5062298090748284,0.3106818425722337
2075,0.18394418778139462,0.5178376411466558,0.29821817107194964
2076,0.18498872334599067,0.5288040672841683,0.286207209369841
2077,0.18624200724574105,0.5391134735399066,0.27464451921435235
2078,0.1877246556863008,0.5487520556905953,0.26352328862310404
2079,0.18945801822144775,0.5577073421855637,0.2528346395929884
2080,0.19146432634092592,0.5659677457465153,0.2425679279125586
2081,0.1937668224490227,0.5735221468993469,0.23271103065163035
2082,0.19638985887891083,0.5803595245729108,0.22325061654817846
2083,0.19935896628466526,0.586468634179772,0.21417239953556283
2084,0.2027008845258866,0.5918377441103517,0.2054613713637617
2085,0.2064435516551481,0.5964544329461617,0.19710201539869007
2086,0.21061604620945598,0.6003054540529277,0.18907849973761642
2087,0.21524847752304485,0.6033766699085531,0.1813748525684021
2088,0.22037181969739206,0.6056530615192253,0.17397511878338281
2089,0.2260176835165613,0.6071188156461326,0.16686350083730628
2090,0.23221802378652254,0.607757491626661,0.16002448458681648
2091,0.23900477561870065,0.6075522728147194,0.15344295156658
2092,0.24640942194738488,0.6064862983658849,0.14710427968673032
2093,0.254462487066471,0.6045430804719047,0.14099443246162421
2094,0.26319296011735605,0.6017070007672782,0.13510003911536586
2095,0.2726276531773483,0.5979638816943529,0.12940846512829876
2096,0.2827904985639275,0.5933016271067779,0.12390787432929475
2097,0.2937018004378231,0.5877109171667104,0.11858728239546647
2098,0.30537745117275317,0.5811859473981829,0.11343660142906387
2099,0.3178281346483303,0.5737251901086761,0.1084466752429936
