year,Model Uncertainty,Scenario Uncertainty,Inter-Annual Variability
1980,0.12945565630559416,0.010853718783778452,0.8596906249106273
1981,0.10030548997294078,0.007208064152388367,0.892486445874671
1982,0.07537911721495563,0.004430539128221722,0.9201903436568226
1983,0.054707582881315525,0.0024374671360327294,0.9428549499826517
1984,0.038130102782556144,0.001123808853539891,0.960746088363904
1985,0.025337081797101365,0.0003740731686751334,0.9742888450342235
1986,0.015918307170064528,7.193301543954396e-05,0.9840097598144959
1987,0.009408973100841196,0.0001076629230805911,0.9904833639760782
1988,0.005328713469645147,0.00038312001907211187,0.9942881665112828
1989,0.0032114079015063816,0.000814443457849084,0.9959741486406445
1990,0.0026255740054369364,0.0013329056096416734,0.9960415203849214
1991,0.003186466947737605,0.0018844348942738507,0.9949290981579886
1992,0.00456160499703118,0.002428300729155803,0.9930100942738129
1993,0.006471545219378746,0.002935359250805608,0.9905930955298157
1994,0.008687537204506362,0.003386152924703977,0.9879263098707897
1995,0.01102735398336846,0.0037690556315992975,0.9852035903850322
1996,0.013350255986972488,0.00407857531485693,0.9825711686981705
1997,0.015551737163566979,0.004313868831204497,0.9801343940052286
1998,0.017558455128448128,0.0044774849836018305,0.97796405988795
1999,0.019323569319332816,0.004574329035454378,0.9761021016452128
2000,0.020822585178656424,0.0046108294318637855,0.9745665853894798
2001,0.022049723634712227,0.0045942843122069935,0.9733559920530808
2002,0.02301478382323351,0.0045323631808821385,0.9724528529958844
2003,0.023740446096706145,0.004432742508702102,0.9718268113945917
2004,0.02425994872087389,0.004302856940889425,0.9714371943382367
2005,0.024615071741179804,0.004149749866925359,0.9712351783918949
2006,0.024854366620957594,0.003980012013433172,0.9711656213656092
2007,0.025031577729252023,0.0037997976659862507,0.9711686246047617
2008,0.02520421178441851,0.0036149101358882627,0.9711808780796932
2009,0.025432217043733933,0.0034309500768549862,0.9711368328794111
2010,0.025776750507536132,0.0032535195387816272,0.9709697299536822
2011,0.026299012249283642,0.0030884757985076196,0.9706125119522088
2012,0.02705913684897607,0.0029422274312803152,0.9699986357197437
2013,0.028115141066089665,0.002822065097054136,0.9690627938368562
2014,0.029521923550278197,0.002736517766912937,0.9677415586828089
2015,0.03133032757070688,0.002695724430599133,0.965973947998694
2016,0.03358626967041295,0.002711809734937117,0.9637019205946499
2017,0.0363299472116367,0.002799251015684841,0.9608708017726785
2018,0.03959513177508048,0.0029752229780703986,0.9574296452468491
2019,0.043408560533252545,0.0032599060763022947,0.9533315333904452
2020,0.047789432394073274,0.0036767431253965054,0.9485338244805301
2021,0.05274901784462416,0.004252630586294635,0.9429983515690812
2022,0.05829038576305447,0.005018028526344747,0.9366915857106008
2023,0.0644082537842805,0.0060069771244838826,0.9295847690912356
2024,0.07108896177644092,0.007257006807788253,0.9216540314157708
2025,0.07831057032862694,0.008808931642448361,0.9128804980289247
2026,0.0860430820518909,0.010706518649324266,0.9032503992987849
2027,0.0942487854469575,0.012996027259562948,0.8927551872934796
2028,0.10288271649125184,0.015725619851200794,0.8813916636575474
2029,0.11189323455379145,0.018944643541411083,0.8691621219047975
2030,0.12122270767197203,0.022702794626469514,0.8560744977015584
2031,0.1308083011548332,0.027049175646732638,0.8421425231984341
2032,0.14058286087304933,0.03203126664822075,0.82738587247873
2033,0.15047588204645698,0.03769383276866065,0.8118302851848824
2034,0.16041455018348183,0.04407780001447193,0.7955076498020462
2035,0.1703248402035636,0.05121913074971234,0.7784560290467241
2036,0.18013265314442692,0.05914773926313007,0.760719607592443
2037,0.18976497304062812,0.06788648524404442,0.7423485417153275
2038,0.19915101376301683,0.07745028679108308,0.7233986994459002
2039,0.20822333309720314,0.08784539083943618,0.7039312760633607
2040,0.2169188854214633,0.09906883503805776,0.6840122795404789
2041,0.22517998279345974,0.11110812884235086,0.6637118883641893
2042,0.2329551391668549,0.12394117379768695,0.6431036870354582
2043,0.24019977179583382,0.13753643303681481,0.6222637951673514
2044,0.24687674038253699,0.15185334807324913,0.6012699115442139
2045,0.25295671112557927,0.16684298895919433,0.5802002999152264
2046,0.2584183346979026,0.18244891872287805,0.5591327465792193
2047,0.2632482396102324,0.1986082363194318,0.5381435240703358
2048,0.26744084925560213,0.215252757267943,0.5173063934764549
2049,0.27099803120108873,0.2323102920601692,0.4966916767387421
2050,0.27392860469038655,0.2497059688459233,0.4763654264636901
2051,0.2762477258805793,0.2673635588019075,0.4563887153175132
2052,0.27797617891417353,0.2852067580057204,0.4368170630801062
2053,0.2791396058190828,0.30316038596147804,0.41770000821943915
2054,0.2797676977011147,0.32115147342512523,0.39908082887376006
2055,0.27989338154144316,0.339110208323624,0.38099641013493285
2056,0.2795520219539678,0.3569707312105996,0.3634772468354324
2057,0.2787806619427877,0.3746717662560907,0.3465475718011217
2058,0.27761732045074783,0.3921570896509709,0.3302255898982811
2059,0.2761003561468106,0.40937584152442685,0.3145238023287626
2060,0.2742679114066612,0.4262826875913656,0.2994494010019732
2061,0.272157434375803,0.44283785260727476,0.2850047130169222
2062,0.2698052861780454,0.4590070341173656,0.27118767970458907
2063,0.2672464287401467,0.47476122052133035,0.25799235073852295
2064,0.264514187087263,0.49007643031543224,0.24540938259730463
2065,0.2616400853769281,0.5049333887401637,0.23342652588290802
2066,0.2586537431291224,0.5193171630525473,0.2220290938183303
2067,0.2555828300121613,0.5332167655117163,0.21120040447612237
2068,0.25245306631030273,0.546624743604593,0.20092219008510426
2069,0.24928826442552277,0.5595367639767156,0.1911749715977615
2070,0.2461104027431739,0.5719512020439336,0.18193839521289262
2071,0.24293972468369848,0.5838687439408901,0.1731915313754115
2072,0.23979485803410924,0.5952920052753192,0.16491313669057142
2073,0.2366929474200587,0.6062251728964035,0.15708187968353765
2074,0.23364979713418205,0.616673669651725,0.1496765332140929
2075,0.23068001892305487,0.626643845693031,0.14267613538391397
2076,0.22779718275612929,0.6361426948752055,0.13606012236866524
2077,0.22501396558620412,0.6451775995195109,0.12980843489428484
2078,0.22234230033610922,0.653756097255262,0.12390160240862878
2079,0.21979351866892244,0.6618856744242256,0.11832080690685193
2080,0.21737849007824203,0.669573580589633,0.11304792933212483
2081,0.21510775448148253,0.6768266646429254,0.10806558087559207
2082,0.21299164855113276,0.6836512298025161,0.103357121646351
2083,0.21104042522348104,0.6900529064872748,0.09890666828924413
2084,0.20926436584967892,0.6960365410652087,0.09469909308511244
2085,0.20767388561590516,0.7016060989249143,0.09072001545918046
2086,0.20627963149336392,0.70676458081378,0.0869557876928562
2087,0.20509257291467406,0.7115139508795901,0.08339347620573596
2088,0.2041240847222846,0.7158550763710148,0.0800208389067007
2089,0.2033860230192737,0.7197876766142516,0.07682630036647475
2090,0.20289079294709397,0.723310282231526,0.07379892482138009
2091,0.2026514080709682,0.726420203876033,0.07092838805299889
2092,0.2026815417239893,0.7291135094666955,0.0682049488093152
2093,0.2029955686562354,0.7313850115662756,0.06561941977748911
2094,0.20360859694726205,0.7332282640979412,0.06316313895479683
2095,0.20453648866200191,0.7346355698743402,0.06082794146365806
2096,0.2057958691540409,0.7355979987551406,0.05860613209081858
2097,0.20740412187554022,0.7361054193138689,0.056490458810591
2098,0.2093793701238297,0.7361465424231415,0.05447408745302893
2099,0.21174044069773354,0.7357089817490879,0.05255057755317856
