year,Model Uncertainty,Scenario Uncertainty,Inter-Annual Variability
1980,0.1521188383458211,0.0017198044880862061,0.8461613571660928
1981,0.12864057620662006,0.0009761386082508261,0.870383285185129
1982,0.1078763742123394,0.0005237137756491623,0.8915999120120115
1983,0.08972565864564729,0.0002911364531175695,0.9099832049012352
1984,0.07402925536506086,0.0002142352946538911,0.9257565093402853
1985,0.060589720731085026,0.00023811293830846515,0.9391721663306065
1986,0.04918960707661559,0.00031810806176692875,0.9504922848616174
1987,0.039606639805000246,0.00041986871470718623,0.9599734914802925
1988,0.03162542881782899,0.0005187697451211887,0.9678558014370497
1989,0.025045815819403752,0.0005988974445302686,0.974355286736066
1990,0.01968824064610584,0.0006517897787201252,0.979659969575174
1991,0.015396644161889305,0.0006750777265539646,0.9839282781115567
1992,0.012039451567256715,0.0006711302688668898,0.9872894181638764
1993,0.009509133531680336,0.0006457707123518462,0.9898450957559678
1994,0.007720770712222115,0.0006071030748528529,0.9916721262129251
1995,0.006609961717743863,0.0005644694615670627,0.9928255688206891
1996,0.006130333202847735,0.0005275459443313061,0.993342120852821
1997,0.00625085064393218,0.0005055783414861738,0.9932435710145817
1998,0.00695306640510541,0.0005067552674995499,0.992540178327395
1999,0.008228409410387506,0.0005377148058198243,0.9912338757837926
2000,0.01007559037815069,0.0006031808477343017,0.989321228774115
2001,0.012498175249671494,0.0007057249276844492,0.9867960998226442
2002,0.015502369850808018,0.0008456492593630761,0.983651980889829
2003,0.01909504492663994,0.0010209855775988386,0.9798839694957613
2004,0.02328202605259115,0.0012276032626569913,0.9754903706847519
2005,0.028066662985943697,0.0014594181159386535,0.9704739188981176
2006,0.03344868741689816,0.001708691271776389,0.9648426213113255
2007,0.039423359615613954,0.001966405325166595,0.9586102350592194
2008,0.04598089455611435,0.0022227037805583917,0.9517964016633272
2009,0.05310615237467132,0.002467377347163335,0.9444264702781654
2010,0.060778568838217216,0.002690381896913129,0.9365310492648697
2011,0.06897229695134145,0.0028823710380090745,0.9281453320106494
2012,0.0776565198526364,0.0030352288469620617,0.9193082513004015
2013,0.08679590256691078,0.003142589364711717,0.9100615080683775
2014,0.09635113856897497,0.0032003311144911126,0.9004485303165339
2015,0.10627955432989979,0.0032070383299803522,0.8905134073401199
2016,0.11653573650220454,0.003164421285482866,0.8802998422123127
2017,0.12707214896591917,0.0030776930625594353,0.8698501579715214
2018,0.13783971500882683,0.0029558984098231,0.8592043865813501
2019,0.14878834486704764,0.002812195674012603,0.8483994594589398
2020,0.15986739156957347,0.002664089916238822,0.8374685185141876
2021,0.17102603211621464,0.0025336186610116418,0.8264403492227738
2022,0.182213566524386,0.0024474888597366758,0.8153389446158774
2023,0.19337964078966474,0.002437163932987897,0.8041831952773473
2024,0.20447439946607066,0.0025388985229492338,0.7929867020109801
2025,0.2154485789719689,0.002793715280498045,0.7817577057475331
2026,0.22625355167595992,0.0032473176337939123,0.7704991306902462
2027,0.23684134134515253,0.0039499291808911974,0.7592087294739563
2028,0.24716462053067267,0.004956049181535791,0.7478793302877916
2029,0.25717671049438234,0.006324111289852836,0.7364991782157648
2030,0.2668316003797294,0.008116032358674141,0.7250523672615965
2031,0.27608400099174285,0.010396637279258027,0.7135193617289991
2032,0.28488944885824763,0.013232947919523558,0.7018776032222288
2033,0.2932044756728819,0.01669332481455221,0.6901021995125659
2034,0.30098685138105596,0.02084645566257977,0.6781666929563643
2035,0.30819591214065595,0.025760189942936836,0.6660438979164073
2036,0.31479297208071383,0.031500225555391476,0.6537068023638947
2037,0.3207418198533916,0.03812866486982627,0.6411295152767822
2038,0.3260092924077215,0.04570246370590509,0.6282882438863734
2039,0.33056591072823255,0.05427181353279649,0.615162275738971
2040,0.3343865565673013,0.0638785052900069,0.6017349381426916
2041,0.33745116950498094,0.07455433221777412,0.5879944982772449
2042,0.3397454206515176,0.08631960509425822,0.5739349742542241
2043,0.34126134040297956,0.09918184708832359,0.5595568125086967
2044,0.3419978518699613,0.11313474987725969,0.5448673982527791
2045,0.3419611796701631,0.1281574527314259,0.5298813675984111
2046,0.34116509440805004,0.14421421337995302,0.5146206922119969
2047,0.3396309696012587,0.1612545078671366,0.4991145225316047
2048,0.3373876280965089,0.17921358698979184,0.4833987849136992
2049,0.33447097498785655,0.19801348554531692,0.46751553946682667
2050,0.3309234166927614,0.21756445992735973,0.45151212337987884
2051,0.3267930875254248,0.2377668000507239,0.4354401124238513
2052,0.32213291153514007,0.258512941934752,0.4193541465301079
2053,0.3169995370476454,0.2796897914558445,0.4033106714965102
2054,0.311452191753814,0.30118115394707345,0.3873666542991126
2055,0.3055515060824375,0.3228701679895353,0.37157832592802725
2056,0.29935835535037936,0.3446416407980065,0.35600000385161407
2057,0.2929327620983968,0.36638420032884406,0.3406830375727591
2058,0.2863329025033091,0.3879921848168817,0.32567491267980925
2059,0.27961424217185366,0.40936722429691275,0.3110185335312336
2060,0.27282882572451056,0.430419477708304,0.2967516965671855
2061,0.2660247294566962,0.451068515698312,0.28290675484499184
2062,0.2592456778049789,0.4712438583753327,0.26951046381968846
2063,0.25253081883977757,0.4908851897974469,0.2565839913627756
2064,0.24591464414757622,0.5099422858704693,0.24414306998195454
2065,0.23942703904049847,0.5283746944687365,0.23219826649076503
2066,0.23309343826461282,0.5461512199697763,0.22075534176561076
2067,0.2269350705157425,0.5632492541839336,0.20981567530032386
2068,0.22096926735535902,0.5796540012823961,0.1993767313622449
2069,0.2152098180640119,0.5953576381755019,0.18943254376048616
2070,0.20966735360480135,0.6103584432127122,0.17997420318248655
2071,0.204349742352356,0.6246599264235941,0.17099033122404983
2072,0.1992624866733988,0.6382699823310467,0.16246753099555444
2073,0.19440910883913057,0.6512000856895974,0.154390805471272
2074,0.18979152143921943,0.6634645390845268,0.14674393947625378
2075,0.1854103720443635,0.6750797868190898,0.13950984113654671
2076,0.18126536489493011,0.6860637917078692,0.13267084339720062
2077,0.17735555253551852,0.6964354826550696,0.1262089648094119
2078,0.17367960074980549,0.7062142667522758,0.12010613249791875
2079,0.1702360238112582,0.7154196073176217,0.11434436887112025
2080,0.16702339444205072,0.7240706598660541,0.10890594569189509
2081,0.164040527915253,0.7321859637428937,0.10377350834185319
2082,0.16128664265920917,0.7397831835058148,0.09893017383497592
2083,0.1587615004806945,0.7468788937443264,0.09435960577497904
2084,0.156465526699,0.7534884038854505,0.0900460694155495
2085,0.15439991398340952,0.7596256162997371,0.08597446971685334
2086,0.1525667096169003,0.765302915307633,0.08213037507546661
2087,0.15096889009239678,0.7705310807754537,0.07850002913214948
2088,0.14961042290739404,0.7753192240925368,0.07507035300006906
2089,0.14849631702688848,0.7796747436340987,0.07182893933901273
2090,0.14763266261659777,0.7836032968367833,0.0687640405466189
2091,0.14702666155255353,0.7871087866439611,0.06586455180348535
2092,0.14668664776190918,0.7901933615011248,0.06311999073696589
2093,0.14662209896019596,0.7928574266166524,0.06052047442315152
2094,0.14684363717192547,0.7950996682785452,0.058056694549529275
2095,0.14736302113601757,0.7969170872063222,0.055719891657660246
2096,0.1481931259432404,0.7983050452513646,0.05350182880539497
2097,0.14934791156348667,0.7992573231846195,0.05139476525189374
2098,0.15084237931010724,0.799766190083895,0.04939143060599759
2099,0.1526925122639189,0.7998224882876959,0.04748499944838528
