year,Model Uncertainty,Scenario Uncertainty,Inter-Annual Variability
1980,0.31658376544384403,0.0018832611238887346,0.6815329734322672
1981,0.2766965895716969,0.0009475155348234699,0.7223558948934796
1982,0.23875433248887068,0.00036633910824314375,0.7608793284028861
1983,0.2032731237529521,7.422412709890856e-05,0.7966526521199491
1984,0.1706529180242596,2.2369371543893726e-06,0.8293448450385861
1985,0.14116903715190612,8.298552731056294e-05,0.8587479773207832
1986,0.11497540407576243,0.00025484595581752183,0.8847697499684201
1987,0.09211715466992737,0.0004650859775222131,0.9074177593525503
1988,0.07254943520095357,0.0006717467609563315,0.9267788180380901
1989,0.0561590791419723,0.000844337360371082,0.9429965834976566
1990,0.042786303766620994,0.0009635294086688359,0.9562501668247102
1991,0.03224433929435977,0.001020105338999181,0.9667355553666411
1992,0.02433572993320269,0.0010134216580007824,0.9746508484087966
1993,0.018864789059251482,0.0009496203637057257,0.9801855905770428
1994,0.015646235958269066,0.0008397731399402346,0.9835139909017907
1995,0.014510402305252523,0.0006980930683887561,0.9847915046263587
1996,0.015305581005733442,0.0005403025703498305,0.9841541164239167
1997,0.017898152789078737,0.0003822117451310182,0.9817196354657902
1998,0.0221711079571556,0.00023853548329915152,0.9775903565595453
1999,0.028021518230547084,0.00012196147319507413,0.9718565202962579
2000,0.03535743086342787,4.247034407146426e-05,0.9646000987925006
2001,0.044094571019746745,6.901880654853583e-06,0.9558985270995984
2002,0.05415315524486568,1.8756100874057586e-05,0.9458280886542602
2003,0.06545504019541325,7.821271777433723e-05,0.9344667470868124
2004,0.07792136364609202,0.00018234771164296428,0.921896288642265
2005,0.09147076622175271,0.0003255206454620965,0.9082037131327853
2006,0.10601823343829915,0.0004999017829014807,0.8934818647787993
2007,0.12147454093655345,0.0006961044829923237,0.8778293545804542
2008,0.137746253072235,0.0009038861076867574,0.8613498608200783
2009,0.15473618994403415,0.0011128808635094026,0.8441509291924566
2010,0.17234425993083075,0.0013133294077429638,0.8263424106614263
2011,0.19046854584764455,0.00149677433325997,0.8080346798190955
2012,0.20900652976814937,0.001656695803319508,0.789336774428531
2013,0.22785635538357868,0.0017890677373055184,0.7703545768791157
2014,0.24691803535910747,0.0018928223912424165,0.7511891422496502
2015,0.2660945347966892,0.00197021628216593,0.7319352489211448
2016,0.2852926806037557,0.0020270976323118295,0.7126802217639324
2017,0.3044238672828772,0.0020730786278640723,0.6935030540892587
2018,0.3234045474697165,0.0021216198532674714,0.6744738326770161
2019,0.34215651347399695,0.002190035663965654,0.6556534508620374
2020,0.3606069873247075,0.0022994302920687913,0.6370935823832238
2021,0.37868854361535054,0.002474573700386424,0.618836882684263
2022,0.39633889907247416,0.0027437253851561646,0.6009173755423697
2023,0.41350060093754076,0.003138412324711618,0.5833609867377476
2024,0.4301206482781957,0.003693165949227591,0.5661861857725767
2025,0.4461500812275067,0.004445220285041134,0.5494046984874521
2026,0.4615435626936838,0.005434172610634117,0.5330222646956821
2027,0.4762589837623877,0.006701605796007384,0.517039410441605
2028,0.49025711036364183,0.00829067098722449,0.5014522186491337
2029,0.5035012912371402,0.010245628834139245,0.48625307992872047
2030,0.515957239181622,0.012611347299175533,0.4714314135192025
2031,0.527592896234649,0.01543275521747766,0.4569743485478735
2032,0.5383783860083522,0.018754252000296102,0.4428673619913517
2033,0.5482860567740986,0.022619075462960908,0.4290948677629405
2034,0.5572906119607312,0.02706863253039616,0.4156407555088727
2035,0.5653693213142372,0.03214180020529323,0.40248887848046955
2036,0.5725023059460456,0.03787420679058827,0.38962348726336615
2037,0.5786728810981101,0.044297507576650304,0.3770296113252396
2038,0.5838679444553779,0.051438670373541134,0.3646933851710809
2039,0.5880783888192169,0.05931929092273798,0.3526023202580451
2040,0.591299520478706,0.06795495879213491,0.340745520729159
2041,0.593531461698021,0.07735469538448417,0.3291138429174949
2042,0.5947795133011062,0.08752048796244095,0.31769999873645294
2043,0.5950544572629204,0.09844693963533532,0.3064986031017443
2044,0.5943727785220503,0.11012105479956787,0.2955061666783818
2045,0.5927567877455915,0.12252217531634924,0.2847210369380594
2046,0.590234632180652,0.13562207788432018,0.2741432899350279
2047,0.5868401835572665,0.14938523745444032,0.2637745789882932
2048,0.5826128010642135,0.16376925392114677,0.2536179450146397
2049,0.5775969679738022,0.17872543559166668,0.24367759643453113
2050,0.5718418123131541,0.19419952150791472,0.23395866617893127
2051,0.56540052111797,0.21013252442288666,0.22446695445914333
2052,0.5583296673254143,0.2264616662928126,0.21520866638177305
2053,0.5506884694938456,0.24312137810162768,0.2061901524045267
2054,0.5425380077461452,0.26004433202495797,0.1974176602288969
2055,0.5339404208282784,0.27716247390813026,0.18889710526359124
2056,0.5249581083462079,0.2944080264207276,0.1806338652330645
2057,0.5156529624495302,0.3117144332616602,0.1726326042888096
2058,0.5060856480835004,0.3290172229279874,0.16489712898851216
2059,0.49631495062526754,0.34625477088172923,0.15743027849300334
2060,0.48639720331876496,0.3633689482314757,0.15023384844975934
2061,0.4763858057144142,0.38030564614319995,0.14330854814238594
2062,0.46633083511720164,0.3970151767322539,0.1366539881505446
2063,0.4562787564236341,0.4134525477696239,0.13026869580674202
2064,0.44627222511731673,0.4295776202991462,0.12415015458353706
2065,0.4363499792103034,0.44535515747663695,0.11829486331305966
2066,0.42654681399450084,0.46075477447309315,0.11269841153240603
2067,0.4168936281597421,0.47575080575862083,0.10735556608163714
2068,0.4074175337858916,0.4903221003473985,0.10226036586671
2069,0.39814201756561723,0.5044517618023927,0.09740622063198998
2070,0.38908714452519527,0.5181268443263055,0.09278601114849905
2071,0.38026979310210124,0.5313380191084929,0.08839218778940594
2072,0.3717039124747643,0.5440792219780897,0.08421686554714591
2073,0.36340079449837026,0.5563472916637693,0.08025191383786023
2074,0.35536935208231274,0.5681416081174073,0.07648903980027992
2075,0.34761639816049744,0.5794637375721748,0.07291986426732752
2076,0.34014692059260837,0.5903170894196405,0.06953598998775112
2077,0.33296434816455905,0.6007065899990992,0.06632906183634167
2078,0.32607080530585963,0.6106383754786936,0.06329081921544669
2079,0.31946735300240414,0.6201195062842977,0.06041314071329812
2080,0.31315421448042585,0.6291577039656581,0.057688081553916075
2081,0.3071309846889447,0.6377611110340577,0.05510790427699749
2082,0.30139682389395195,0.6459380728936281,0.05266510321241991
2083,0.2959506343490081,0.6536969423419867,0.0503524233090051
2084,0.2907912216289151,0.661045904402163,0.04816287396892195
2085,0.28591744049495804,0.6679928210220479,0.046089738482993914
2086,0.28132832638862204,0.6745450940606792,0.0441265795506987
2087,0.27702321340408376,0.6807095450358578,0.04226724156005842
2088,0.2730018394914613,0.6864923105044591,0.040505850004079545
2089,0.269264439859351,0.6918987515470261,0.03883680859362298
2090,0.26581183001577485,0.6969333755604955,0.03725479442372965
2091,0.2626454776105635,0.7015997708264864,0.03575475156295001
2092,0.259767566063626,0.7059005504852139,0.03433188345116008
2093,0.25718104821898885,0.7098373074535664,0.03298164432744478
2094,0.25488969224143454,0.7134105777557224,0.031699730002843096
2095,0.2528981188688256,0.7166198130006033,0.030482068130571013
2096,0.25121183088949034,0.7194633608831479,0.02932480822736168
2097,0.2498372344317136,0.7219384540299053,0.02822431153838107
2098,0.24878165193815674,0.7240412071244944,0.027177140937348805
2099,0.248053326585491,0.7257666224902996,0.026180050924209573
