year,Model Uncertainty,Scenario Uncertainty,Inter-Annual Variability
1980,0.08806584215160496,0.003788043301969865,0.9081461145464251
1981,0.07317184273013755,0.0023712381748003486,0.924456919095062
1982,0.06007649777525146,0.0013618862293886004,0.9385616159953599
1983,0.048688581950906674,0.0006853934524189675,0.9506260245966743
1984,0.03889892874534704,0.0002728403564171202,0.9608282308982359
1985,0.03058788900878462,6.244729577394458e-05,0.9693496636954415
1986,0.02363161368018047,3.738187774777588e-07,0.9763680125010421
1987,0.017907062186967082,4.096981531002213e-05,0.9820519679977229
1988,0.013295770793480011,0.00014660404431228084,0.9865576251622077
1989,0.009686495936606176,0.0002871895354116777,0.9900263145279821
1990,0.0069768921734416275,0.00043951011401891974,0.9925835977125395
1991,0.005074401044566291,0.0005864336377559951,0.9943391653176777
1992,0.0038965227286576554,0.0007160781464537069,0.9953873991248886
1993,0.0033706249058246657,0.0008209793552681393,0.9958083957389072
1994,0.003433423740480668,0.0008972938185520524,0.9956692824409674
1995,0.004030246201563801,0.0009440594831357194,0.9950256943153005
1996,0.005114162433717458,0.0009625269535096324,0.993923310612773
1997,0.006645055122856664,0.0009555684177056834,0.9923993764594377
1998,0.00858867739843419,0.0009271663142868225,0.990484156287279
1999,0.010915736673270468,0.0008819814141912136,0.9882022819125383
2000,0.013601029258602218,0.00082499738000539,0.9855739733613924
2001,0.016622644903208156,0.0007612387002444006,0.9826161163965473
2002,0.019961250070622952,0.000695557184248599,0.9793431927451285
2003,0.023599456924396137,0.000632482613562551,0.9757680604620413
2004,0.027521279602729654,0.0005761324064724943,0.9719025879907979
2005,0.03171167520502536,0.0005301753731391032,0.9677581494218356
2006,0.036156167156956166,0.0004978441040038121,0.96334598873904
2007,0.04084054560924979,0.00048199092961462157,0.9586774634611357
2008,0.04575063753570873,0.00048518191587536866,0.9537641805484158
2009,0.050872139393287455,0.0005098235058326903,0.9486180371008799
2010,0.05619050454875567,0.0005583166600429382,0.9432511787912014
2011,0.061690878363359444,0.0006332326618601448,0.9376758889747805
2012,0.06735806928513229,0.0007375061785881391,0.9319044245362795
2013,0.07317655237151001,0.0008746397851045994,0.9259488078433853
2014,0.07913049405749385,0.0010489157632757908,0.9198205901792305
2015,0.0852037930274859,0.001265610145615282,0.9135305968268987
2016,0.09138013085470606,0.0015312049977739234,0.90708866414752
2017,0.09764302581761419,0.0018535946505851047,0.9005033795318006
2018,0.10397588676108274,0.002242281801861759,0.8937818314370556
2019,0.11036206277375003,0.0027085599724851364,0.8869293772537649
2020,0.11678488510990222,0.0032656779006026786,0.8799494369894951
2021,0.1232277022144861,0.003928982661307769,0.8728433151242061
2022,0.12967390318220384,0.004716036928455045,0.8656100598893411
2023,0.13610693300692003,0.0056467064661377886,0.8582463605269421
2024,0.1425102991353453,0.006743213055386533,0.8507464878092682
2025,0.148867568807391,0.008030148424250177,0.8431022827683589
2026,0.1551623627082873,0.009534444277665536,0.8353031930140472
2027,0.16137834400073897,0.011285292392850232,0.8273363636064108
2028,0.16749920802386078,0.013314010533997276,0.8191867814421419
2029,0.17350867446481924,0.0156538480382873,0.8108374774968935
2030,0.1793904844619228,0.018339728109707448,0.8022697874283699
2031,0.18512840867043365,0.02140792011016847,0.7934636712193979
2032,0.1907062682566275,0.024895641785455003,0.7843980899579175
2033,0.19610796960565713,0.028840588978563717,0.7750514414157791
2034,0.20131756065558118,0.033280393433291956,0.7654020459111269
2035,0.20631930449376026,0.038252014110877225,0.7554286813953625
2036,0.21109777796167992,0.043791066092152865,0.7451111559461672
2037,0.2156379904662656,0.04993110105669287,0.7344309084770415
2038,0.21992552689076952,0.05670284860714587,0.7233716245020847
2039,0.22394670661883032,0.06413344117584284,0.7119198522053268
2040,0.22768876403983307,0.07224564132204762,0.7000655946381193
2041,0.23114003820067222,0.08105709314154655,0.6878028686577813
2042,0.23429017010679723,0.09057963196098388,0.675130197932219
2043,0.23713029933336038,0.10081867163041772,0.6620510290362218
2044,0.23965325422746098,0.11177270209527243,0.6485740436772666
2045,0.2418537259852577,0.1234329205157132,0.6347133534990291
2046,0.24372841834318013,0.1357830196189065,0.6204885620379134
2047,0.24527616766125385,0.14879914696322788,0.6059246853755182
2048,0.24649802433966408,0.16245004852810557,0.5910519271322303
2049,0.24739729299278185,0.17669739641100116,0.575905310596217
2050,0.2479795232881391,0.19149629828628936,0.5605241784255716
2051,0.24825245837063836,0.2067959677836877,0.5449515738456739
2052,0.248225931019923,0.22254054474807167,0.5292335242320052
2053,0.24791172167806017,0.23867002532068807,0.5134182530012519
2054,0.2473233745080965,0.2551212788759014,0.4975553466160021
2055,0.2464759831408628,0.2718291077850099,0.48169490907412726
2056,0.24538595296218138,0.2887273206428986,0.46588672639492
2057,0.24407074780081203,0.3057497763269032,0.45017947587228474
2058,0.24254863130910198,0.3228313702984471,0.4346199983924509
2059,0.24083841147169813,0.3399089345707071,0.4192526539575948
2060,0.23895919386360512,0.3569220301095383,0.4041187760268565
2061,0.2369301548760995,0.37381361250498135,0.3892562326189191
2062,0.2347703374483082,0.39053056548050147,0.37469909707119026
2063,0.23249847296696974,0.40702409794659344,0.3604774290864369
2064,0.23013283597996578,0.4232500037571566,0.3466171602628777
2065,0.22769112662563618,0.439168799795931,0.3331400735784328
2066,0.22519038833404875,0.4547457420863569,0.32006386957959426
2067,0.22264695328766138,0.46995074363116274,0.30740230308117583
2068,0.22007641724227053,0.48475820261980945,0.29516538013792004
2069,0.21749364098729318,0.4991467590928719,0.28335959991983484
2070,0.21491277343029166,0.5130989970399084,0.2719882295298
2071,0.21234729681164866,0.52660110197375,0.26105160121460136
2072,0.20981008652586397,0.5396424945322675,0.25054741894186855
2073,0.20731348577459413,0.5522154460302126,0.24047106819519323
2074,0.20486939193527495,0.5643146878456917,0.2308159202190333
2075,0.20248934899932555,0.5759370264338345,0.22157362456684
2076,0.20018464814011797,0.5870809657617899,0.21273438609809206
2077,0.19796643056509683,0.5977463462409311,0.20428722319397186
2078,0.19584579311342684,0.6079340023303574,0.19622020455621564
2079,0.19383389497120515,0.6176454406655928,0.1885206643632019
2080,0.1919420624897863,0.626882543074462,0.18117539443575167
2081,0.19018189390202772,0.6356472915649511,0.17417081453302116
2082,0.1885653610529494,0.6439415178015159,0.16749312114553472
2083,0.18710490755599668,0.6517666764382861,0.1611284160057172
2084,0.18581354449516985,0.659123639696665,0.15506281580816514
2085,0.18470494029808007,0.6660125152662364,0.14928254443568348
2086,0.18379350695997163,0.6724324834816728,0.14377400955835543
2087,0.1830944795652981,0.6783816555047735,0.1385238649299283
2088,0.1826239903839096,0.6838569491998334,0.1335190604162571
2089,0.18239913499188307,0.6888539842822371,0.1287468807258798
2090,0.18243802981389157,0.6933669953229179,0.12419497486319055
2091,0.1827598608753366,0.6973887619627198,0.11985137716194359
2092,0.1833849206564468,0.7009105577168123,0.11570452162674091
2093,0.184334631858255,0.7039221178006474,0.11174325034109767
2094,0.18563155696686848,0.7064116257724785,0.10795681726065313
2095,0.18729938955116573,0.7083657223989823,0.10433488804985187
2096,0.189362926826096,0.709769535798759,0.10086753737514514
2097,0.19184801824636646,0.7106067381179892,0.09754524363564446
2098,0.1947814892191454,0.7108596282764905,0.09435888250436414
2099,0.19819103545370584,0.7105092450268463,0.09129971951944785
