year,Model Uncertainty,Scenario Uncertainty,Inter-Annual Variability
1980,0.3858695642373023,0.0007265932531882408,0.6134038425095096
1981,0.3413454886052854,0.0004720779256187545,0.6581824334690958
1982,0.29765195065190253,0.0003095154272403791,0.702038533920857
1983,0.25554155429285114,0.0002193910400217991,0.744239054667127
1984,0.21573146559320466,0.00018211500591334073,0.7840864194008821
1985,0.17886332971838084,0.0001793603042179812,0.8209573099774011
1986,0.14546976083937876,0.0001952416079127343,0.8543349975527085
1987,0.11595106927136237,0.00021719279695574188,0.8838317379316819
1988,0.0905641742145947,0.00023645288777491525,0.9091993728976304
1989,0.06942370667613765,0.00024813576879630263,0.930328157555066
1990,0.052513599581883404,0.00025092242299881257,0.9472354779951179
1991,0.03970631726048577,0.0002464607426486996,0.9600472219968655
1992,0.030786433103545133,0.00023858286280781935,0.968974984033647
1993,0.02547544067477768,0.00023245117583006682,0.9742921081493923
1994,0.02345529781845798,0.00023372987100082033,0.9763109723105412
1995,0.024389003563067346,0.00024785358059239553,0.9753631428563403
1996,0.027937306314413938,0.0002794382450133523,0.9717832554405726
1997,0.03377130981235798,0.00033185470619370434,0.9658968354814482
1998,0.04158121350917887,0.0004069664782132979,0.9580118200126079
1999,0.05108170998569204,0.0005050201492889272,0.9484132698650191
2000,0.06201468581605203,0.0006246691427332852,0.9373606450412146
2001,0.07414988113343088,0.000763107840902624,0.9250870110256665
2002,0.08728410787932028,0.0009162929653157671,0.9117995991553639
2003,0.10123952533532217,0.0010792295404074748,0.8976812451242703
2004,0.11586137459449819,0.0012463015880094853,0.8828923238174923
2005,0.1310154630146218,0.0014116295877831036,0.8675729073975951
2006,0.14658561487468272,0.0015694397098607949,0.8518449454154565
2007,0.16247122034660763,0.0017144317989339923,0.8358143478544583
2008,0.1785849718338302,0.0018421360921736256,0.8195728920739962
2009,0.194850825861637,0.001949249653139954,0.803199924485223
2010,0.2112022101314923,0.002033946555038097,0.7867638433134696
2011,0.2275804676625414,0.0020961567113131183,0.7703233756261455
2012,0.24393352189988,0.00213780978790858,0.7539286683122114
2013,0.2602147443293373,0.0021630425906902923,0.7376222130799723
2014,0.27638199459852536,0.002178368151874728,0.7214396372495998
2015,0.2923968121829568,0.002192806702963183,0.7054103811140799
2016,0.30822373376262896,0.0022179783995613525,0.6895582878378096
2017,0.3238297179646899,0.002268158144265295,0.6739021238910448
2018,0.3391836584825395,0.0023602933932213178,0.6584560481242391
2019,0.35425597181650076,0.0025139847363387416,0.6432300434471605
2020,0.36901824959916163,0.0027514298866522253,0.6282303205141861
2021,0.3834429651340286,0.003097330373838037,0.6134597044921334
2022,0.39750323160963436,0.0035787604137254648,0.5989180079766402
2023,0.41117260672612493,0.004224996745732349,0.5846023965281427
2024,0.4244249414101353,0.005067308208432358,0.5705077503814323
2025,0.4372342748718589,0.0061387032482404565,0.5566270218799007
2026,0.44957477507402194,0.007473634055138226,0.5429515908708399
2027,0.4614207257253988,0.009107655849252579,0.5294716184253486
2028,0.47274656232849094,0.011077041003497809,0.5161763966680112
2029,0.48352695662714285,0.013418348373142439,0.5030546949997147
2030,0.49373695303868587,0.016167948813467097,0.490095098147847
2031,0.50335215246125,0.019361511334547766,0.4772863362042022
2032,0.5123489451979497,0.023033453880903276,0.46461760092114707
2033,0.5207047879858289,0.02721636688219346,0.45207884513197766
2034,0.5283985196356711,0.031940419049094296,0.4396610613152346
2035,0.5354107092190596,0.03723275704056883,0.4273565337403715
2036,0.5417240269859536,0.04311691381873239,0.41515905919531404
2037,0.5473236274721264,0.04961224062346325,0.4030641319044105
2038,0.5521975313570541,0.056733381415168746,0.39106908722777717
2039,0.5563369938656826,0.06448980584533498,0.3791732002889823
2040,0.559736844207107,0.07288542018155686,0.3673777356113362
2041,0.562395781533997,0.08191827222953253,0.3556859462364703
2042,0.5643166138066119,0.09158036480962195,0.3441030213837661
2043,0.565506427701759,0.10185758950939049,0.3326359827888505
2044,0.5659766786820141,0.1127297884094828,0.32129353290850315
2045,0.5657431939621639,0.12417094662922122,0.3100858594086149
2046,0.5648260843894714,0.136149514392967,0.2990244012175616
2047,0.5632495655934108,0.14862885004358167,0.2881215843630075
2048,0.5610416901755477,0.16156777424427413,0.2773905355801782
2049,0.5582340004190762,0.17492121611310674,0.26684478346781715
2050,0.5548611099617171,0.18864093355056413,0.25649795648771884
2051,0.5509602288301011,0.2026762835080404,0.24636348766185856
2052,0.5465706467329506,0.21697501874811662,0.23645433451893277
2053,0.5417331908781738,0.23148408651987998,0.22678272260194612
2054,0.536489675052172,0.24615040670581723,0.2173599182420108
2055,0.5308823563245993,0.26092160688029886,0.20819603679510182
2056,0.524953414638317,0.27574669707954996,0.19929988828213294
2057,0.5187444657993011,0.2905766712221089,0.1906788629785899
2058,0.5122961232683563,0.3053650203500238,0.18233885638161987
2059,0.5056476115003309,0.32006815625307905,0.17428423224659004
2060,0.49883644007806294,0.3346457388245086,0.16651782109742844
2061,0.4918981391516574,0.349060910497733,0.15904095035060964
2062,0.48486605791305654,0.3632804402565333,0.15185350183041027
2063,0.47777122370312036,0.3772747840437778,0.14495399225310185
2064,0.4706422577707818,0.3910180708002845,0.1383396714289338
2065,0.46350534522884335,0.40448802087802654,0.13200663389313014
2066,0.4563842499470345,0.41766581090993116,0.12594993914303432
2067,0.4493003718247915,0.43053589126006653,0.12016373691514201
2068,0.44227283682292706,0.44308576994081433,0.11464139323625865
2069,0.43531861683799555,0.45530576814223783,0.10937561501976666
2070,0.42845266868652365,0.46718876128767667,0.1043585700257997
2071,0.421688091882027,0.47872990729332754,0.09958200082464548
2072,0.41503629549197385,0.4899263737656801,0.09503733074234602
2073,0.40850717246181273,0.5007770661007782,0.09071576143740903
2074,0.4021092762205258,0.5112823627663484,0.08660836101312572
2075,0.395849997306971,0.5214438600138513,0.08270614267917765
2076,0.3897357359269569,0.5312641301254696,0.07900013394757356
2077,0.3837720701939994,0.5407464931564654,0.07548143664953523
2078,0.3779639176419631,0.5498948042152685,0.07214127814276844
2079,0.3723156881990934,0.5587132574752518,0.06897105432565477
2080,0.36683142949349545,0.5672062054989402,0.06596236500756439
2081,0.36151496251003434,0.5753779950888835,0.06310704240108209
2082,0.3563700085394962,0.5832328181073738,0.06039717335313
2083,0.35140030622679924,0.5907745776816694,0.0578251160915314
2084,0.3466097204637486,0.5980067675031636,0.0553835120330877
2085,0.34200234093713344,0.604932365650227,0.053065293412639575
2086,0.33758257359802274,0.6115537391081768,0.050863687293800496
2087,0.3333552215558041,0.6178725620094634,0.04877221643473247
2088,0.3293255597281649,0.6238897425985017,0.046784697673333285
2089,0.3254993995346545,0.6296053623601822,0.044895238105163264
2090,0.32188314633443,0.635018624059802,0.043098229605768076
2091,0.3184838483495692,0.6401278096807272,0.041388341969703556
2092,0.3153092374655125,0.6449302474982068,0.03976051503628067
2093,0.3123677614360684,0.6494222885438424,0.03820995002008904
2094,0.3096686069997763,0.6535992926517333,0.03673210034849049
2095,0.3072217142233096,0.6574556236230659,0.035322662153624534
2096,0.30503778013778693,0.6609846552334397,0.03397756462877331
2097,0.303128252851745,0.664178786783248,0.03269296036500703
2098,0.3015053134003827,0.6670294707711097,0.03146521582850754
2099,0.3001818461776836,0.6695272518140134,0.030290902008302922
