year,Model Uncertainty,Scenario Uncertainty,Inter-Annual Variability
1980,0.20286719937220454,0.005081395455227189,0.7920514051725682
1981,0.1695597316040974,0.0029347584128495137,0.8275055099830531
1982,0.13985533677841278,0.0014856659442948955,0.8586589972772923
1983,0.11392057868269995,0.000621870603805075,0.885457550713495
1984,0.09174050856077477,0.00022178769562372936,0.9080377037436015
1985,0.07315257987117593,0.00016486525309088602,0.9266825548757333
1986,0.057887645574370025,0.0003397349394608092,0.9417726194861692
1987,0.04561115982455123,0.0006496939993691826,0.9537391461760796
1988,0.035959718983548085,0.0010156160054895754,0.9630246650109623
1989,0.028570326672489082,0.0013767301664084708,0.9700529431611025
1990,0.023101656739308998,0.0016898466508597102,0.9752084966098313
1991,0.019247868368297307,0.0019275937683620426,0.9788245378633407
1992,0.016746207250121575,0.0020761358842843114,0.9811776568655941
1993,0.015379838985444627,0.0021327156064722213,0.9824874454080832
1994,0.014977280906690585,0.0021032436277088657,0.9829194754656005
1995,0.01540957550173228,0.0020000631010348695,0.9825903613972329
1996,0.0165860800312972,0.0018399468807302336,0.9815739730879726
1997,0.01844950032700626,0.001642342624180797,0.979908157048813
1998,0.020970592152004325,0.001427857208541094,0.9776015506394545
1999,0.024142804095519832,0.0012169630634975958,0.9746402328409827
2000,0.02797703489645102,0.0010289081946336163,0.9709940569089153
2001,0.03249661514535263,0.0008808159755409409,0.9666225688791064
2002,0.03773259230447869,0.0007869666738281493,0.9614804410216932
2003,0.04371938145722732,0.0007582578888027513,0.95552236065397
2004,0.05049084328784513,0.0008018446990242796,0.9487073120131306
2005,0.05807684694197946,0.0009209609495795378,0.941002192108441
2006,0.0665003760915879,0.0011149215943360021,0.9323847023140761
2007,0.07577522576423401,0.0013793015907429924,0.922845472645023
2008,0.08590432515701278,0.0017062805663394971,0.9123893942766477
2009,0.09687869898968025,0.002085135878557185,0.9010361651317625
2010,0.10867705604160273,0.0025028594890506876,0.8888200844693466
2011,0.12126596510187058,0.0029448686877730744,0.8757891662103563
2012,0.13460055135843504,0.003395776536732673,0.8620036721048323
2013,0.14862562611143743,0.0038401866297025316,0.84753418725886
2014,0.16327714454662232,0.004263478263197124,0.8324593771901806
2015,0.17848388065510631,0.00465255096096043,0.8168635683839333
2016,0.19416920561414963,0.004996503046289412,0.800834291339561
2017,0.21025286866686665,0.0052872255237411195,0.7844599058093922
2018,0.22665268978595934,0.005519899217347004,0.7678274109966937
2019,0.24328609296944326,0.005693389782063108,0.7510205172484937
2020,0.26007142993738425,0.005810541262677303,0.7341180287999385
2021,0.27692906600639206,0.0058783730601129945,0.717192560933495
2022,0.2937822125077388,0.005908188443216089,0.7003095990490451
2023,0.3105575161885255,0.005915604548602093,0.6835268792628724
2024,0.3271854187516782,0.005920513826225432,0.6668940674220963
2025,0.3436003150189203,0.005946986512593434,0.6504526984684862
2026,0.3597405438490256,0.006023121843477189,0.6342363343074973
2027,0.37554824506735207,0.006180853787124127,0.6182709011455239
2028,0.3909691201116188,0.006455714936479838,0.6025751649519013
2029,0.4059521316416627,0.006886559389747198,0.5871613089685901
2030,0.42044917437108154,0.0075152438724054174,0.5720355817565131
2031,0.4344147466116586,0.008386264316672633,0.5571989890716688
2032,0.44780564670145584,0.00954634399531861,0.5426480093032255
2033,0.4605807191764367,0.011043968478724974,0.5283753123448384
2034,0.47270066403081257,0.01292886364332641,0.5143704723258611
2035,0.48412792615469613,0.015251412265974299,0.5006206615793296
2036,0.49482667114073653,0.018062008314471797,0.48711132054479167
2037,0.5047628547464107,0.021410348622627962,0.4738267966309612
2038,0.5139043865764709,0.02534466613688234,0.4607509472866468
2039,0.5222213838563264,0.029910911782998074,0.4478677043606756
2040,0.5296865091001792,0.035151896789710445,0.4351615941101104
2041,0.5362753797872307,0.04110641094133045,0.4226182092714387
2042,0.5419670341948956,0.047808337720576286,0.4102246280845281
2043,0.5467444335766064,0.055285790549841216,0.39796977587355237
2044,0.5505949793162624,0.06356029728305876,0.3858447234006789
2045,0.5535110194523092,0.07264606372186092,0.37384291682583
2046,0.5554903174598276,0.08254934603637831,0.3619603365037941
2047,0.5565364581287877,0.09326796220263021,0.35019557966858206
2048,0.5566591642306254,0.10479096918057215,0.33854986658880243
2049,0.5558745014682995,0.11709852812607778,0.3270269704056226
2050,0.5542049543878559,0.13016197244645247,0.31563307316569167
2051,0.5516793590764801,0.14394408733123681,0.3043765535922831
2052,0.548332687144966,0.1583995981558298,0.2932677146992043
2053,0.5442056814225505,0.17347585787802366,0.2823184606994258
2054,0.5393443515172123,0.18911371246897057,0.27154193601381715
2055,0.5337993440592409,0.2052485165787793,0.2609521393619797
2056,0.5276252077178704,0.22181126494699654,0.2505635273351331
2057,0.5208795802457196,0.23872979838538091,0.24039062136889935
2058,0.5136223232090502,0.25593004512274803,0.23044763166820176
2059,0.5059146374318115,0.2733372528133701,0.22074810975481826
2060,0.4978181869312604,0.29087717340919034,0.21130463965954932
2061,0.48939425793032365,0.3084771667153763,0.20212857535429996
2062,0.4807029797825833,0.3260671910269025,0.19322982919051412
2063,0.47180262495150266,0.34358066105629814,0.18461671399219926
2064,0.46274900401321295,0.36095515747619183,0.17629583851059527
2065,0.4535949648796178,0.3781329809811766,0.1682720541392055
2066,0.44439000079719093,0.3950615502256685,0.16054844897714043
2067,0.43517996783085733,0.41169364846036666,0.15312638370877596
2068,0.4260069046717231,0.42798753195590183,0.14600556337237508
2069,0.41690895185139,0.4439069102071593,0.13918413794145082
2070,0.4079203564929793,0.4594208180853734,0.13265882542164728
2071,0.39907155377276987,0.4745033956239389,0.12642505060329118
2072,0.3903893120885008,0.48913359434896697,0.12047709356253224
2073,0.3818969299432197,0.5032948274307641,0.11480824262601616
2074,0.37361447200626674,0.5169745810076422,0.10941094698609108
2075,0.36555903471687207,0.53016399982366,0.10427696545946784
2076,0.3577450302001876,0.5428574616591993,0.09939750814061293
2077,0.3501844802401809,0.5550521508910808,0.09476336886873829
2078,0.3428873130726413,0.5667476399603335,0.09036504696702523
2079,0.33586165706840243,0.5779454856895346,0.08619285724206317
2080,0.329114125865948,0.5886488462478645,0.08223702788618756
2081,0.32265009178659665,0.5988621219782576,0.07848778623514568
2082,0.3164739452566856,0.6085906220110697,0.07493543273224489
2083,0.31058933735815647,0.6178402590106197,0.07157040363122388
2084,0.3049994055395979,0.6266172712534784,0.06838332320692371
2085,0.299706981377165,0.634927972340458,0.06536504628237723
2086,0.29471478059822553,0.6427785273691364,0.06250669203263798
2087,0.29002557587639294,0.6501747541817617,0.059799669941845476
2088,0.2856423523739864,0.6571219487270205,0.05723569889899335
2089,0.2815684472731515,0.6636247324682575,0.054806820258591016
2090,0.2778076737210371,0.6696869204998681,0.052505405779094814
2091,0.2743644300576682,0.6753114088178115,0.0503241611245203
2092,0.27124379489163386,0.6805000793892635,0.048256125719102566
2093,0.2684516085493197,0.6852537218574535,0.04629466959322663
2094,0.2659945416011864,0.6895719706665787,0.04443348773223486
2095,0.2638801500861474,0.6934532573943696,0.042666592519482974
2096,0.26211691841455065,0.6968947769267738,0.04098830465867546
2097,0.26071428913312455,0.6998924678674187,0.03939324299945677
2098,0.2596826792851896,0.702441007132321,0.037876313582489225
2099,0.259033483238084,0.7045338185752298,0.03643269818668615
