year,Model Uncertainty,Scenario Uncertainty,Inter-Annual Variability
1980,0.17519497756921737,0.0034524353698855608,0.821352587060897
1981,0.14890162393159767,0.0018687772518309119,0.8492295988165715
1982,0.12512703068402786,0.0008570054857286312,0.8740159638302435
1983,0.10393006716383424,0.00029940971795038555,0.8957705231182154
1984,0.08529017079969942,8.32033738958331e-05,0.9146266258264047
1985,0.06912384646225904,0.00010577315385424943,0.9307703803838868
1986,0.05530201799257486,0.0002781603068518746,0.9444198217005733
1987,0.04366645414784077,0.0005268923244330131,0.9558066535277262
1988,0.034044101037650695,0.0007944308274431322,0.9651614681349062
1989,0.02625872898370067,0.0010385641890064713,0.9727027068272929
1990,0.020139754402707332,0.0012310715226180107,0.9786291740746748
1991,0.015528405238862151,0.0013559437639130366,0.9831156509972249
1992,0.012281576820943161,0.001407389368963148,0.9863110338100937
1993,0.010273795783544095,0.001387791482242774,0.9883384127342131
1994,0.009397715148259139,0.0013057300217986215,0.9892965548299422
1995,0.009563524173246577,0.001174140300082221,0.9892623355266712
1996,0.010697600701323163,0.0010086486744441848,0.9882937506242327
1997,0.012740673510865217,0.0008261055096266413,0.9864332209795081
1998,0.015645705100988772,0.0006433234857357031,0.9837109714132755
1999,0.019375657756974283,0.0004760217505898769,0.9801483204924358
2000,0.02390126648411782,0.0003379737570067174,0.9757607597588754
2001,0.02919891090827752,0.00024035402247678792,0.9705607350692457
2002,0.03524865422016834,0.00019127852714570956,0.9645600672526861
2003,0.04203249748253737,0.00019553163545510012,0.9577719708820075
2004,0.04953288130071273,0.00025447057833242597,0.9502126481209549
2005,0.057731453556009775,0.0003660959246130526,0.9419024505193772
2006,0.06660810863303188,0.0005252733455992528,0.9328666180213688
2007,0.07614029359802248,0.0007240887521415629,0.923135617649836
2008,0.08630256596634878,0.0009523161260277848,0.9127451179076234
2009,0.0970663787587608,0.0011979747933858094,0.9017356464478533
2010,0.10840006433293449,0.001447951812686656,0.8901519838543789
2011,0.12026898012653005,0.001688664513612039,0.878042355359858
2012,0.13263577939816326,0.0019067392184193516,0.8654574813834174
2013,0.14546076846940764,0.002089683969792207,0.8524495475608002
2014,0.15870231332516702,0.0022265357783140503,0.8390711508965188
2015,0.1723172616240158,0.002308465956967673,0.8253742724190164
2016,0.18626135220779816,0.0023293308014689074,0.8114093169907329
2017,0.2004895867906766,0.002286158279532673,0.7972242549297908
2018,0.21495654834746716,0.0021795643511742235,0.7828638873013586
2019,0.22961665153155583,0.002014095379143031,0.7683692530893012
2020,0.2444243235647356,0.0017984951685093714,0.753777181266755
2021,0.25933411259230527,0.0015458961565820817,0.7391199912511128
2022,0.27430072817705103,0.001273935455496108,0.724425336367453
2023,0.28927902312587217,0.001004795966266167,0.7097161809078616
2024,0.30422392801996073,0.0007651730581405798,0.6950108989218986
2025,0.3190903521735756,0.0005861660872203635,0.6803234817392041
2026,0.33383306494313153,0.0005030933237477254,0.6656638417331209
2027,0.3484065768551398,0.000555228402662099,0.6510381947421982
2028,0.36276503437857704,0.000785455416141267,0.6364495102052816
2029,0.3768621451621096,0.0012398399512474898,0.621898014886643
2030,0.39065115163085623,0.001967113657885726,0.607381734711258
2031,0.4040848624267601,0.003018071012432591,0.5928970665608073
2032,0.41711575898865666,0.0044448788662845105,0.5784393621450589
2033,0.42969618127639064,0.006300301960319252,0.5640035167632902
2034,0.44177860299964666,0.008636850915334804,0.5495845460850184
2035,0.45331599558508895,0.011505863684156294,0.5351781407307546
2036,0.4642622804713437,0.014956534870440892,0.5207811846582155
2037,0.4745728614397232,0.019034913824610533,0.5063922247356664
2038,0.48420522596659193,0.023782894995228093,0.49201187903818006
2039,0.4931195996449167,0.029237229659723304,0.47764317069535994
2040,0.5012796304087479,0.035428590546378994,0.4632917790448731
2041,0.5086530801532653,0.042380722584916417,0.4489661972618183
2042,0.5152124956224945,0.050109712550871585,0.4346777918266339
2043,0.5209358280777439,0.058623411157979755,0.42044076076427633
2044,0.5258069766316139,0.06792103202573153,0.40627199134265457
2045,0.5298162261721373,0.07799295166165938,0.3921908221662033
2046,0.5329605578595885,0.08882072288624542,0.37821871925416617
2047,0.5352438161911625,0.10037730656047089,0.36437887724836665
2048,0.5366767184686201,0.11262751791941453,0.3506957636119652
2049,0.5372767070677616,0.1255286718431232,0.3371946210891152
2050,0.5370676451424645,0.13903140393224736,0.32390095092528814
2051,0.5360793683985705,0.15308063705235123,0.3108399945490784
2052,0.5343471092891943,0.16761665677880697,0.29803623393199874
2053,0.5319108179716878,0.18257625412981154,0.2855129278985007
2054,0.5288144053316954,0.1978938966498647,0.27329169801843983
2055,0.5251049363616769,0.21350288663305061,0.2613921770052725
2056,0.5208318033185503,0.22933647037397584,0.24983172630747394
2057,0.516045905579926,0.24532886721614489,0.23862522720392915
2058,0.5107988609317246,0.2614161927777647,0.22778494629051077
2059,0.5051422688803899,0.27753725859792167,0.21732047252168837
2060,0.49912704380967315,0.29363423606274786,0.20723872012757902
2061,0.4928028284337709,0.3096531806142439,0.1975439909519852
2062,0.486217496250811,0.3255444167505888,0.18823808699860003
2063,0.4794167459788551,0.3412627903007797,0.17932046372036506
2064,0.47244378695048656,0.35676779816951076,0.17078841488000268
2065,0.4653391120431876,0.3720236088094299,0.16263727914738246
2066,0.4581403523907944,0.38699898693229984,0.15486066067690593
2067,0.45088220560275316,0.4016671395192066,0.1474506548780402
2068,0.4435964283428198,0.41600549798734066,0.14039807366983958
2069,0.43631188505164886,0.4299954504685005,0.13369266447985068
2070,0.42905464147845324,0.44362204007964395,0.12732331844190298
2071,0.42184809580534943,0.45687363899088906,0.12127826520376159
2072,0.41471313747468513,0.4697416109450103,0.1155452515803046
2073,0.4076683268891764,0.4822199700219843,0.1101117030888392
2074,0.4007300889113315,0.49430504336624426,0.10496486772242433
2075,0.39391291438171794,0.5059951437485156,0.10009194186976653
2076,0.38722956470224834,0.5172902562750794,0.09548017902267215
2077,0.3806912760522446,0.5281917418413026,0.09111698210645283
2078,0.3743079594326948,0.5387020602013192,0.08698998036598611
2079,0.36808839483864614,0.5488245128120508,0.08308709234930317
2080,0.36204041759927574,0.558563006368369,0.07939657603235536
2081,0.35617109513889006,0.5679218372158147,0.07590706764529521
2082,0.35048689445027903,0.576905495109033,0.072607610440688
2083,0.34499383971518033,0.5855184855096826,0.06948767477513715
2084,0.33969765896475623,0.5937651704044203,0.06653717063082339
2085,0.3346039213662637,0.601649624827041,0.06374645380669527
2086,0.3297181646002176,0.6091755087286044,0.06110632667117811
2087,0.3250460127696703,0.6163459526768804,0.058608034553449276
2088,0.320593285638216,0.6231634559007727,0.05624325846101132
2089,0.3163660991092537,0.6296297959636469,0.054004104927099526
2090,0.3123709581203154,0.6357459482768328,0.05188309360285178
2091,0.3086148410421968,0.6415120158506754,0.049873143107127815
2092,0.30510527770086815,0.6469271666393038,0.04796755565982799
2093,0.3018504190797647,0.6519895800806873,0.04616000083954805
2094,0.29885910054514764,0.6566964005928123,0.04444449886204002
2095,0.29614089733088594,0.6610436990843955,0.042815403584718574
2096,0.29370617265972193,0.6650264417886287,0.04126738555164952
2097,0.2915661180365016,0.6686384667486017,0.039795415214896754
2098,0.2897327843704216,0.6718724691205693,0.0383947465090091
2099,0.2882191044720981,0.6747199946113827,0.03706090091651918
