year,Model Uncertainty,Scenario Uncertainty,Inter-Annual Variability
1980,0.3107975191048517,0.0011255137635943495,0.6880769671315539
1981,0.27342396437879435,0.0005137024821454554,0.7260623331390603
1982,0.23802091530212244,0.00016349969536794479,0.7618155850025097
1983,0.20495187390039146,1.7652872936134537e-05,0.7950304732266724
1984,0.17448010364098723,1.9454676188239492e-05,0.8255004416828245
1985,0.14677136474832006,0.00011626374561514696,0.8531123715060648
1986,0.12190413727575539,0.0002621877825723094,0.8778336749416723
1987,0.09988479321462028,0.0004198026876374065,0.8996954040977423
1988,0.08066508689506321,0.0005609296573168297,0.91877398344762
1989,0.06415968066204683,0.000666597073452709,0.9351737222645005
1990,0.050261997019061,0.0007263693255084483,0.9490116336554305
1991,0.03885733637133495,0.0007372376852190289,0.960405425943446
1992,0.029832763553011274,0.0007022520606497456,0.9694649843863389
1993,0.023083721479778357,0.0006290414756732621,0.9762872370445485
1994,0.018517623630150224,0.0005283351446658914,0.9809540412251839
1995,0.016054863453876047,0.00041256505275198365,0.9835325714933719
1996,0.015627759469897525,0.00029460442275937353,0.9840776361073431
1997,0.01717797941078588,0.0001866787529046245,0.9826353418363095
1998,0.02065297159558915,9.947297980022632e-05,0.9792475554246107
1999,0.026001892745664192,4.1449606204815264e-05,0.973956657648131
2000,0.03317147010254258,1.8385796612574114e-05,0.9668101441008449
2001,0.04210217272384001,3.3130531071170014e-05,0.9578646967450889
2002,0.05272499663514328,8.557594678890531e-05,0.9471894274180679
2003,0.06495908633361255,0.0001728288565479634,0.9348680848098395
2004,0.07871033127366514,0.0002895601440231072,0.9210001085823117
2005,0.0938709829319679,0.0004285017882502882,0.9057005152797818
2006,0.11032025966811343,0.0005810549277098558,0.8890986854041767
2007,0.12792582337849626,0.0007379681869370326,0.8713362084345667
2008,0.14654596096641867,0.0008900444593591012,0.8525639945742222
2009,0.16603226058248263,0.0010288366182499525,0.8329389027992674
2010,0.18623255914748169,0.0011472970834283927,0.8126201437690898
2011,0.2069939451243553,0.0012403539771998272,0.791765700898445
2012,0.22816562066837925,0.0013053943043535626,0.7705289850272672
2013,0.2496014715199576,0.0013426436183888346,0.7490558848616535
2014,0.2711622302115874,0.001355439778667893,0.7274823300097447
2015,0.29271717006991216,0.001350404375198551,0.7059324255548893
2016,0.31414530760253917,0.001337521300810006,0.6845171710966509
2017,0.3353361270437935,0.0013301342526610463,0.6633337387035455
2018,0.3561898680697254,0.0013448767017826759,0.642465255228492
2019,0.3766174380595876,0.001401547449247859,0.6219810144911645
2020,0.396540019511757,0.0015229439348153483,0.6019370365534278
2021,0.41588844420597737,0.001734663009660679,0.582376892784362
2022,0.4346024075900332,0.0020648768744965444,0.5633327155354702
2023,0.45262958759355587,0.0025440887925704133,0.5448263236138737
2024,0.46992472278646535,0.0032048716014997014,0.526870405612035
2025,0.48644870210307745,0.004081589050839986,0.5094697088460826
2026,0.5021676968404086,0.0052100991397802665,0.49262220401981105
2027,0.5170523702582034,0.006627436996393681,0.47632019274540294
2028,0.5310771807733703,0.008371474223060614,0.46055134500356903
2029,0.5442197951524123,0.010480551940927778,0.44529965290665985
2030,0.5564606177759047,0.012993084070115237,0.43054629815398004
2031,0.5677824398549477,0.015947129703912655,0.4162704304411396
2032,0.5781702057835272,0.01937993334171488,0.4024498608747579
2033,0.5876108927521826,0.02332743420213559,0.3890616730456818
2034,0.5960934958674586,0.02782374738632256,0.37608275674621877
2035,0.6036091061913157,0.03290062248300361,0.3634902713256807
2036,0.6101510730909303,0.038586886400189035,0.35126204050888066
2037,0.6157152305502002,0.0449078818604583,0.3393768875893414
2038,0.6203001768286666,0.051884911997361706,0.3278149111739717
2039,0.6239075849638044,0.059534707089677986,0.31655770794651766
2040,0.6265425276489283,0.0678689286830013,0.3055885436680704
2041,0.6282137973446309,0.07689372722749933,0.29489247542786967
2042,0.6289341996505812,0.08660937263926355,0.2844564277101552
2043,0.628720804385414,0.09700997209570612,0.2742692235188798
2044,0.6275951350427578,0.10808329148381712,0.2643215734734251
2045,0.625583281861948,0.11981069277323987,0.25460602536481214
2046,0.6227159274644009,0.13216719613647698,0.2451168763991222
2047,0.6190282742208674,0.14512167273797982,0.23585005304115278
2048,0.6145598721595344,0.1586371664917486,0.22680296134871694
2049,0.6093543428157587,0.17267134341166104,0.21797431377258014
2050,0.6034590086592467,0.18717705429265769,0.20936393704809556
2051,0.5969244319271776,0.2021030006340665,0.20097256743875594
2052,0.5898038791129875,0.21739448121332786,0.19280163967368466
2053,0.5821527239095665,0.23299420114328653,0.1848530749471469
2054,0.5740278094092023,0.24884311604875,0.17712907454204777
2055,0.5654867868623394,0.2648812888545159,0.16963192428314489
2056,0.5565874518362139,0.2810487339676609,0.16236381419612522
2057,0.5473870971257083,0.29728622487628675,0.15532667799800495
2058,0.5379418993584323,0.3135360460779049,0.14852205456366283
2059,0.5283063555826746,0.3297426704046495,0.141950974012676
2060,0.5185327804756479,0.34585335090016245,0.13561386862418964
2061,0.5086708771355637,0.3618186137113439,0.1295105091530924
2062,0.49876738248839153,0.3775926522934755,0.12363996521813297
2063,0.4888657948650988,0.39313361681478537,0.11800058832011599
2064,0.4790061804438137,0.40840380438262075,0.11259001517356557
2065,0.4692250567684806,0.42336975452344183,0.10740518870807758
2066,0.45955534911534857,0.4380022566522498,0.10244239423240167
2067,0.4500264109508097,0.45227628185362917,0.097697307195561
2068,0.4406641035344453,0.4661708461689064,0.09316505029664826
2069,0.43149092303124004,0.47966882028890684,0.08884025667985304
2070,0.4225261697422647,0.4927566931642934,0.08471713709344195
2071,0.41378614792267365,0.5054243036013125,0.08078954847601379
2072,0.40528438976785236,0.5176645480261161,0.0770510622060316
2073,0.3970318957322903,0.5294730738638039,0.07349503040390575
2074,0.38903738419297584,0.5408479667275509,0.07011464907947337
2075,0.3813075443337997,0.5517894386341341,0.06690301703206614
2076,0.3738472885303131,0.5622995214658387,0.06385319000384806
2077,0.3666599986197609,0.5723817718575251,0.06095822952271397
2078,0.3597477640547664,0.582040989533849,0.058211246411384567
2079,0.35311160900515093,0.5912829522950963,0.05560543869975266
2080,0.34675170662925386,0.6001141691137907,0.05313412425695544
2081,0.3406675797500004,0.6085416519727024,0.050790768277297275
2082,0.33485828719550564,0.616572706891312,0.04856900591318226
2083,0.3293225951301195,0.6242147444206494,0.04646266044923112
2084,0.3240591345484543,0.6314751080592286,0.04446575739231715
2085,0.3190665441826913,0.6383609209002247,0.04257253491708411
2086,0.3143436002033162,0.6448789488149926,0.04077745098169129
2087,0.30988933307188576,0.6510354792844318,0.0390751876436825
2088,0.3057031322682582,0.6568362148752173,0.03746065285652455
2089,0.30178483949414076,0.662286180343529,0.03592898016233025
2090,0.29813483217223263,0.667389641231404,0.03447552659636343
2091,0.2947540956790543,0.6721500352390782,0.03309586908186757
2092,0.2916442878669191,0.6765699124762651,0.03178579965681588
2093,0.2888077935181831,0.6806508867861877,0.03054131969562927
2094,0.28624777144030056,0.6843935951300237,0.02935863342967575
2095,0.2839681929449361,0.6877976661794448,0.028234140875619172
2096,0.28197387272511176,0.6908616968678596,0.02716443040702863
2097,0.2802704918728545,0.6935832370631523,0.026146271063993233
2098,0.2788646127903051,0.6959587824439718,0.02517660476572326
2099,0.27776368587042605,0.6979837756363301,0.024252538493243946
