year,Model Uncertainty,Scenario Uncertainty,Inter-Annual Variability
1980,0.1171471469740102,0.0018823884313169793,0.8809704645946729
1981,0.09717023609318452,0.001183679954304127,0.9016460839525113
1982,0.07962619369109392,0.0006928413785503982,0.9196809649303557
1983,0.06441074648822198,0.000369227473924544,0.9352200260378535
1984,0.05138242710830656,0.00017551313096787622,0.9484420597607256
1985,0.04037538698373178,7.866731034160828e-05,0.9595459457059266
1986,0.031210766372601863,5.046800124597405e-05,0.9687387656261522
1987,0.02370615730713257,6.763259103046802e-05,0.9762262101018369
1988,0.01768300770860559,0.0001116514928193108,0.982205340798575
1989,0.01297202934854177,0.00016841227411309125,0.9868595583773451
1990,0.009416822824912368,0.00022769220421197696,0.9903554849708756
1991,0.00687599944257488,0.00028258353880837025,0.9928414170186168
1992,0.005224102074741253,0.0003289006478508756,0.9944469972774079
1993,0.0043516138471846886,0.00036460474663068537,0.9952837814061847
1994,0.004164309303512355,0.0003892702920046821,0.995446420404483
1995,0.0045821615856987815,0.00040360735028119695,0.99501423106402
1996,0.0055379765116397115,0.000409048378099549,0.9940529751102607
1997,0.006975886051104474,0.0004074020852988467,0.9926167118635967
1998,0.008849798662212662,0.0004005745303559195,0.9907496268074315
1999,0.011121878480310293,0.00039035504738397164,0.9884877664723059
2000,0.013761101333657589,0.00037826371174256603,0.9858606349545999
2001,0.016741920715988384,0.00036545600713704,0.9828926232768745
2002,0.02004306197232502,0.0003526802414793753,0.9796042577861955
2003,0.023646457144408373,0.0003402828537161588,0.9760132600018754
2004,0.027536320590166797,0.0003282566014312772,0.9721354228084019
2005,0.03169836712857294,0.0003163267238820803,0.9679853061475449
2006,0.03611916399508324,0.00030407006250927855,0.9635767659424075
2007,0.04078561065433255,0.0002910620571873741,0.9589233272884802
2008,0.04568453510220927,0.0002770467634667241,0.954038418134324
2009,0.05080239572546929,0.0002621250107540155,0.9489354792637766
2010,0.05612507645545674,0.000246956083374065,0.9436279674611692
2011,0.06163776139928829,0.00023296850481467475,0.9381292700958971
2012,0.06732487819175442,0.00022257580703750627,0.932452546001208
2013,0.07317009554211604,0.00021939326706191633,0.926610511190822
2014,0.07915636381163611,0.00022845228549625178,0.9206151839028677
2015,0.08526598803965633,0.0002564088998530258,0.9144776030604906
2016,0.09148072240660657,0.00031174334367347587,0.9082075342497199
2017,0.09778187768499336,0.0004049477692360503,0.9018131745457706
2018,0.10415043446874407,0.0005486991050274441,0.8953008664262284
2019,0.11056715495310798,0.0007580139795912868,0.8886748310673007
2020,0.11701268972494626,0.0010503824335576068,0.8819369278414961
2021,0.1234676748194268,0.001445876884765297,0.875086448295808
2022,0.12991281768211652,0.0019672321578496927,0.8681199501600337
2023,0.13632897026209997,0.0026398918950778934,0.8610311378428221
2024,0.14269719056135502,0.0034920163322478444,0.8538107931063972
2025,0.14899879086034185,0.004554445311267934,0.8464467638283902
2026,0.15521537732730634,0.005860610259400816,0.8389240124132928
2027,0.1613288823143539,0.007446388677917736,0.8312247290077285
2028,0.16732159006367558,0.009349893373818545,0.8233285165625059
2029,0.17317616284576168,0.011611190569486654,0.8152126465847516
2030,0.178875667309612,0.01427194029521326,0.8068523923951747
2031,0.18440360736386013,0.01737495366265635,0.7982214389734836
2032,0.18974396296102197,0.020963664761914375,0.7892923722770637
2033,0.1948812428922079,0.02508151516898177,0.7800372419388103
2034,0.19980054768463165,0.029771255212061823,0.7704281971033066
2035,0.20448765011010503,0.03507416674022754,0.7604381831496674
2036,0.2089290885759008,0.041029219679092836,0.7500416917450063
2037,0.21311227817701814,0.04767217734191217,0.7392155444810696
2038,0.21702563282292203,0.05503467395375171,0.7279396932233262
2039,0.22065869981882874,0.06314328788408109,0.7161980122970901
2040,0.22400229947370345,0.07201864401358944,0.7039790565127072
2041,0.22704866791244419,0.08167457820177476,0.6912767538857811
2042,0.22979159447716152,0.0921174003265285,0.67809100519631
2043,0.2322265464628109,0.10334529324131769,0.6644281602958713
2044,0.2343507785518476,0.11534788030047267,0.6503013411476797
2045,0.23616341552817147,0.12810599059711608,0.6357305938747124
2046,0.23766550310392337,0.14159164564912094,0.6207428512469557
2047,0.23886002500661982,0.15576827990410522,0.6053716950892749
2048,0.23975187818476162,0.1705911947817129,0.5896569270335255
2049,0.2403478093206079,0.1860082422304153,0.5736439484489768
2050,0.24065630963684542,0.20196071119419773,0.557382979168957
2051,0.24068747245849745,0.2183843906369809,0.5409281369045217
2052,0.240452818344262,0.23521076625195972,0.5243364154037784
2053,0.23996509438470642,0.2523683044008833,0.5076666012144103
2054,0.23923805214334234,0.26978377846743196,0.4909781693892258
2055,0.23828621834928593,0.2873835810270094,0.4743302006237046
2056,0.237124661556248,0.305094982089065,0.45778035635468706
2057,0.23576876713184855,0.3228472866419325,0.441383946226219
2058,0.23423402402952037,0.34057286428869615,0.4251931116817834
2059,0.23253583486622262,0.35820801702137456,0.40925614811240285
2060,0.23068934802539814,0.3756936813740968,0.39361697060050505
2061,0.22870932099360808,0.3929759471188199,0.378314731887572
2062,0.226610014302971,0.4100064005104198,0.36338358518660924
2063,0.22440511498592755,0.42674230097938776,0.3488525840346847
2064,0.2221076931000907,0.4431466023503659,0.3347457045495434
2065,0.21973018494102844,0.4591878404703617,0.3210819745886097
2066,0.2172844045812269,0.4748399051358488,0.3078756902829244
2067,0.2147815777321249,0.4900817202273924,0.2951367020404828
2068,0.21223239738487235,0.5048968509859229,0.28287075162920483
2069,0.20964709439559565,0.5192730628395402,0.27107984276486413
2070,0.20703552509571332,0.5332018438772885,0.2597626310269981
2071,0.20440726736533277,0.5466779136243164,0.24891481901035092
2072,0.20177172588188885,0.5596987271482737,0.23852954696983733
2073,0.19913824361316534,0.572263987200097,0.2285977691867378
2074,0.19651621755845605,0.584375171872162,0.21910861056938186
2075,0.19391521538364076,0.5960350864970347,0.21004969811932453
2076,0.1913450942787516,0.6072474410686388,0.2014074646526097
2077,0.18881612020693303,0.6180164563387154,0.19316742345435156
2078,0.18633908281437656,0.6283465045666538,0.18531441261896978
2079,0.18392541283089522,0.6382417764119762,0.17783281075712853
2080,0.18158729292338552,0.6477059829872319,0.17070672408938256
2081,0.17933776771405954,0.656742085021536,0.16392014726440457
2082,0.1771908484618909,0.6653520516666588,0.15745709987145018
2083,0.1751616139368337,0.6735366456398061,0.15130174042336014
2084,0.17326630438877896,0.6812952351490369,0.14543846046218423
2085,0.17152240906963376,0.688625630056622,0.1398519608737442
2086,0.16994874613618002,0.6955239412913451,0.13452731257247494
2087,0.16856553122560972,0.7019844648281628,0.1294500039462276
2088,0.16739443482319194,0.7079995886431855,0.12460597653362263
2089,0.16645862561928784,0.7135597228947439,0.11998165148596818
2090,0.1657827955801769,0.7186532567863538,0.11556394763346933
2091,0.16539316639067478,0.723266540150949,0.11134029345837616
2092,0.16531747036839703,0.7273838957668696,0.10729863386473336
2093,0.1655849058842828,0.73098766102892,0.10342743308679715
2094,0.16622605989239675,0.7340582652626985,0.09971567484490483
2095,0.16727279441006732,0.7365743449705342,0.09615286061939848
2096,0.1687580935938324,0.738512899480528,0.09272900692563951
2097,0.17071586559232724,0.7398494923326187,0.08943464207505412
2098,0.17318069519253457,0.740558501692648,0.08626080311481736
2099,0.17618754438171114,0.7406134223235854,0.08319903329470356
