year,Model Uncertainty,Scenario Uncertainty,Inter-Annual Variability
1980,0.2850732266292133,0.002447415607476169,0.7124793577633105
1981,0.24669513390955386,0.0013379669791209606,0.7519668991113252
1982,0.21065642389957456,0.0006192585093146241,0.7887243175911107
1983,0.1774119759916873,0.00022063810443125588,0.8223673859038815
1984,0.1472853344027565,6.833450823714647e-05,0.8526463310890063
1985,0.12046666589773042,9.070432744688706e-05,0.8794426297748226
1986,0.09702216819587124,0.00022256862345769403,0.9027552631806711
1987,0.0769118275476209,0.00040830664712910154,0.9226798658052501
1988,0.060011911864712206,0.0006036157604279071,0.9393844723748599
1989,0.04613882818875068,0.0007760426929291923,0.9530851291183201
1990,0.03507168560132823,0.0009045156893833883,0.9640237987092883
1991,0.026571820499794636,0.0009781584308096334,0.9724500210693957
1992,0.020398406141413625,0.0009946617792912441,0.9786069320792952
1993,0.016319962132543848,0.0009584490219694945,0.9827215888454867
1994,0.014122050815412115,0.000878815698637603,0.9849991334859503
1995,0.013611713293675618,0.0007681700553075183,0.9856201166510168
1996,0.014619298506955659,0.0006404528711117198,0.9847402486219327
1997,0.01699833903447458,0.0005097804802191565,0.9824918804853063
1998,0.020624056775438306,0.00038932895376198745,0.9789866142707997
1999,0.025390992031377756,0.00029046253035765115,0.9743185454382646
2000,0.031210147904150918,0.0002220991382815769,0.9685677529575676
2001,0.038005953886036024,0.00019030109121051373,0.9618037450227535
2002,0.045713270965914085,0.0001980753933700885,0.9540886536407159
2003,0.05427459778836046,0.00024536596846754996,0.9454800362431719
2004,0.06363758287077917,0.00032921806602485934,0.9360331990631959
2005,0.0737529070545235,0.0004440929223763702,0.9258030000231001
2006,0.08457256585795543,0.0005823087504527501,0.9148451253915919
2007,0.09604855381427739,0.0007345825038415872,0.9032168636818809
2008,0.10813193353702973,0.0008906455639295885,0.8909774208990406
2009,0.12077225325239928,0.0010399065448994107,0.8781878402027012
2010,0.13391726763227535,0.0011721348926689188,0.8649105974750558
2011,0.1475129070984129,0.0012781411704284118,0.8512089517311588
2012,0.16150344051815935,0.0013504325331134617,0.8371461269487273
2013,0.17583177139678538,0.0013838255294687947,0.8227844030737458
2014,0.19043981880150052,0.0013760020693758456,0.8081841791291235
2015,0.20526893161962537,0.001327998899617851,0.7934030694807568
2016,0.22026029935933555,0.0012446241662139714,0.7784950764744506
2017,0.23535532703185383,0.0011347979973529631,0.7635098749707931
2018,0.2504959532395151,0.001011816546030249,0.7484922302144547
2019,0.2656248962732305,0.0008935408251863429,0.7334815629015831
2020,0.2806858247995486,0.0008025117670101001,0.7185116634334414
2021,0.29562345349087205,0.0007659937352156518,0.7036105527739124
2022,0.3103835714538843,0.0008159473074361443,0.6888004812386797
2023,0.3249130151183136,0.0009889314705696076,0.6740980534111167
2024,0.33915960097551834,0.0013259334089739075,0.6595144656155076
2025,0.35307203606024606,0.001872122626678177,0.6450558413130757
2026,0.36659982517139494,0.0026765245257790097,0.6307236503028261
2027,0.3796931932153848,0.0037916074445650677,0.6165151993400501
2028,0.39230304316173703,0.005272776337976293,0.6024241805002867
2029,0.4043809657032504,0.00717776659415769,0.588441267702592
2030,0.4158793177530097,0.009565932371790632,0.5745547498751996
2031,0.4267513816046645,0.012497426497161542,0.5607511918981739
2032,0.43695161676632427,0.016032271090903733,0.547016112142772
2033,0.4464360068184235,0.02022932475400762,0.5333346684275688
2034,0.4551625055154854,0.025145155483067404,0.5196923390014472
2035,0.46309157523921984,0.03083283705751615,0.506075587703264
2036,0.47018680854231804,0.03734069298565616,0.49247249847202584
2037,0.4764156143539752,0.04471101973724696,0.47887336590877794
2038,0.4817499484588548,0.05297882835565017,0.46527122318549513
2039,0.48616705688536516,0.06217064899386029,0.4516622941207746
2040,0.4896502015469976,0.07230344802961224,0.4380463504233902
2041,0.49218933020616784,0.08338370746938796,0.42442696232444416
2042,0.49378165490361514,0.0954067168452739,0.41081162825111106
2043,0.4944321016637343,0.10835612092682377,0.3972117774094419
2044,0.4941535997548004,0.1222037599618022,0.3836426402833975
2045,0.49296718413547097,0.13690982543043848,0.3701229904340905
2046,0.4909018934987542,0.15242334192483048,0.35667476457641534
2047,0.48799445642897926,0.1686829677956811,0.3433225757753397
2048,0.4842887697932148,0.1856180918861195,0.33009313832066584
2049,0.47983518297666217,0.20315018793723152,0.3170146290861063
2050,0.47468961508676194,0.2211943743458065,0.3041160105674316
2051,0.46891253766617436,0.23966111738569554,0.2914263449481302
2052,0.4625678641779885,0.25845800988600726,0.27897412593600424
2053,0.455721789650442,0.27749155666195063,0.2667866536876074
2054,0.4484416256062932,0.2966688991718711,0.2548894752218358
2055,0.4407946719850042,0.31589942161160883,0.24330590640338695
2056,0.4328471640965309,0.33509618784485445,0.23205664805861465
2057,0.4246633244879138,0.35417717361598383,0.22115950189610242
2058,0.4163045446710032,0.37306626830687806,0.2106291870221187
2059,0.4078287097483967,0.3916940367489484,0.20047725350265477
2060,0.3992896737894923,0.40999824156178616,0.1907120846487215
2061,0.39073688596478434,0.4279241361924716,0.18133897784274408
2062,0.3822151590879655,0.4454245500520697,0.17236029085996463
2063,0.3737645707571427,0.46245978872531024,0.16377564051754703
2064,0.3654204811883596,0.47899737883331217,0.15558213997832818
2065,0.3572136504397999,0.49501168772953147,0.14777466183066856
2066,0.34917043721939744,0.5104834475337207,0.14034611524688187
2067,0.34131306212597023,0.5253992106433634,0.1332877272306664
2068,0.33365991642206444,0.539750764513386,0.12658931906454957
2069,0.3262259034497956,0.553534524737521,0.12023957181268351
2070,0.3190227974315177,0.5667509275182648,0.11422627505021747
2071,0.31205960880603356,0.5794038351331648,0.10853655606080154
2072,0.30534294690759295,0.5914999664305464,0.10315708666186059
2073,0.2988773724696125,0.6030483603303051,0.09807426720008247
2074,0.29266573459520434,0.6140598784020446,0.09327438700275106
2075,0.2867094883487229,0.6245467492423445,0.08874376240893264
2076,0.28100899035863647,0.6345221564632166,0.08446885317814683
2077,0.27556377138059646,0.6439998696664696,0.0804363589529339
2078,0.2703727853215583,0.6529939173530149,0.07663329732542674
2079,0.26543463520530813,0.661518299201973,0.07304706559271884
2080,0.2607477768596506,0.6695867352646354,0.06966548787571404
2081,0.2563107017718666,0.6772124487106308,0.06647684951750261
2082,0.2521221001776301,0.6844079793444557,0.06346992047791407
2083,0.24818100664405748,0.6911850239119075,0.06063396944403503
2084,0.24448692962554378,0.6975543003626585,0.05795877001179763
2085,0.24103996584828016,0.7035254337109427,0.055434600440777256
2086,0.23784090238444944,0.7091068595657969,0.053052238049753675
2087,0.2348913068740839,0.7143057437087623,0.05080294941715388
2088,0.23219360713836626,0.7191279156519655,0.04867847720966837
2089,0.22975116200825135,0.7235778134453492,0.04667102454639953
2090,0.22756832290181817,0.7276584396624673,0.04477323743571456
2091,0.22565048843720725,0.7313713255711244,0.04297818599166846
2092,0.22400415103211405,0.7347165041673998,0.04127934480048625
2093,0.22263693606314633,0.7376924910547322,0.03967057288212146
2094,0.22155763436372305,0.7402962720389159,0.03814609359736114
2095,0.22077622640482059,0.7425232989076103,0.03670047468756926
2096,0.220303898380981,0.7443674928809654,0.03532860873805373
2097,0.22015304949860554,0.7458212563211679,0.03402569418022671
2098,0.2203372889892791,0.7468754940015601,0.03278721700916083
2099,0.22087142146414226,0.7475196452691233,0.031608933266734474
