year,Model Uncertainty,Scenario Uncertainty,Inter-Annual Variability
1980,0.15547802020501364,0.0029907110299739184,0.8415312687650125
1981,0.12837433107563853,0.002049935184743737,0.8695757337396177
1982,0.10421512635529599,0.0013185034544338488,0.8944663701902701
1983,0.08305418578981426,0.0007769837777821097,0.9161688304324036
1984,0.06486140209470224,0.0004025829523295664,0.9347360149529683
1985,0.04953602364635809,0.00017069003556177746,0.9502932863180801
1986,0.036922011554396166,5.6278023569268105e-05,0.9630217104220347
1987,0.026823785380926026,3.507480053932344e-05,0.9731411398185347
1988,0.019021003305057353,8.445995977478688e-05,0.9808945367351679
1989,0.01328147081858463,0.00018408306021317508,0.9865344461212021
1990,0.009371701883490105,0.0003162266675401296,0.9903120714489697
1991,0.007065010282358385,0.0004659543559475016,0.9924690353616941
1992,0.00614726378023696,0.0006210904696023439,0.9932316457501607
1993,0.006420589023402584,0.0007720779746501829,0.9928073330019473
1994,0.007705387688156415,0.0009117559789714952,0.9913828563328722
1995,0.009841038200208058,0.0010350909638613657,0.9891238708359306
1996,0.012685631634369912,0.001138888358413299,0.9861754800072168
1997,0.01611504083221216,0.0012215036847135952,0.9826634554830742
1998,0.020021571392282996,0.001282566620886085,0.978695861986831
1999,0.02431238293952948,0.0013227260547044005,0.9743648910057661
2000,0.028907826393293923,0.0013434212858457664,0.9697487523208603
2001,0.03373979557065298,0.0013466809483415557,0.9649135234810055
2002,0.03875016423583991,0.0013349504548068444,0.9599148853093533
2003,0.04388934708522084,0.0013109468940256982,0.9547997060207535
2004,0.0491150114103778,0.0012775402632631983,0.949607448326359
2005,0.05439094600211553,0.001237658975353037,0.9443713950225315
2006,0.05968608859606275,0.0011942181561374048,0.9391196932477999
2007,0.06497370274502279,0.0011500686264496122,0.9338762286285276
2008,0.07023069590444435,0.0011079648889894631,0.9286613392065662
2009,0.07543706366797417,0.001070550545942773,0.923492385786083
2010,0.08057544725798418,0.0010403593836485693,0.9183841933583673
2011,0.08563078921299117,0.00101983097655259,0.9133493798104562
2012,0.09059007407322882,0.0010113393007673641,0.9083985866260038
2013,0.09544214046210246,0.0010172332398763607,0.9035406262980211
2014,0.1001775547844665,0.0010398877010985648,0.8987825575144349
2015,0.10478853128162294,0.001081764618962066,0.8941297040994151
2016,0.10926889530531043,0.001145482478026365,0.8895856222166633
2017,0.11361407365400562,0.001233893665870428,0.885152032680124
2018,0.1178211120979679,0.0013501686224540778,0.8808287192795781
2019,0.12188870680732052,0.0014978859283749971,0.8766134072643045
2020,0.1258172497763159,0.0016811274308994608,0.8725016227927846
2021,0.12960887759717582,0.0019045771431522257,0.868486545259672
2022,0.13326752322482643,0.002173623169438923,0.8645588536057347
2023,0.13679896510430403,0.002494461025473741,0.8607065738702223
2024,0.14021086635974445,0.002874197183308379,0.8569149364569472
2025,0.14351280723426246,0.0033209504592701137,0.8531662423064674
2026,0.14671629742556222,0.003843950144090048,0.8494397524303477
2027,0.14983477202286502,0.004453627119796821,0.8457116008573382
2028,0.15288356082996776,0.005161696134787262,0.841954743035245
2029,0.15587982933065214,0.005981224913420697,0.8381389457559271
2030,0.15884248665421058,0.0069266867523879614,0.8342308265934014
2031,0.1617920508573673,0.008013992276600806,0.8301939568660319
2032,0.1647504731543616,0.009260494632731629,0.8259890322129068
2033,0.16774091063247876,0.010684964595361559,0.8215741247721596
2034,0.1707874469200459,0.012307528866090248,0.8169050242138638
2035,0.1739147555615741,0.014149567465723921,0.8119356769727021
2036,0.17714770614181766,0.01623356506599273,0.8066187287921897
2037,0.1805109128306286,0.01858291287431854,0.8009061742950528
2038,0.18402822972915095,0.021221658230238766,0.7947501120406103
2039,0.18772219652387562,0.024174200954196985,0.7881036025219275
2040,0.19161344764253302,0.02746493823752417,0.7809216141199428
2041,0.19572009666487888,0.03111786200569202,0.7731620413294291
2042,0.20005711383353733,0.03515611527830833,0.7647867708881544
2043,0.2046357168430849,0.03960151895977925,0.755762764197136
2044,0.209462799036039,0.04447408102660997,0.7460631199373511
2045,0.21454042211653207,0.049791505088455916,0.7356680727950121
2046,0.21986539624425394,0.0555687178676142,0.7245658858881319
2047,0.22542897682461133,0.061817433151458386,0.7127535900239304
2048,0.23121669627743802,0.06854577511314446,0.7002375286094176
2049,0.23720835025891984,0.0757579791960291,0.687033670545051
2050,0.24337814924965742,0.083454186070037,0.6731676646803055
2051,0.24969503792197537,0.091630344874995,0.6586746172030297
2052,0.2561231773946981,0.10027822925305394,0.643598593352248
2053,0.2626225762037386,0.10938557262884001,0.6279918511674214
2054,0.26914984809514425,0.11893631676667482,0.6119138351381809
2055,0.27565906823468495,0.12891096127070154,0.5954299704946135
2056,0.28210269315926506,0.1392870028996958,0.5786103039410392
2057,0.28843250882033755,0.15003944218340268,0.5615280489962596
2058,0.29460057225095443,0.16114133302353204,0.5442580947255136
2059,0.3005601089842315,0.1725643541903227,0.5268755368254457
2060,0.3062663413577428,0.18427937603579442,0.5094542826064627
2061,0.31167721798654824,0.19625700351658068,0.492065778496871
2062,0.31675403565600035,0.20846806947990618,0.4747778948640935
2063,0.321461933107401,0.22088407310316832,0.4576539937894306
2064,0.32577026621870325,0.23347753964979737,0.4407521941314993
2065,0.3296528549632635,0.24622230782868468,0.4241248372080517
2066,0.3330881237488837,0.2590937286499874,0.40781814760112894
2067,0.33605913428742373,0.27206879117760935,0.3918720745349669
2068,0.33855354036614427,0.2851261640465398,0.3763202955873159
2069,0.3405634675173183,0.2982461724021393,0.36119036008054234
2070,0.34208534429848636,0.31141070928358267,0.346503946417931
2071,0.34311969607798914,0.32460309495005174,0.3322772089719591
2072,0.3436709180804545,0.3378078915192408,0.3185211904003047
2073,0.34374703923740313,0.3510106831147962,0.30524227764780065
2074,0.34335949053625886,0.3641978278020951,0.29244268166164605
2075,0.3425228811897018,0.3773561938561814,0.2801209249541168
2076,0.34125479512448326,0.39047288209141107,0.2682723227841057
2077,0.3395756071668037,0.40353494486685626,0.25688944796634017
2078,0.3375083227090264,0.41652910572765617,0.24596257156331744
2079,0.3350784433718184,0.4294414835981636,0.235480073030018
2080,0.33231385369089883,0.4422573286538023,0.22542881765529896
2081,0.3292447297967873,0.4549607712282081,0.21579449897500452
2082,0.32590346621801625,0.4675345877119421,0.20656194607004144
2083,0.322324613287661,0.47995999065900263,0.19771539605333635
2084,0.31854482500617476,0.4922164408697576,0.18923873412406758
2085,0.3146028077048184,0.5042814898613266,0.18111570243385489
2086,0.31053926464882625,0.516130654910625,0.17333008044054868
2087,0.30639683016062896,0.5277373305954332,0.16586583924393786
2088,0.30221998689922497,0.5390727406671381,0.15870727243363703
2089,0.29805495846681285,0.5501059356685232,0.151839105864664
2090,0.29394957128293314,0.5608038399913605,0.14524658872570628
2091,0.28995308041908546,0.5711313520498028,0.1389155675311117
2092,0.2861159525434404,0.5810515015431458,0.13283254591341384
2093,0.28248960251294614,0.5905256667651256,0.12698473072192817
2094,0.2791260784309497,0.5995138551839116,0.12136006638513873
2095,0.27607769565353035,0.6079750456249586,0.11594725872151088
2096,0.27339661664223036,0.6158675946115407,0.11073578874622897
2097,0.27113438038367305,0.6231497020057856,0.10571591761054135
2098,0.26934138439127303,0.6297799326576278,0.10087868295109921
2099,0.26806632550232834,0.6357177872049672,0.09621588729270453
