year,Model Uncertainty,Scenario Uncertainty,Inter-Annual Variability
1980,0.06353346605823054,0.012315592249735479,0.924150941692034
1981,0.04999027519053122,0.007510007881524156,0.9424997169279445
1982,0.038880864957190266,0.004123632573770326,0.9569955024690394
1983,0.029968653308984503,0.0019126746260851332,0.9681186720649303
1984,0.02298331194815705,0.0006378987273264213,0.9763787893245165
1985,0.017644143419970375,7.723253818063021e-05,0.982278624041849
1986,0.013677924694694506,3.3638274421901434e-05,0.9862884370308836
1987,0.010831220516258568,0.0003389800140307734,0.9888297994697106
1988,0.008877858986649318,0.000854850754836314,0.9902672902585145
1989,0.007622570306262369,0.001471317166344771,0.9909061125273929
1990,0.006901824698884778,0.002104398722166023,0.9909937765789492
1991,0.006582786008724174,0.0026929071606122466,0.9907243068306636
1992,0.0065611144401299835,0.0031950842852733457,0.9902438012745967
1993,0.006758158876909581,0.0035853172017473326,0.9896565239213432
1994,0.007117910616786606,0.003851090448203336,0.9890309989350101
1995,0.0076039540423286246,0.003990249075010194,0.9884057968826612
1996,0.008196550442749041,0.004008592964889964,0.987794856592361
1997,0.008889922671542996,0.003917791022631929,0.987192286305825
1998,0.009689764966959367,0.0037335897078461817,0.9865766453251945
1999,0.01061097299086683,0.003474280509588555,0.9859147464995446
2000,0.011675582324357238,0.0031593986146145198,0.9851650190610282
2001,0.012910893037928294,0.002808623506011906,0.9842804834560599
2002,0.014347766005706896,0.002440861941605245,0.9832113720526878
2003,0.01601907411229755,0.002073496617641865,0.9819074292700606
2004,0.01795830308873429,0.001721791564572954,0.9803199053466927
2005,0.02019829795850535,0.0013984463726221196,0.9784032556688725
2006,0.0227701564257337,0.0011132956219345575,0.9761165479523318
2007,0.02570227519284697,0.0008731489244756237,0.9734245758826774
2008,0.02901955264226412,0.0006817677365201197,0.9702986796212157
2009,0.03274275322426638,0.0005399726699542952,0.9667172741057793
2010,0.03688803710305031,0.00044587252019690155,0.9626660903767528
2011,0.04146665072586032,0.0003952044698618136,0.958138144804278
2012,0.04648477454241868,0.0003817710648270697,0.9531334543927542
2013,0.05194351689707381,0.0003979585242759243,0.9476585245786502
2014,0.057839036306378704,0.0004353183400962061,0.9417256453535251
2015,0.06416277657804101,0.00048519399538261474,0.9353520294265764
2016,0.07090178927060752,0.0005393741149343417,0.9285588366144583
2017,0.07803912003512697,0.0005907547010511193,0.921370125263822
2018,0.08555423663141057,0.000633993857043114,0.9138117695115463
2019,0.09342347098159645,0.0006661449196534015,0.9059103840987502
2020,0.10162045867894486,0.0006872553587737881,0.8976922859622813
2021,0.11011655202236974,0.0007009212321918999,0.8891825267454383
2022,0.11888119521777744,0.0007147885791805183,0.880404016203042
2023,0.12788225027241518,0.0007409943037982207,0.8713767554237866
2024,0.13708626439953386,0.0007965400604407863,0.8621171955400253
2025,0.14645867791932554,0.0009035927718848066,0.8526377293087897
2026,0.15596397404360984,0.0010897047151751393,0.842946321241215
2027,0.1655657738649058,0.0013879455625696686,0.8330462805725246
2028,0.17522688467409847,0.0018369368953580244,0.8229361784305436
2029,0.184909314006939,0.0024807787718935876,0.8126099072211674
2030,0.19457425990638358,0.0033688557194796803,0.8020568843741367
2031,0.20418209422087125,0.004555509128359096,0.7912623966507697
2032,0.2136923546018301,0.006099561825607832,0.7802080835725621
2033,0.22306376172986803,0.008063681957165085,0.7688725563129669
2034,0.23225427748954147,0.01051357541037534,0.7572321471000832
2035,0.24122122478541744,0.013516997704614725,0.7452617775099677
2036,0.2499214777408609,0.01714258555557712,0.732935936703562
2037,0.25831173736759594,0.021458512348556093,0.720229750283848
2038,0.26634889987676375,0.02653098505756486,0.7071201150656714
2039,0.2739905205075895,0.03242260638790397,0.6935868731045066
2040,0.2811953701037837,0.039190646387628154,0.6796139835085881
2041,0.2879240748652019,0.04688527084673003,0.6651906542880681
2042,0.2941398215898916,0.05554779389819085,0.6503123845119175
2043,0.29980910470459887,0.06520902801994537,0.6349818672754558
2044,0.3049024880088676,0.07588780855468048,0.6192097034364519
2045,0.3093953402023605,0.0875897759082049,0.6030148838894346
2046,0.3132685098999487,0.10030648944504117,0.5864250006550101
2047,0.31650890098348816,0.11401493886714416,0.5694761601493677
2048,0.3191099137636847,0.12867749637988096,0.5522125898564344
2049,0.32107171740801227,0.14424233890629312,0.5346859436856946
2050,0.3224013375424464,0.16064433421484972,0.5169543282427039
2051,0.323112544397054,0.17780636556837334,0.4990810900345727
2052,0.32322554308643436,0.19564103601609506,0.4811334208974706
2053,0.32276647699957284,0.21405267997728306,0.4631808430231442
2054,0.321766770879507,0.23293958274767143,0.44529364637282154
2055,0.32026234071665854,0.2521963108910297,0.42754134839231184
2056,0.3182927139016544,0.2717160431431144,0.4099912429552312
2057,0.315900095758416,0.291392809107068,0.392707095134516
2058,0.3131284281360126,0.31112354655393193,0.3757480253100556
2059,0.3100224756070205,0.33080991013099875,0.35916761426198074
2060,0.30662697428571384,0.3503597818574294,0.3430132438568569
2061,0.30298586561077323,0.3696884605984668,0.3273256737907599
2062,0.29914163831305207,0.38871951787804254,0.3121388438089053
2063,0.295134788657034,0.4073853305227801,0.2974798808201859
2064,0.2910033990047191,0.42562731728489267,0.28336928371038833
2065,0.286782836646987,0.44339591195662414,0.2698212513963888
2066,0.2825055636379411,0.4606503108521815,0.25684412550987723
2067,0.278201046438155,0.4773580426351539,0.24444091092669099
2068,0.27389575419873285,0.49349439870094675,0.2326098471003203
2069,0.2696132288414249,0.5090417684610973,0.22134500269747787
2070,0.2653742134041645,0.5239889157305075,0.2106368708653279
2071,0.2611968276921354,0.5383302243006326,0.20047294800723203
2072,0.25709677418921195,0.5520649432522561,0.19083828255853197
2073,0.2530875667553333,0.5651964501977454,0.18171598304692121
2074,0.249180770143557,0.57773154937251,0.17308768048393297
2075,0.24538624604934722,0.5896798125511685,0.16493394139948425
2076,0.24171239564474187,0.6010529739455732,0.1572346304096848
2077,0.23816639762698863,0.6118643787198491,0.14996922365316226
2078,0.23475443609214577,0.6221284885257695,0.1431170753820846
2079,0.2314819169380087,0.631860442547019,0.1366576405149722
2080,0.22835367291956848,0.6410756696865364,0.13057065739389517
2081,0.2253741547756278,0.6497895504411932,0.1248362947831789
2082,0.2225476098440226,0.6580171233839928,0.11943526677198464
2083,0.21987824832956587,0.6657728315460123,0.11434892012442188
2084,0.21737039890931195,0.6730703033677856,0.10955929772290246
2085,0.2150286539384199,0.6799221643883064,0.10504918167327358
2086,0.21285800460814586,0.6863398763158719,0.10080211907598217
2087,0.21086397004863994,0.692333596062172,0.09680243388918805
2088,0.2090527188028836,0.6979120542644652,0.09303522693265105
2089,0.20743118552614973,0.7030824479824851,0.08948636649136513
2090,0.20600718239142182,0.7078503461936614,0.08614247141491686
2091,0.20478950896447215,0.7122196025982142,0.08299088843731368
2092,0.2037880574018382,0.7161922776777507,0.08001966492041097
2093,0.20301391733064952,0.7197685642953936,0.07721751837395692
2094,0.2024794773892857,0.7229467190519278,0.0745738035587866
2095,0.20219852630858004,0.725722995608075,0.072078478083345
2096,0.20218635143603148,0.7280915813683388,0.0697220671956296
2097,0.202459834330125,0.7300445377558249,0.06749562791405014
2098,0.2030375429926397,0.7315717435217656,0.06539071348559461
2099,0.203939818421063,0.7326608435392732,0.06339933803966387
