year,Model Uncertainty,Scenario Uncertainty,Inter-Annual Variability
1980,0.08925564168036637,0.007290724524209875,0.9034536337954236
1981,0.07208502723989378,0.00431102956974998,0.9236039431903562
1982,0.05799258911496297,0.0022659889951283448,0.9397414218899087
1983,0.04663434825259595,0.0009826519097618533,0.9523829998376421
1984,0.037626819983563396,0.00029326895741042607,0.9620799110590261
1985,0.030580692512989067,4.4390184008253554e-05,0.9693749173030027
1986,0.025125687978463835,0.00010223312861063944,0.9747720788929256
1987,0.020926904500656745,0.00035498289108209786,0.9787181126082611
1988,0.017693969977381867,0.0007128461585647436,0.9815931838640535
1989,0.01518470455087497,0.0011066403457362368,0.9837086551033888
1990,0.013204957680254661,0.00148555867773835,0.9853094836420071
1991,0.01160601232303306,0.001814579489084627,0.9865794081878823
1992,0.010280614180891856,0.0020718316738172872,0.9876475541452909
1993,0.00915836431625072,0.002246100309377928,0.9885955353743714
1994,0.008200942607386914,0.00233456684103677,0.9894644905515764
1995,0.00739743122952308,0.0023408175076528727,0.990261751262824
1996,0.006759865731846678,0.002273117920263408,0.9909670163478899
1997,0.0063190558419550635,0.0021429341766172993,0.9915380099814276
1998,0.006120669022286413,0.0019636744712279094,0.9919156565064857
1999,0.006221545504842698,0.0017496245563327244,0.9920288299388247
2000,0.0066862169179903045,0.0015150562339162803,0.9917987268480936
2001,0.007583606353194634,0.0012734927851262136,0.9911429008616791
2002,0.00898390776993079,0.0010371210737606653,0.9899789711563085
2003,0.010955658377972745,0.0008163459998357614,0.9882279956221914
2004,0.013563038284416865,0.0006194842648460045,0.985817477450737
2005,0.01686344120019165,0.00045259757780310647,0.9826839612220053
2006,0.020905369740290548,0.00031946314117884365,0.9787751671185305
2007,0.025726707692257173,0.00022167838408124435,0.9740516139236616
2008,0.031353415083530095,0.00015889229135877716,0.9684876926251111
2009,0.0377986743204858,0.0001291522007717285,0.9620721734787425
2010,0.04506250480577665,0.00012935022397116258,0.9548081449702522
2011,0.05313182965498495,0.00015574986503568355,0.9467124204799794
2012,0.06198096858702236,0.0002045706052453481,0.9378144608077322
2013,0.07157249969930272,0.00027260677009295224,0.9281548935306043
2014,0.08185842392066471,0.00035785699877592463,0.9177837190805593
2015,0.09278155155496806,0.00046014215342575753,0.9067583062916061
2016,0.1042770283184535,0.0005816919837312849,0.8951412796978153
2017,0.11627391445246124,0.0007276843031399359,0.8829984012443988
2018,0.12869674604356574,0.0009067240290862033,0.8703965299273482
2019,0.1414670135932133,0.001131253324334625,0.8574017330824522
2020,0.1545045012452719,0.001417886799708218,0.8440776119550198
2021,0.16772846278476708,0.0017876689685882396,0.8304838682466447
2022,0.18105860475099936,0.0022662518964299523,0.8166751433525707
2023,0.19441587775769537,0.0028839924411044413,0.8027001298012002
2024,0.20772307965056738,0.0036759676241882103,0.7886009527252444
2025,0.22090528710606028,0.004681906700384963,0.7744128061935548
2026,0.233890141321971,0.005946035801615039,0.760163822876414
2027,0.2466080153229139,0.0075168310394970895,0.7458751536375889
2028,0.25899209662315203,0.00944667265112881,0.7315612307257191
2029,0.2709784147859542,0.011791392913789058,0.7172301923002568
2030,0.2825058480047339,0.014609709105964824,0.7028844428893013
2031,0.29351613901848345,0.017962532835094767,0.6885213281464218
2032,0.3039539428220152,0.021912149900512785,0.6741339072774721
2033,0.3137669358015034,0.02652126475729186,0.6597117994412048
2034,0.3229059920063181,0.031851912407535356,0.6452420955861466
2035,0.3313254491770029,0.03796424085627579,0.6307103099667212
2036,0.338983462427518,0.04491518082006211,0.61610135675242
2037,0.34584244082998344,0.05275702258911248,0.6014005365809041
2038,0.35186956380237366,0.06153593307638826,0.5865945031212382
2039,0.35703735128043146,0.07129045645782889,0.5716721922617397
2040,0.36132427140090034,0.08205004505056296,0.5566256835485367
2041,0.36471534465253674,0.09383368555475712,0.5414509697927061
2042,0.3672027153166457,0.10664868024915788,0.5261486044341963
2043,0.3687861493391629,0.1204896501229925,0.5107242005378446
2044,0.36947341821302837,0.135337824120903,0.4951887576660686
2045,0.3692805314987622,0.15116066869790937,0.47955879980332855
2046,0.36823178766719683,0.16791190163503544,0.4638563106977678
2047,0.366359621392,0.1855319122316135,0.4481084663763865
2048,0.3637042309698045,0.20394859842837273,0.43234717060182287
2049,0.3603129888283369,0.2230785979812327,0.4166084131904304
2050,0.356239646248759,0.24282887749926493,0.4009314762519761
2051,0.3515433629836182,0.26309861223692704,0.38535802477945463
2052,0.3462875874461052,0.28378128856693974,0.36993112398695494
2053,0.34053884327812656,0.3047669313378148,0.35469422538405854
2054,0.33436546778805615,0.32594436332517057,0.3396901688867732
2055,0.3278363489896072,0.34720341020239237,0.3249602408080005
2056,0.3210197162021905,0.3684369589696298,0.31054332482817976
2057,0.3139820243201374,0.3895428024077608,0.2964751732721018
2058,0.30678696570032926,0.41042521349905114,0.2827878208006195
2059,0.2994946395527197,0.43099621244972586,0.26950914799755443
2060,0.2921608899264873,0.45117650999392533,0.2566626000795873
2061,0.28483682136708793,0.4708961264835099,0.24426705214940211
2062,0.27756848655565436,0.4900947034291116,0.232336810015234
2063,0.2703967384206939,0.508721532238289,0.2208817293410171
2064,0.26335722634362985,0.5267353404969637,0.2099074331594065
2065,0.25648052004771626,0.5441038735464114,0.1994156064058723
2066,0.24979233701183326,0.5608033162670456,0.18940434672112108
2067,0.2433138520709784,0.5768175965962774,0.17986855133274407
2068,0.2370620655565067,0.5921376120506329,0.17080032239286033
2069,0.23105021162856643,0.6067604127037461,0.16218937566768746
2070,0.22528818949313018,0.6206883709261267,0.1540234395807431
2071,0.21978299908456111,0.6339283652614778,0.14628863565396114
2072,0.214539174954158,0.646490992474808,0.13896983257103393
2073,0.20955920218598356,0.6583898284592227,0.1320509693547938
2074,0.2048439127088888,0.6696407419571644,0.12551534533394693
2075,0.2003928557284762,0.6802612687001554,0.11934587557136846
2076,0.19620463724393264,0.6902700510147057,0.11352531174136174
2077,0.192277230753614,0.6996863387253107,0.10803643052107527
2078,0.18860825769337428,0.7085295513464601,0.10286219096016555
2079,0.18519523797590146,0.7168188986592591,0.09798586336483939
2080,0.1820358130096148,0.7245730543102143,0.09339113268017081
2081,0.17912794302258214,0.7318098780368882,0.08906217894052959
2082,0.17647008164438846,0.7385461805460277,0.08498373780958372
2083,0.17406132762576781,0.7447975287194277,0.08114114365480446
2084,0.17190156031354853,0.750578081520138,0.07752035816631346
2085,0.16999155668318014,0.7559004570937453,0.07410798622307453
2086,0.16833309479482336,0.76077562354305,0.07089128166212662
2087,0.16692904515826928,0.7652128102823114,0.06785814455941934
2088,0.16578345002208028,0.7692194383287243,0.06499711164919537
2089,0.16490159451482775,0.7728010639043912,0.062297341580781075
2090,0.16429006789484987,0.775961336243965,0.0597485958611851
2091,0.1639568175414349,0.7787019655986884,0.057341216859876684
2092,0.16391119547936656,0.7810227009031336,0.055066103617499744
2093,0.1641639970335759,0.7829213167431849,0.05291468622323925
2094,0.16472749219044908,0.7843936084308867,0.05087889937866434
2095,0.1656154481376393,0.785433396204602,0.048951155657758684
2096,0.16684314259332544,0.786032538544631,0.047124318862043525
2097,0.16842736665928518,0.7861809554917548,0.04539167784896
2098,0.17038641454137984,0.7858666644351461,0.04374692102347417
2099,0.17274005986188554,0.7850758283462415,0.042184111791872994
