year,Model Uncertainty,Scenario Uncertainty,Inter-Annual Variability
1980,0.12650506067414105,0.004239891839373478,0.8692550474864854
1981,0.10545735770390631,0.0024906544933077173,0.892051987802786
1982,0.0869597967538988,0.0013331159332852182,0.911707087312816
1983,0.07092350765847079,0.0006461337444389248,0.9284303585970902
1984,0.05720622036454685,0.000316732318556878,0.9424770473168962
1985,0.0456309034734394,0.00024435007515873265,0.9541247464514019
1986,0.03600227866711313,0.00034326243596732376,0.9636544588969195
1987,0.02812037212884771,0.0005434676148307123,0.9713361602563215
1988,0.021790845762616022,0.0007903944852504672,0.9774187597521335
1989,0.01683226338691434,0.0010437899552058602,0.9821239466578798
1990,0.013080684669802034,0.001276098854492597,0.9856432164757054
1991,0.010392083932861106,0.0014705842896139312,0.988137331777525
1992,0.008643094521111706,0.001619371149632457,0.9897375343292557
1993,0.0077305365447166,0.001721536775342067,0.9905479266799413
1994,0.007570109748809708,0.001781326453073541,0.9906485637981167
1995,0.008094555921155839,0.0018065381773683974,0.9900989059014759
1996,0.00925152512588554,0.0018070979459160975,0.9889413769281984
1997,0.01100131499967693,0.0017938330774432691,0.9872048519228798
1998,0.013314609013492334,0.0017774423874236276,0.9849079485990841
1999,0.01617029816961599,0.0017676584231408623,0.9820620434072431
2000,0.019553447674112625,0.0017725947888716817,0.9786739575370158
2001,0.02345344723713853,0.0017982708076533173,0.9747482819552081
2002,0.02786237157223222,0.001848304904613445,0.9702893235231543
2003,0.03277356633972149,0.0019237674832306181,0.965302666177048
2004,0.038180463176717284,0.002023182501484455,0.9597963543217982
2005,0.04407562750434976,0.0021426653575436936,0.9537817071381066
2006,0.05045002695939095,0.002276183192033773,0.9472737898485752
2007,0.057292509648356985,0.0024159212219182526,0.9402915691297247
2008,0.0645894745639923,0.0025527382686278918,0.9328577871673798
2009,0.0723247080828809,0.0026766926154359097,0.9249985993016833
2010,0.08047936595815502,0.002777620325257269,0.9167430137165876
2011,0.08903206753438025,0.002845747217541187,0.9081221852480786
2012,0.09795907698911566,0.0028723178488527347,0.8991686051620317
2013,0.1072345417174502,0.002850225966085444,0.8899152323164644
2014,0.11683076052284296,0.002774633179153529,0.8803946062980035
2015,0.12671845886015953,0.00264356440501366,0.8706379767348268
2016,0.13686704769863844,0.0024584710592320392,0.8606744812421295
2017,0.1472448526661746,0.0022247548506418016,0.8505303924831836
2018,0.157819296847508,0.0019522458372532385,0.8402284573152389
2019,0.1685570303903106,0.0016556296847873167,0.8297873399249021
2020,0.1794240036953476,0.0013548191059296714,0.8192211771987227
2021,0.1903854835892036,0.0010752632609573026,0.8085392531498392
2022,0.20140601399935865,0.000848188488948346,0.7977457975116931
2023,0.21244933142641004,0.0007107608519064684,0.7868399077216836
2024,0.22347824455064133,0.0007061595519475009,0.7758155958974112
2025,0.23445449026435042,0.0008835472040593556,0.7646619625315902
2026,0.2453385810405024,0.0012979205331638043,0.7533634984263338
2027,0.2560896657567333,0.0020098235226201962,0.7419005107206466
2028,0.26666541749758454,0.0030849029033282716,0.7302496795990872
2029,0.27702197160554154,0.004593286635144132,0.7183847417593143
2030,0.2871139351128663,0.006608767112949846,0.7062772977741839
2031,0.2968944879041872,0.00920777481322949,0.6938977372825833
2032,0.3063155909683396,0.012468133966145586,0.6812162750655149
2033,0.315328320251439,0.016467601599893373,0.6682040781486678
2034,0.3238833363232675,0.02128220116032081,0.6548344625164115
2035,0.33193149132505523,0.02698437865346923,0.6410841300214757
2036,0.3394245740482206,0.03364102154288194,0.6269344044088975
2037,0.3463161738775818,0.041311403049923374,0.612372423072495
2038,0.3525626483244486,0.05004512190666523,0.5973922297688861
2039,0.35812415346076565,0.05988013148704407,0.5819957150521903
2040,0.36296569933175876,0.07084095277172234,0.5661933478965189
2041,0.3670581771708097,0.0829371752942939,0.5500046475348963
2042,0.37037930819179166,0.09616233949873854,0.5334583523094697
2043,0.3729144499435707,0.1104932895726837,0.5165922604837455
2044,0.37465721811191727,0.12589005469275108,0.4994527271953317
2045,0.37560987382102456,0.14229629738417007,0.4820938287948054
2046,0.37578344807759756,0.15964032763772384,0.46457622428467854
2047,0.3751975847846022,0.1778366519136008,0.44696576330179705
2048,0.37388010915191594,0.19678798674306167,0.42933190410502237
2049,0.3718663352452304,0.2163876435094094,0.41174602124536014
2050,0.36919815365879377,0.23652216180365088,0.39427968453755535
2051,0.3659229414584687,0.25707406912399033,0.3770029894175409
2052,0.36209235553940233,0.2779246297391791,0.3599830147214185
2053,0.357761066580507,0.2989564651279244,0.3432824682915686
2054,0.35298549285550274,0.32005594097239387,0.32695856617210334
2055,0.3478225896331928,0.34111523775722674,0.3110621726095805
2056,0.34232873440837697,0.36203405247406395,0.29563721311755914
2057,0.33655874767909744,0.38272090029291017,0.28072035202799234
2058,0.3305650683805942,0.4030940162266772,0.26634091539272875
2059,0.32439709466569283,0.42308187289396654,0.2525210324403405
2060,0.3181006955308786,0.4426233488495882,0.2392759556195332
2061,0.31171788257745225,0.461667594619095,0.2266145228034527
2062,0.30528662870742945,0.4801736489361942,0.2145397223563763
2063,0.29884081765061166,0.49810985866409374,0.20304932368529452
2064,0.2924103024074065,0.5154531570626292,0.1921365405299644
2065,0.2860210532388728,0.532188246230704,0.1817907005304233
2066,0.2796953721062761,0.5483067307483578,0.17199789714536615
2067,0.2734521583360779,0.563806233994055,0.16274160766986717
2068,0.2673072049023029,0.5786895294720571,0.15400326562563987
2069,0.2612735143482546,0.5929637066729889,0.14576277897875645
2070,0.2553616193997868,0.6066393896298795,0.13799899097033372
2071,0.24957990238904457,0.6197300152274426,0.13069008238351298
2072,0.24393490263941703,0.6322511811113624,0.12381391624922064
2073,0.23843160991534573,0.6442200618576331,0.11734832822702115
2074,0.23307373940884335,0.6556548940509198,0.11127136654023674
2075,0.22786398571569336,0.6665745281670384,0.1055614861172682
2076,0.22280425559325628,0.6769980423868763,0.1001977020198674
2077,0.217895879823592,0.686944413068154,0.09515970710825397
2078,0.21313980437008032,0.696432236828218,0.09042795880170167
2079,0.2085367622156275,0.7054794980611852,0.08598373972318746
2080,0.2040874275001982,0.7141033765168586,0.08180919598294308
2081,0.1997925521329533,0.7223200903259481,0.07788735754109855
2082,0.19565308918785562,0.7301447675680582,0.07420214324408618
2083,0.1916703021184222,0.7375913435404442,0.07073835434113372
2084,0.1878458629541304,0.7446724787982799,0.06748165824758973
2085,0.1841819402574765,0.7513994945239004,0.0644185652186231
2086,0.18068127792839925,0.7577823225191557,0.06153639955244517
2087,0.17734726780165969,0.7638294652309137,0.058823266967426624
2088,0.17418401408492737,0.7695479666465515,0.056268019268521104
2089,0.1711963934266746,0.7749433891227498,0.05386021745057553
2090,0.16839010951673825,0.7800197963421863,0.05159009414107551
2091,0.16577174328909577,0.7847797409410858,0.04944851576981846
2092,0.16334879942955216,0.7892242552859711,0.047426945284476725
2093,0.1611297484752144,0.7933528458432326,0.04551740568155296
2094,0.15912406555109812,0.797163489816986,0.0437124446319159
2095,0.15734226470125892,0.8006526348652283,0.04200510043351282
2096,0.15579592865552083,0.8038152018146959,0.04038886952978313
2097,0.1544977343918506,0.8066445899814588,0.03885767562669053
2098,0.1534614717844292,0.8091326878062177,0.037405840409352985
2099,0.15270205642452944,0.811269887545305,0.03602805603016537
