year,Model Uncertainty,Scenario Uncertainty,Inter-Annual Variability
1980,0.2871821389659558,0.004059176678803417,0.7087586843552407
1981,0.2536352106874479,0.0024325304603026333,0.7439322588522495
1982,0.2220395958428113,0.0013002030954237115,0.776660201061765
1983,0.19262341466066782,0.0005910544655274361,0.8067855308738047
1984,0.1655286086883183,0.00022737308275590692,0.8342440182289257
1985,0.1408221946723238,0.00013041394675832326,0.8590473913809179
1986,0.11851165251030686,0.00022503973091504896,0.881263307758778
1987,0.09856189408674797,0.00044321633953580894,0.9009948895737162
1988,0.08091169553374054,0.0007263221847600445,0.9183619822814995
1989,0.06548810103380703,0.00102637847430418,0.9334855204918888
1990,0.0522179213750855,0.0013063907480808134,0.9464756878768337
1991,0.04103598438919017,0.0015400166946876153,0.9574239989161222
1992,0.031890168246977255,0.0017107636960217616,0.9663990680570009
1993,0.024743500973088244,0.0018108856772776508,0.9734456133496341
1994,0.019573742197191973,0.00184010924038588,0.9785861485624221
1995,0.01637093041830571,0.0018042824566426902,0.9818247871250516
1996,0.015133402056102425,0.0017140100027214008,0.9831525879411762
1997,0.01586278873340153,0.0015833185578473948,0.982553892708751
1998,0.018558491100434067,0.0014283845233428536,0.9800131243762231
1999,0.023212109159887664,0.0012663506579222408,0.9755215401821901
2000,0.029802277086672466,0.0011142567398771932,0.9690834661734503
2001,0.03829030052185157,0.0009881088650521917,0.9607215906130963
2002,0.04861692191847837,0.000902111031597927,0.9504809670499238
2003,0.06070044186980935,0.0008680789267633928,0.9384314792034273
2004,0.07443631135879193,0.0008950498293419597,0.9246686388118661
2005,0.08969818256178691,0.000989092989913172,0.9093127244483
2006,0.1063402870558041,0.0011533145652068552,0.892506398378989
2007,0.12420090761670426,0.0013880396786743637,0.8744110527046213
2008,0.14310663240024102,0.0016911445308069304,0.855202223068952
2009,0.16287704404507178,0.002058503776377858,0.8350644521785503
2010,0.18332949853467576,0.0024845151577596414,0.8141859863075647
2011,0.20428367472544776,0.002962662010834212,0.7927536632637181
2012,0.2255656424315359,0.0034860784114244025,0.7709482791570397
2013,0.24701126611869398,0.004048086670929282,0.7489406472103767
2014,0.2684688413267983,0.004642684504647325,0.7268884741685543
2015,0.28980093029927806,0.005264966232075032,0.7049341034686469
2016,0.3108854315015216,0.005911471080775829,0.6832030974177025
2017,0.33161595301177416,0.00658045609565047,0.6618035908925752
2018,0.3519015982721487,0.007272097720271967,0.6408263040075793
2019,0.3716662816125795,0.00798862844741609,0.6203450899400045
2020,0.3908476931032112,0.008734417117163986,0.6004178897796248
2021,0.40939602678775144,0.009516001887240468,0.581087971325008
2022,0.42727257136817465,0.010342085066773,0.5623853435650522
2023,0.44444824676357175,0.011223496863621984,0.5443282563728061
2024,0.46090215333365847,0.01217313538746058,0.526924711278881
2025,0.47662018239711673,0.013205886641436093,0.5101739309614471
2026,0.4915937247223482,0.014338528168697228,0.49406774710895457
2027,0.5058184989498521,0.01558961772293378,0.47859188332721414
2028,0.519293512684682,0.016979367023682426,0.46372712029163554
2029,0.5320201628976904,0.01852949974328418,0.4494503373590255
2030,0.5440014747986358,0.020263091886846954,0.4357354333145173
2031,0.555241474746595,0.02220439226709858,0.42255413298630634
2032,0.565744691829631,0.024378619979167033,0.40987668819120193
2033,0.5755157792341503,0.026811736989111015,0.39767248377673875
2034,0.584559247579295,0.02953019229842489,0.38591056012228026
2035,0.5928792996291623,0.03256063705928756,0.37456006331155
2036,0.6004797588306844,0.03592960915383651,0.3635906320154791
2037,0.6073640811574963,0.039663187164490785,0.3529727316780129
2038,0.6135354417452874,0.043786616211810576,0.3426779420429021
2039,0.6189968860855928,0.04832390850263342,0.3326792054117738
2040,0.6237515359928659,0.05329742356564357,0.3229510404414906
2041,0.6278028402497191,0.05872743585968661,0.31346972389059424
2042,0.631154858484423,0.06463169793074945,0.30421344358482755
2043,0.633812567376681,0.07102501000501024,0.2951624226183088
2044,0.6357821757132797,0.07791880860571343,0.2862990156810069
2045,0.6370714369308003,0.08532078708852789,0.27760777598067177
2046,0.6376899469573502,0.0932345610020651,0.2690754920405848
2047,0.637649411694894,0.10165939412756378,0.2606911941775423
2048,0.6369638763150279,0.11058999595326277,0.2524461277317093
2049,0.6356499034289871,0.12001640265857635,0.2443336939124365
2050,0.6337266907358174,0.12992395087188627,0.23634935839229623
2051,0.63121612261848,0.14029334948053512,0.22849052790098473
2052,0.6281427508062852,0.1511008517126745,0.22075639748104026
2053,0.6245337023185945,0.1623185265240749,0.21314777115733052
2054,0.620418517045493,0.1739146225117082,0.2056668604427987
2055,0.615828919104531,0.1858540153994489,0.19831706549602005
2056,0.610798529508974,0.19809872609070073,0.1911027444003254
2057,0.605362530958345,0.21060849205032103,0.1840289769913339
2058,0.5995572948996227,0.2233413752749115,0.17710132982546578
2059,0.5934199846230388,0.23625438797582357,0.17032562740113769
2060,0.5869881493558596,0.2493041141269916,0.1637077365171487
2061,0.5802993198536042,0.26244731217676653,0.15725336796962924
2062,0.5733906204985498,0.2756414796198991,0.15096789988155093
2063,0.5662984087358491,0.28884536537609257,0.1448562258880583
2064,0.5590579492896977,0.3020194208555691,0.13892262985473305
2065,0.5517031330426475,0.31512617880365223,0.13317068815370026
2066,0.5442662444280635,0.3281305563523908,0.1276031992195457
2067,0.5367777791143731,0.34100008161002654,0.12222213927560041
2068,0.529266314787998,0.3537050428114234,0.11702864240057849
2069,0.5217584318458697,0.3662185657103604,0.11202300244376989
2070,0.514278683639453,0.3785166224427041,0.10720469391784293
2071,0.5068496084169751,0.3905779827271196,0.10257240885590531
2072,0.4994917831685687,0.40238411047921263,0.09812410635221867
2073,0.4922239098589385,0.41391901831573696,0.09385707182532466
2074,0.48506292999823813,0.4251690869162456,0.08976798308551631
2075,0.47802416229060385,0.4361228572401377,0.08585298046925849
2076,0.47112145695901625,0.44677080422052695,0.08210773882045679
2077,0.46436736240585347,0.4571050982476848,0.07852753934646177
2078,0.4577732991240083,0.46711936127511633,0.07510733960087541
2079,0.45134973679737095,0.4768084228267695,0.07184184037585961
2080,0.4451063711384103,0.4861680802345097,0.06872554862708002
2081,0.43905229794144773,0.4951948665045143,0.06575283555403805
2082,0.4331961806006308,0.5038858298309379,0.06291798956843137
2083,0.4275464102889252,0.5122383258144958,0.06021526389657908
2084,0.4221112563054927,0.5202498249564131,0.057638918738094146
2085,0.41689900580748684,0.5279177360446851,0.055183258147828144
2086,0.4119180913299797,0.5352392468168661,0.0528426618531542
2087,0.4071772056910404,0.5422111820405904,0.0506116122683693
2088,0.4026854032560692,0.5488298796468171,0.04848471709711363
2089,0.3984521869522574,0.5550910851604685,0.046456727887274
2090,0.3944875805896013,0.5609898644741573,0.044522554936241306
2091,0.39080218560484087,0.5665205354131352,0.0426772789820238
2092,0.38740722198435623,0.5716766179923332,0.040916160023310486
2093,0.38431455214876464,0.5764508041882109,0.039234643663024336
2094,0.38153668803740576,0.5808349465821571,0.037628365380436964
2095,0.3790867794442478,0.5848200676384543,0.03609315291729786
2096,0.37697858402563433,0.5883963887290061,0.03462502724535949
2097,0.37522641731861234,0.5915533804483896,0.03322020223299799
2098,0.37384508297245983,0.5942798337050766,0.031875083322463534
2099,0.37284978158986115,0.5965639530321765,0.030586265377962222
