year,Model Uncertainty,Scenario Uncertainty,Inter-Annual Variability
1980,0.13673664989503928,0.0015673603493157526,0.861695989755645
1981,0.11489163591345562,0.001154578398761977,0.8839537856877825
1982,0.09559680383948255,0.0008224872779145512,0.9035807088826029
1983,0.07877700261570235,0.0005622571730815165,0.9206607402112162
1984,0.06431007154641942,0.00036536664355764625,0.935324561810023
1985,0.05203922910746437,0.00022385636789734703,0.9477369145246384
1986,0.041784928705450905,0.0001304855415925549,0.9580845857529565
1987,0.033355456616425604,7.88002615365527e-05,0.9665657431220379
1988,0.0265558485075652,6.312938028943074e-05,0.9733810221121453
1989,0.021194963567466227,7.852555353392507e-05,0.978726510879
1990,0.01709075071089607,0.00012066924337783749,0.982788580045726
1991,0.014073872829144908,0.00018575177210537595,0.9857403753987497
1992,0.011989928157197032,0.00027035088685279887,0.9877397209559502
1993,0.010700532600454534,0.00037130925603943,0.988928158143506
1994,0.010083524286800101,0.0004856238187416954,0.9894308518944582
1995,0.010032522533744526,0.0006103511648252013,0.9893571263014302
1996,0.010456043526418678,0.0007425324838699137,0.9888014239897114
1997,0.01127633363436151,0.000879139857502395,0.987844526508136
1998,0.012428048306939301,0.001017044447357122,0.9865549072457036
1999,0.013856871374638634,0.0011530067550385482,0.9849901218703229
2000,0.015518144608740354,0.0012836881654938184,0.9831981672257658
2001,0.01737555326301477,0.0014056825009980051,0.9812187642359873
2002,0.019399900737867414,0.001515566637002952,0.9790845326251296
2003,0.02156798825012626,0.0016099684797303531,0.9768220432701433
2004,0.023861610581398757,0.0016856510674597863,0.9744527383511415
2005,0.026266668752273233,0.0017396107486741842,0.9719937204990525
2006,0.028772398122918066,0.001769188398520324,0.9694584134785617
2007,0.03137070706984467,0.0017721918330387094,0.9668571010971166
2008,0.0340556177821568,0.0017470278639030409,0.96419735435394
2009,0.0368228020876837,0.0016928427412473293,0.961484355171069
2010,0.0396692022312919,0.0016096692666474057,0.9587211285020606
2011,0.0425927287292087,0.0014985795257486446,0.9559086917450427
2012,0.04559202361967758,0.0013618413637563533,0.9530461350165661
2013,0.04866628387686254,0.001203077697203695,0.9501306384259338
2014,0.05181513138364818,0.0010274266592834344,0.9471574419570684
2015,0.05503852638006563,0.0008417013936413287,0.9441197722262932
2016,0.05833671170394898,0.0006545473240125304,0.9410087409720385
2017,0.061710184124863954,0.0004765948862920609,0.937813220988844
2018,0.0651596826603859,0.00032060528690684465,0.9345197120527072
2019,0.06868618996231216,0.00020160600212849414,0.9311122040355594
2020,0.07229093845995001,0.00013701267601903065,0.927572048864031
2021,0.07597541706915728,0.00014673297514756958,0.9238778499556952
2022,0.07974137283131726,0.0002532473532703369,0.9200053798154124
2023,0.0835908014657136,0.00048166091147090984,0.9159275376228154
2024,0.08752592514654968,0.000859719619941202,0.9116143552335092
2025,0.09154915165437374,0.0014177835626306941,0.9070330647829955
2026,0.09566301197247187,0.0021887491466767058,0.9021482388808514
2027,0.09987007495864612,0.003207911901240434,0.8969220131401133
2028,0.10417283680311912,0.004512761272236403,0.8913144019246445
2029,0.10857358470234664,0.006142699747936788,0.8852837155497166
2030,0.11307423482420192,0.008138678535014626,0.8787870866407834
2031,0.11767614693056554,0.010542745412558594,0.8717811076568759
2032,0.12237991888912887,0.013397500580350545,0.8642225805305206
2033,0.12718516457139928,0.016745462233669052,0.8560693731949316
2034,0.13209028337296722,0.02062834491989303,0.8472813717071398
2035,0.1370922266510552,0.025086261667934304,0.8378215116810105
2036,0.1421862732435694,0.030156863484950853,0.8276568632714797
2037,0.14736582168500334,0.035874437588691965,0.8167597407263046
2038,0.15262221355987657,0.04226899033236567,0.8051087961077579
2039,0.15794459516021445,0.04936534803063379,0.7926900568091517
2040,0.16331983282166637,0.05718230815911257,0.779497859019221
2041,0.16873248865850463,0.06573188123309825,0.7655356301083971
2042,0.1741648652107323,0.07501866144025864,0.750816473349009
2043,0.1795971229192645,0.08503936038699209,0.7353635166937436
2044,0.1850074739024462,0.09578253567728942,0.7192099904202645
2045,0.1903724456619469,0.10722853712883046,0.7023990172092226
2046,0.19566721214279847,0.11934968407596538,0.6849831037812362
2047,0.20086597731059097,0.1321106751675225,0.6670233475218865
2048,0.20594240162263835,0.1454692222474561,0.6485883761299056
2049,0.21087005142857806,0.1593768811395728,0.6297530674318491
2050,0.21562285618482438,0.17378005306346467,0.6105970907517109
2051,0.2201755533315752,0.18862111191701528,0.5912033347514095
2052,0.22450410609727195,0.20383960859766806,0.5716562853050601
2053,0.22858607783808182,0.21937350691651666,0.5520404152454015
2054,0.2324009501467077,0.23516040056080548,0.5324386492924869
2055,0.235930380159728,0.25113866734023,0.5129309525000421
2056,0.23915838687523497,0.2672485211605214,0.4935930919642437
2057,0.24207147060791132,0.2834329333664928,0.4744955960255959
2058,0.2446586654366393,0.29963840199568015,0.45570293256768046
2059,0.2469115298412786,0.3158155568489095,0.4372729133098119
2060,0.24882408560094854,0.3319195985874476,0.41925631581160383
2061,0.25039271064995877,0.3479105742739234,0.4016967150761178
2062,0.25161599891266473,0.3637535037004369,0.3846304973868983
2063,0.2524945944572579,0.3794183695101085,0.36808703603263365
2064,0.25303101068710376,0.39487999041047833,0.352088998902418
2065,0.2532294438183897,0.41011779811427373,0.3366527580673365
2066,0.2530955856475471,0.42511553814362774,0.32178887620882524
2067,0.252636445672456,0.4398609134038462,0.3075026409236978
2068,0.25186018327275494,0.45434518995460627,0.2937946267726388
2069,0.2507759570459352,0.46856277855410683,0.280661264399958
2070,0.2493937924491086,0.4825108075995225,0.26809539995136894
2071,0.24772446843983065,0.496188698106911,0.2560868334532585
2072,0.24577942611633688,0.5095977474887045,0.2446228263949586
2073,0.24357069593960268,0.5227407320006326,0.23368857205976468
2074,0.24111084680727202,0.5356215291618631,0.22326762403086495
2075,0.23841295267262785,0.548244765213847,0.21334228211352513
2076,0.23549057688789446,0.5606154885212048,0.2038939345909008
2077,0.23235777239904135,0.5727388693662451,0.19490335823471347
2078,0.22902909754824524,0.5846199247661241,0.1863509776856307
2079,0.22551964209427963,0.5962632708881982,0.17821708701752223
2080,0.2218450662467322,0.6076728964482987,0.17048203730496908
2081,0.21802164730145315,0.6188519610069371,0.16312639169160975
2082,0.21406633417418566,0.6298026125904549,0.15613105323535947
2083,0.20999680667616996,0.6405258260172704,0.14947736730655975
2084,0.2058315388495794,0.6510212585399278,0.14314720261049288
2085,0.20158986360237682,0.6612871230305133,0.1371230133671099
2086,0.19729203685817023,0.6713200777140831,0.13138788542774663
2087,0.19295929954409255,0.681115131645572,0.12592556881033548
2088,0.18861393492312864,0.690665566117934,0.12072049895893754
2089,0.18427931919315862,0.699962872154691,0.11575780865215038
2090,0.17997996299365743,0.7089967046952199,0.11102333231112275
2091,0.1757415411210828,0.7177548548158933,0.10650360406302394
2092,0.17159090868404034,0.7262232401254246,0.1021858511905352
2093,0.16755609982579714,0.7343859164661081,0.09805798370809479
2094,0.16366630713583505,0.7422251115197569,0.09410858134440804
2095,0.15995183919848474,0.7497212825460075,0.09032687825550785
2096,0.15644405269920586,0.7568532006533204,0.0867027466474738
2097,0.15317525756285105,0.7635980632690942,0.0832266791680548
2098,0.1501785920401215,0.7699316369051994,0.07988977105467916
2099,0.1474878663475926,0.7758284318836846,0.07668370176872284
