year,Model Uncertainty,Scenario Uncertainty,Inter-Annual Variability
1980,0.07770823812195166,0.010767624131940115,0.9115241377461082
1981,0.06711104422627678,0.006416405367764916,0.9264725504059583
1982,0.0582368605944168,0.003428348076308238,0.9383347913292749
1983,0.05080365213538212,0.0015468050702863996,0.9476495427943316
1984,0.04454176872755534,0.0005298002609800032,0.9549284310114646
1985,0.03920804584991064,0.00015966882965859672,0.9606322853204308
1986,0.034594099340511955,0.00024801037038472257,0.9651578902891033
1987,0.03053006883315318,0.0006371315825012182,0.9688327995843455
1988,0.02688511659094396,0.001199115597056202,0.9719157678119998
1989,0.023565799651042607,0.001833464641563526,0.9746007357073938
1990,0.02051318818321166,0.0024640244139008277,0.9770227874028875
1991,0.01769932709560547,0.003035673468296169,0.9792649994360983
1992,0.01512342806889927,0.0035110779643624202,0.9813654939667383
1993,0.01280800455912399,0.003867676236751892,0.9833243192041241
1994,0.01079504768143266,0.00409496444619744,0.9851099878723699
1995,0.009142269643930527,0.004192098108901051,0.9866656322471684
1996,0.007919405856253012,0.0041657904792741125,0.9879148036644728
1997,0.007204557434450071,0.004028475867641547,0.9887669666979084
1998,0.0070805626156219,0.003796701709018067,0.98912273567536
1999,0.007631409919067701,0.003489718817204729,0.9888788712637275
2000,0.008938729090314604,0.0031282465200147915,0.9879330243896706
2001,0.011078425121785343,0.0027333984693711016,0.9861881764088436
2002,0.014117543345327733,0.002325764220855928,0.9835566924338164
2003,0.018111469231805035,0.0019246480765119972,0.9799638826916829
2004,0.023101570768716106,0.0015474711238458178,0.9753509581074381
2005,0.029113384097421355,0.001209343715910165,0.9696772721866684
2006,0.036155420687818476,0.0009228139679921753,0.9629217653441894
2007,0.0442186467697579,0.0006977932667454916,0.9550835599634966
2008,0.05327664094074781,0.0005416536492596688,0.9461817054099926
2009,0.06328640340154243,0.000459484966227141,0.9362541116322305
2010,0.07418973908796568,0.0004544924474012235,0.9253557684646331
2011,0.08591511429477848,0.0005285093902243666,0.9135563763149972
2012,0.09837985609069262,0.0006825958648546262,0.9009375480444528
2013,0.11149255409355023,0.0009176918370419309,0.8875897540694078
2014,0.12515552514643147,0.0012352941967318691,0.8736091806568367
2015,0.13926721461724145,0.001638129072228421,0.8590946563105302
2016,0.1537244209263965,0.002130794543146261,0.8441447845304573
2017,0.16842426873081362,0.0027203547470857673,0.8288553765221006
2018,0.18326586426087518,0.003416869729834385,0.8133172660092906
2019,0.19815161740031517,0.0042338518379512885,0.7976145307617335
2020,0.21298821886049712,0.005188642211223048,0.7818231389282799
2021,0.2276872909835325,0.006302704467955043,0.7660100045485124
2022,0.24216574912795963,0.007601834155876948,0.7502324167161634
2023,0.25634591074811575,0.009116282895485288,0.734537806356399
2024,0.27015540346200195,0.010880796659333477,0.7189637998786647
2025,0.2835269285884477,0.01293456506043865,0.7035385063511136
2026,0.2963979194321249,0.015321078111536272,0.6882810024563388
2027,0.3087101553315075,0.018087884460427885,0.6732019602080647
2028,0.32040936372732143,0.021286242604249807,0.6583043936684287
2029,0.3314448570294777,0.024970657386854035,0.6435844855836683
2030,0.3417692312700349,0.0291982901039347,0.6290324786260305
2031,0.35133815800021556,0.03402823473104816,0.6146336072687363
2032,0.360110285511377,0.03952065105069266,0.6003690634379303
2033,0.3680472677847465,0.045735751417256505,0.586216980797997
2034,0.37511392779918973,0.052732640864799375,0.5721534313360108
2035,0.38127855337822303,0.06056801891113248,0.5581534277106445
2036,0.38651332437605956,0.06929475808141924,0.5441919175425212
2037,0.3907948505769,0.07896038553715178,0.5302447638859482
2038,0.39410480476527987,0.08960550481964703,0.5162896904150731
2039,0.396430612176812,0.10126220591952699,0.5023071819036611
2040,0.39776616821440436,0.11395252221125023,0.4882813095743454
2041,0.3981125339205501,0.12768700037770028,0.47420046570174956
2042,0.39747856533336096,0.1424634584827015,0.4600579761839375
2043,0.3958814266439024,0.1582660059565275,0.44585256739957
2044,0.39334693966060025,0.1750643932247473,0.43158866711465244
2045,0.3899097266534496,0.19281375573605855,0.41727651761049167
2046,0.3856131163956524,0.21145479383834165,0.4029320897660058
2047,0.380508788738448,0.23091441450327127,0.3885767967582807
2048,0.37465615342997,0.25110683401466855,0.37423701255536157
2049,0.36812147276161655,0.2719351135500909,0.3599434136882925
2050,0.3609767557699738,0.2932930742079681,0.345730170022058
2051,0.35329846209664195,0.3150675164536979,0.3316340214496601
2052,0.34516607408522204,0.33714064216553546,0.3176932837492424
2053,0.3366605917816435,0.35939258232604826,0.3039468258923082
2054,0.327863021514352,0.3817039109564114,0.2904330675292368
2055,0.3188529178678222,0.40395804485118225,0.2771890372809955
2056,0.30970703886767176,0.4260434329406161,0.2642495281917121
2057,0.3004981588215664,0.4478554611009678,0.251646380077466
2058,0.2912940781357188,0.469298015038475,0.23940790682580612
2059,0.282156848245304,0.4902846729027109,0.22755847885198502
2060,0.27314222269445193,0.5107395165194946,0.21611826078605362
2061,0.2642993320478953,0.5305975701501806,0.20510309780192426
2062,0.25567056302603175,0.5498049017800961,0.1945245351938721
2063,0.2472916260560745,0.5683184195513178,0.18438995439260772
2064,0.23919178074378536,0.5861054157762622,0.17470280347995246
2065,0.2313941877072134,0.603142912558792,0.16546289973399456
2066,0.22391636067982465,0.6194168552393078,0.15666678408086757
2067,0.21677068317271395,0.63492121124196,0.14830810558532603
2068,0.20996496817535004,0.6496570116184095,0.14037802020624052
2069,0.20350303377064072,0.66363137882953,0.13286558739982918
2070,0.1973852770846773,0.6768565688760794,0.12575815403924345
2071,0.19160923063734553,0.6893490535134658,0.11904171584918878
2072,0.18617008863566184,0.7011286607010346,0.11270125066330353
2073,0.18106119605450188,0.7122177852312723,0.10672101871422593
2074,0.17627449446249263,0.7226406760962801,0.10108482944122732
2075,0.17180092358542542,0.7324228034494783,0.09577627296509626
2076,0.16763077638863547,0.7415903054904945,0.09077891812087002
2077,0.1637540097831958,0.7501695116459385,0.08607647857086571
2078,0.16016051322727567,0.758186537780875,0.08165294899184937
2079,0.1568403380985875,0.765666947073533,0.07749271482787953
2080,0.15378389018419747,0.7726354721072396,0.07358063770856296
2081,0.1509820913832949,0.7791157885722859,0.06990212004441923
2082,0.14842651218369343,0.7851303364185493,0.06644315139775729
2083,0.14610947874390132,0.7907001820130629,0.0631903392430358
2084,0.14402415957719367,0.7958449135937535,0.06013092682905276
2085,0.1421646330550406,0.8005825666804897,0.057252800264469855
2086,0.1405259392299597,0.8049295742293521,0.054544486540688206
2087,0.13910411931112637,0.8089007358042293,0.05199514488464441
2088,0.13789624281754156,0.8125092049468946,0.049594552235563805
2089,0.13690042682705122,0.815766488469507,0.04733308470344179
2090,0.13611584670228724,0.8186824574373577,0.045201695860355044
2091,0.13554274039522443,0.8212653668710921,0.04319189273368355
2092,0.13518240749278504,0.8235218820101614,0.04129571049705364
2093,0.13503720273968367,0.8254571110205295,0.03950568623978688
2094,0.1351105255510027,0.8270746418967672,0.03781483255223015
2095,0.13540680482328007,0.8283765840878442,0.03621661108887572
2096,0.1359314796700165,0.8293636136217515,0.03470490670823201
2097,0.1366909754641317,0.83003502238252,0.03327400215334821
2098,0.13769267542190827,0.8303887708364137,0.03191855374167805
2099,0.13894488609223368,0.8304215460042691,0.030633567903497222
