year,Model Uncertainty,Scenario Uncertainty,Inter-Annual Variability
1980,0.19574810095685827,0.011938986562857953,0.7923129124802838
1981,0.16312650627423742,0.00795328969298904,0.8289202040327736
1982,0.13387307721324865,0.004904584503766946,0.8612223382829844
1983,0.10821243585710076,0.002722292116196079,0.8890652720267032
1984,0.08619056904397208,0.0013062015076680455,0.9125032294483598
1985,0.06769950360125031,0.0005378157125422438,0.9317626806862074
1986,0.05251197979039006,0.00029130244723102105,0.947196717762379
1987,0.04031947095525469,0.00044277177564030996,0.959237757269105
1988,0.030768188698240776,0.0008772164026753645,0.9683545948990838
1989,0.023489626238135327,0.0014929985288665705,0.9750173752329981
1990,0.018124073607023908,0.00220414751941829,0.9796717788735578
1991,0.01433699614211979,0.00294093076905267,0.9827220730888275
1992,0.01182908838684168,0.0036492071903508434,0.9845217044228075
1993,0.01034124769096751,0.004289025664647662,0.9853697266443848
1994,0.009655786812022909,0.00483283652190931,0.9855113766660678
1995,0.009595080804213053,0.0052635821288926875,0.9851413370668942
1996,0.01001861587340641,0.005572838561967898,0.9844085455646258
1997,0.010819166889296176,0.0057591077625363685,0.9834217253481675
1998,0.011918613360477007,0.0058263078828685,0.9822550787566545
1999,0.01326372548083463,0.005782473902120865,0.9809538006170445
2000,0.014822120176484401,0.005638660711186852,0.9795392191123287
2001,0.016578494196835207,0.0054080311343222285,0.9780134746688425
2002,0.01853118291794641,0.005105106990650702,0.9763637100914029
2003,0.020689052815375898,0.0047451609838263025,0.9745657862007978
2004,0.023068721083271404,0.004343731569916865,0.9725875473468117
2005,0.025692082769208622,0.003916244349918649,0.9703916728808728
2006,0.028584127264651652,0.0034777276275337,0.9679381451078146
2007,0.031771028466042954,0.003042613245711365,0.9651863582882457
2008,0.0352784924342606,0.002624615437426105,0.9620968921283133
2009,0.03913035508027325,0.002236682399381584,0.9586329625203451
2010,0.04334742121203652,0.0018910160616791496,0.9547615627262844
2011,0.047946536381429025,0.0015991555395578332,0.9504543080790131
2012,0.05293988690818745,0.001372119460067693,0.9456879936317449
2013,0.05833451669484058,0.0012206018584843463,0.9404448814466752
2014,0.06413204593120993,0.0011552143996521604,0.9347127396691378
2015,0.07032857967154763,0.0011867677814123671,0.92848465254704
2016,0.07691478246902166,0.0013265829353050174,0.9217586345956733
2017,0.08387609670911714,0.0015868226021252556,0.9145370806887576
2018,0.09119307884141185,0.001980832545467741,0.9068260886131204
2019,0.09884182488872656,0.0025234812273471786,0.8986346938839264
2020,0.10679446001051922,0.0032314868778496515,0.8899740531116311
2021,0.11501966425445391,0.004123719896499954,0.8808566158490461
2022,0.12348320877204504,0.005221469798252922,0.871295321429702
2023,0.13214848739424956,0.006548664103625513,0.861302848502125
2024,0.14097701845990993,0.008132028668017249,0.8508909528720727
2025,0.14992891275834028,0.01000117807262561,0.8400699091690341
2026,0.15896329491197628,0.012188623639722842,0.8288480814483008
2027,0.16803867583496307,0.014729690330958136,0.8172316338340787
2028,0.17711327702266205,0.01766233014428768,0.8052243928330504
2029,0.18614531365132872,0.021026823712972948,0.7928278626356984
2030,0.19509323931028003,0.024865361399797142,0.7800413992899229
2031,0.20391596621243324,0.029221498817470864,0.7668625349700959
2032,0.2125730695795493,0.03413948221032341,0.7532874482101274
2033,0.22102498848443378,0.03966344681627359,0.7393115646992927
2034,0.2292332314725966,0.045836493240008186,0.7249302752873952
2035,0.23716060468050829,0.05269965457854565,0.7101397407409461
2036,0.24477145733790848,0.06029077590423124,0.6949377667578602
2037,0.2520319625708122,0.06864333073037975,0.6793247066988082
2038,0.25891042584178053,0.0777852130882866,0.6633043610699328
2039,0.2653776189705863,0.08773754813160048,0.6468848328978132
2040,0.271407137444839,0.09851356868898317,0.6300792938661777
2041,0.2769757636609101,0.11011761515799647,0.6129066211810934
2042,0.28206382779737055,0.12254430748299645,0.5953918647196329
2043,0.2866555398728769,0.13577794997828266,0.5775665101488405
2044,0.29073928157063805,0.149792206332782,0.55946851209658
2045,0.29430783868881966,0.16455008376501196,0.5411420775461685
2046,0.2973585468420821,0.1800042480218314,0.5226372051360865
2047,0.2998933480274275,0.19609767000922096,0.5040089819633515
2048,0.30191874006469643,0.21276459138076267,0.4853166685545409
2049,0.3034456163689364,0.22993177467154177,0.46662260895952173
2050,0.3044890004267559,0.24751998766050765,0.4479910119127364
2051,0.30506767736841295,0.265445661409939,0.42948666122164814
2052,0.3052037444236473,0.2836226432454948,0.41117361233085803
2053,0.30492208985381314,0.30196397710833073,0.3931139330378561
2054,0.3042498302667386,0.3203836299274914,0.3753665398057701
2055,0.30321572238415373,0.33879810192836785,0.3579861756874784
2056,0.3018495789380198,0.3571278597124812,0.34102256134949904
2057,0.30018170544967543,0.3752985531306589,0.3245197414196656
2058,0.29824237632409534,0.39324198846490893,0.30851563521099573
2059,0.29606136940671346,0.4108968412887791,0.29304178930450736
2060,0.2936675650593061,0.428209115491393,0.27812331944930097
2061,0.29108861635554245,0.44513236012691637,0.2637790235175412
2062,0.28835069508190053,0.4616276665816649,0.25002163833643465
2063,0.285478308491099,0.47766347734604686,0.23685821416285416
2064,0.2824941855407763,0.4932152379059248,0.22429057655329884
2065,0.27941922413456793,0.5082649270738663,0.2123158487915659
2066,0.276272491759666,0.5228005000891589,0.20092700815117515
2067,0.27307127332876774,0.5368152721884609,0.1901134544827713
2068,0.2698311527461019,0.550307275799209,0.17986157145468903
2069,0.26656612539631824,0.56327860836391,0.17015526623977176
2070,0.26328872965984174,0.5757347945681591,0.16097647577199917
2071,0.2600101930195571,0.5876841745014529,0.1523056324789899
2072,0.2567405856997613,0.5991373300042881,0.14412208429595041
2073,0.2534889780575321,0.6101065550293762,0.13640446691309166
2074,0.2502635957381594,0.6206053763394754,0.1291310279223651
2075,0.24707197320344187,0.6306481218354664,0.12227990496109174
2076,0.24392109870634754,0.6402495421984876,0.1158293590951648
2077,0.2408175539178586,0.649424478025208,0.10975796805693332
2078,0.2377676431819234,0.6581875745617426,0.10404478225633398
2079,0.23477751501219402,0.6665530370038817,0.09866944798392424
2080,0.23185327351553933,0.6745344251468322,0.09361230133762845
2081,0.2290010800275369,0.6821444827603799,0.08885443721208322
2082,0.2262272478907439,0.6893949953786458,0.08437775673061046
2083,0.22353832597578036,0.6962966775049936,0.08016499651922623
2084,0.22094117511082995,0.7028590821328183,0.07619974275635187
2085,0.21844303694883585,0.7090905299493258,0.07246643310183835
2086,0.2160515948402698,0.7149980567399878,0.06895034841974246
2087,0.21377502777837523,0.7205873754683569,0.06563759675326786
2088,0.21162205712924956,0.7258628517719666,0.06251509109878378
2089,0.20960198705050753,0.730827490258573,0.059570522690919524
2090,0.20772473803013503,0.7354829310053198,0.05679233096454508
2091,0.206000873765542,0.7398294549669548,0.054169671267503244
2092,0.20444162113944164,0.7438659975585421,0.05169238130201629
2093,0.20305888340246786,0.7475901697343478,0.04935094686318438
2094,0.20186524540071124,0.7509982869956127,0.04713646760367598
2095,0.20087397157791764,0.7540854052677545,0.045040623154327906
2096,0.2000989948401976,0.7568453651335322,0.04305564002627008
2097,0.1995548973929477,0.7592708430426466,0.041174259564405534
2098,0.19925688055019722,0.7613534123743282,0.03938970707547455
2099,0.19922072530929794,0.7630836123395893,0.03769566235111274
