year,Model Uncertainty,Scenario Uncertainty,Inter-Annual Variability
1980,0.18050420008688625,0.01866078557294706,0.8008350143401667
1981,0.1484086720228216,0.012562336420435749,0.8390289915567426
1982,0.12119638325582997,0.007860562622714697,0.8709430541214552
1983,0.09872725994531302,0.004473092379212731,0.8967996476754742
1984,0.08060604297654227,0.002250842992538224,0.9171431140309195
1985,0.06628082575225441,0.0010062468558709064,0.9327129273918747
1986,0.05513552181778057,0.0005385935236134934,0.944325884658606
1987,0.04656333360567997,0.0006533288491812295,0.9527833375451387
1988,0.04001696586812598,0.001174568254443651,0.9588084658774303
1989,0.035037332393657486,0.0019516522881025287,0.96301101531824
1990,0.03126540311174278,0.0028612574422958747,0.9658733394459614
1991,0.028442398997057906,0.00380662519227878,0.9677509758106633
1992,0.02640279816438242,0.004715195020072235,0.9688820068155454
1993,0.025063427282129874,0.005535555385746348,0.9694010173321238
1994,0.02441074127640673,0.006234279857127734,0.9693549788664655
1995,0.024487486411008747,0.006792950669355807,0.9687195629196355
1996,0.025379331966104157,0.007205491757199904,0.9674151762766959
1997,0.027201716177767826,0.007475823446149877,0.9653224603760824
1998,0.030087013089772043,0.007615793494479837,0.9622971934157482
1999,0.034172140288950985,0.007643320116177942,0.9581845395948712
2000,0.03958681338608808,0.007580686272062634,0.9528325003418493
2001,0.046442773733721125,0.007452942089803525,0.9461042841764753
2002,0.05482441746568291,0.007286397831476134,0.937889184702841
2003,0.06478130151371805,0.0071072159496961265,0.9281114825365858
2004,0.07632296800865372,0.006940132598122354,0.916736899393224
2005,0.08941641185806076,0.00680735157673022,0.9037762365652091
2006,0.10398632845736122,0.006727659912474182,0.8892860116301646
2007,0.11991802872233584,0.006715803024221681,0.8733661682534424
2008,0.13706268603691446,0.006782143826110095,0.8561551701369754
2009,0.15524436061156985,0.00693260783302162,0.8378230315554085
2010,0.17426812450938603,0.007168891446535704,0.8185629840440782
2011,0.19392856591786206,0.007488892508168136,0.7985825415739698
2012,0.2140180045915809,0.007887306499984707,0.7780946889084345
2013,0.23433386312258,0.008356326780420231,0.7573098100969998
2014,0.2546848005765904,0.008886389020628776,0.736428810402781
2015,0.2748954066215956,0.009466905126216146,0.7156376882521883
2016,0.2948093935519116,0.01008694814072089,0.6951036583073675
2017,0.3142913837555897,0.010735859335511707,0.6749727569088987
2018,0.33322746076212,0.011403762314807641,0.6553687769230723
2019,0.3515247166248708,0.01208198188247679,0.6363933014926524
2020,0.3691100450841771,0.012763372716689305,0.6181265821991336
2021,0.3859284114909736,0.013442568059616933,0.6006290204494096
2022,0.4019408098991546,0.01411616319944999,0.5839430269013954
2023,0.4171220936489217,0.014782848222980602,0.5680950581280977
2024,0.43145878702468005,0.015443506142789122,0.5530977068325308
2025,0.44494700419332445,0.016101287992943667,0.5389517078137319
2026,0.45759051683872365,0.016761676873081402,0.525647806288195
2027,0.4693990237475288,0.01743254941428516,0.513168426838186
2028,0.48038663090464273,0.018124240155905396,0.5014891289394519
2029,0.49057054843326475,0.018849613886277317,0.490579837680458
2030,0.49996999662575525,0.019624144982823926,0.48040585839142075
2031,0.5086053110031913,0.020466003226531023,0.47092868577027774
2032,0.5164972223911815,0.021396142850567283,0.46210663475825126
2033,0.5236663038910699,0.022438388176216663,0.45389530793271343
2034,0.5301325639276248,0.023619505636951376,0.44624793043542377
2035,0.5359151679248378,0.02496925315199488,0.4391155789231673
2036,0.541032281412749,0.02652039104485841,0.4324473275423926
2037,0.5455010170123442,0.028308637630580072,0.42619034535707573
2038,0.5493374809203551,0.030372551674462775,0.42028996740518204
2039,0.5525569080802567,0.03275331832730479,0.4146897735924385
2040,0.5551738762013766,0.035494418975686864,0.4093317048229365
2041,0.5572025977416509,0.03864115783036805,0.4041562444279809
2042,0.558657272827275,0.04224003047782586,0.3991026966948991
2043,0.5595524975234027,0.04633791299224438,0.3941095894843529
2044,0.5599037112187132,0.05098106205196328,0.3891152267293236
2045,0.559727666584682,0.05621392945190395,0.3840584039634142
2046,0.5590428964754851,0.062077802921945174,0.3788793006025697
2047,0.5578701581409816,0.06860930163905549,0.3735205402199628
2048,0.5562328149472203,0.0758387816016752,0.36792840345110456
2049,0.5541571306671976,0.08378871573351758,0.36205415359928483
2050,0.5516724398309804,0.09247213955390819,0.35585542061511144
2051,0.5488111661283346,0.10189126291999151,0.349297570951674
2052,0.545608662140927,0.1120363619827334,0.3423549758763398
2053,0.5421028602429284,0.12288505512483518,0.33501208463223636
2054,0.5383337355797491,0.13440205640287173,0.3272642080173793
2055,0.5343425935422903,0.14653947663967917,0.3191179298180306
2056,0.5301712140644521,0.15923769950113512,0.3105910864344128
2057,0.525860903516469,0.1724268150322207,0.3017122814513104
2058,0.5214515035913744,0.18602855554980655,0.29251994085881905
2059,0.5169804264889711,0.1999586206152077,0.2830609528958212
2060,0.5124817747674791,0.21412925627527088,0.27338896895725
2061,0.5079856000943659,0.2284519283745359,0.26356247153109824
2062,0.5035173446198171,0.24283992754452138,0.25364272783566155
2063,0.49909748988711655,0.2572107555507409,0.24369175456214257
2064,0.49474142096370294,0.2714881711873995,0.23377040784889752
2065,0.4904594980800391,0.28560380965635584,0.22393669226360513
2066,0.4862573115417479,0.29949833045385804,0.21424435800439398
2067,0.4821360884868656,0.31312208458909685,0.20474182692403747
2068,0.47809321270494753,0.3264353307540456,0.19547145654100678
2069,0.47412281706652376,0.339408053188927,0.18646912974454924
2070,0.4702164098501327,0.3520194519028003,0.177764138247067
2071,0.4663635072552769,0.36425717918826245,0.1693793135564605
2072,0.46255224078665463,0.37611640418041714,0.1613313550329282
2073,0.45876992331676236,0.3875987743065502,0.15363130237668737
2074,0.4550035637524894,0.39871133282432153,0.14628510342318898
2075,0.4512403208688292,0.40946544579953814,0.1392942333316326
2076,0.44746790110467605,0.4198757694378486,0.1326563294574753
2077,0.44367489582153846,0.42995929047576537,0.12636581370269612
2078,0.4398510759589833,0.4397344433745071,0.12041448066650955
2079,0.4359876374695667,0.4492203236459865,0.11479203888444686
2080,0.4320774208296012,0.45843598342967334,0.1094865957407254
2081,0.4281151001125814,0.46739981668159986,0.10448508320581879
2082,0.42409736259712527,0.4761290140440259,0.09977362335884879
2083,0.4200230738486507,0.48463908910730313,0.09533783704404628
2084,0.41589344925008104,0.4929434521319732,0.09116309861794583
2085,0.4117122259875744,0.5010530314143662,0.08723474259805944
2086,0.4074858465509248,0.5089759265263678,0.08353822692270747
2087,0.40322365766245594,0.5167170830297733,0.08005925930777083
2088,0.3989381244565422,0.5242779844072177,0.07678389113624008
2089,0.3946450636853857,0.5316563514370832,0.07369858487753117
2090,0.3903638938346588,0.5388458471732892,0.07079025899205207
2091,0.386117900209674,0.5458357847048321,0.06804631508549398
2092,0.38193451364682074,0.5526108355216361,0.06545465083154316
2093,0.37784559145596985,0.559150746437416,0.06300366210661419
2094,0.373887697377031,0.5654300655234558,0.06068223709951334
2095,0.37010236376307204,0.5714178907058349,0.05847974553109309
2096,0.36653632405633607,0.5770776512564174,0.05638602468724651
2097,0.3632416938384554,0.5823669414901581,0.054391364671386555
2098,0.360276078587208,0.5872374264574287,0.05248649495536324
2099,0.357702580514917,0.5916348461455272,0.05066257333955582
