year,Model Uncertainty,Scenario Uncertainty,Inter-Annual Variability
1980,0.12319021554717427,0.0006308638233731055,0.8761789206294527
1981,0.09670410691529442,0.0003569974445311915,0.9029388956401744
1982,0.0741322425038511,0.00019325450722234688,0.9256745029889266
1983,0.05538021839573879,0.00011098129856965813,0.9445088003056916
1984,0.040234148019666814,8.439852211531846e-05,0.9596814534582179
1985,0.02839197768215636,9.163646879433765e-05,0.9715163858490493
1986,0.01949507140102566,0.00011525287563695883,0.9803896757233374
1987,0.013156851856865088,0.0001423043784875345,0.9867008437646473
1988,0.008986563122497002,0.00016407857392212191,0.9908493583035809
1989,0.006607390700631536,0.00017560185931979948,0.9932170074400487
1990,0.0056690543884076955,0.00017502706214275336,0.9941559185494496
1991,0.005855544047347545,0.00016298311155154535,0.9939814728411008
1992,0.006888926857752089,0.00014194534690246537,0.9929691277953454
1993,0.008530203737601902,0.00011566263717378377,0.9913541336252243
1994,0.010578109850931673,8.86601564500163e-05,0.9893332299926184
1995,0.012866601383486944,6.582415583064697e-05,0.9870675744606824
1996,0.015261607393913898,5.2066890199840436e-05,0.9846863257158863
1997,0.017657466440129433,5.206549669050706e-05,0.9822904680631801
1998,0.019973334797812402,7.006659573992125e-05,0.9799565986064477
1999,0.02214974927857351,0.00010974810015185515,0.9777405026212747
2000,0.024145449167262755,0.00017413033420175634,0.9756804204985355
2001,0.025934506632718932,0.00026552970848695733,0.9737999636587942
2002,0.027503777857422952,0.000385549305868945,0.9721106728367082
2003,0.02885066714839841,0.0005351019406400527,0.9706142309109616
2004,0.029981178558414603,0.0007144623336045087,0.9693043591079809
2005,0.030908227065044362,0.0009233455303957053,0.9681684274045599
2006,0.03165017881772495,0.0011610095046297342,0.9671888116776454
2007,0.03222958987315595,0.0014263799755217627,0.9663440301513223
2008,0.032672116666392706,0.001718195867700932,0.9656096874659065
2009,0.03300557399162129,0.002035173381045212,0.9649592526273335
2010,0.03325912058267041,0.002376186952823792,0.9643646924645058
2011,0.033462555413867674,0.0027404651444308675,0.9637969794417015
2012,0.03364571033089065,0.0031277985233654068,0.963226491145744
2013,0.03383792814528872,0.003538757167483768,0.9626233146872275
2014,0.03406761762402368,0.003974914761567316,0.961957467614409
2015,0.034361876768772795,0.0044390755611719325,0.9611990476700552
2016,0.034746179418053025,0.004935500533318022,0.9603183200486289
2017,0.035244119435777974,0.005470128567430539,0.9592857519967916
2018,0.03587720697802596,0.0060507886157751605,0.9580720044061989
2019,0.03666471476136564,0.006687397521664759,0.9566478877169696
2020,0.03762356667695179,0.007392138900181223,0.954984294422867
2021,0.03876826796376845,0.00817961770139139,0.9530521143348403
2022,0.04011086981850165,0.009066985141741264,0.950822145039757
2023,0.04166096645403546,0.010074027365921868,0.9482650061800426
2024,0.043425718559508275,0.011223213176656572,0.9453510682638352
2025,0.045409900346375126,0.012539693460479211,0.9420504061931456
2026,0.047615964866535875,0.014051246836184566,0.9383327882972796
2027,0.050044125620371485,0.015788165058939638,0.9341677093206888
2028,0.05269244897351894,0.017783072381750472,0.9295244786447305
2029,0.055556956953896224,0.020070673973667116,0.9243723690724366
2030,0.05863173614128926,0.02268742841310875,0.918680835445602
2031,0.06190905177963401,0.025671141389141148,0.9124198068312249
2032,0.0653794671836843,0.029060479574406665,0.9055600532419089
2033,0.06903196533757723,0.03289440500135706,0.8980736296610657
2034,0.0728540771102627,0.03721153387961418,0.8899343890101231
2035,0.07683201180855277,0.042049427413019064,0.8811185607784281
2036,0.08095079642026722,0.047443823597539736,0.8716053799821931
2037,0.08519442001565351,0.05342782667773041,0.8613777533066161
2038,0.08954598826997455,0.06003107141560651,0.8504229403144189
2039,0.09398788861994413,0.06727888455647116,0.8387332268235846
2040,0.09850196473757172,0.07519147179232065,0.8263065634701076
2041,0.1030697032333988,0.08378315421728867,0.8131471425493126
2042,0.10767243093462366,0.09306168813743722,0.799265880927939
2043,0.11229152079480266,0.10302769642183482,0.7846807827833625
2044,0.11690860423341454,0.11367423882220377,0.7694171569443817
2045,0.12150578836352566,0.12498654552570507,0.7535076661107692
2046,0.1260658705729756,0.13694193417531364,0.7369921952517107
2047,0.13057254840902024,0.14950992152282405,0.7199175300681556
2048,0.13501061833073807,0.16265253253418846,0.7023368491350734
2049,0.13936615849429335,0.1763248036845092,0.6843090378211975
2050,0.14362668996129807,0.19047546631593595,0.665897843722766
2051,0.14778131223107624,0.20504778517375874,0.6471709025951651
2052,0.15182080989757799,0.21998052663171563,0.6281986634707064
2053,0.15573772759856622,0.2352090172183896,0.6090532551830441
2054,0.15952641179099172,0.25066625721496444,0.5898073309940438
2055,0.16318302108656788,0.26628404658334565,0.5705329323300865
2056,0.16670550456319952,0.2819940884837136,0.5513004069530869
2057,0.17009355336846982,0.2977290302668469,0.5321774163646833
2058,0.17334852691066888,0.31342341583545547,0.5132280572538757
2059,0.17647336005299563,0.32901452219393035,0.494512117753074
2060,0.17947245503663853,0.3444430635206737,0.4760844814426878
2061,0.18235156303037126,0.3596537552339905,0.45799468173563823
2062,0.18511766104885038,0.37459572962037696,0.4402866093307726
2063,0.1877788291674704,0.389222809098959,0.4229983617335705
2064,0.1903441292776646,0.4034936451745217,0.4061622255478138
2065,0.19282349212672836,0.4173717332675375,0.38980477460573415
2066,0.19522761333833338,0.4308253184860635,0.37394706817560314
2067,0.19756786103947152,0.4438272097535105,0.358604929207018
2068,0.19985619615802555,0.4563545185065185,0.34378928533545605
2069,0.2021051057511367,0.4683883394159839,0.32950655483287944
2070,0.2043275496933098,0.47991338928771476,0.31575906101897544
2071,0.2065369208424799,0.49091761817909724,0.3025454609784229
2072,0.2087470166972327,0.5013918070183948,0.2898611762843725
2073,0.21097202240975965,0.5113291620106615,0.277698815579579
2074,0.2132265035561522,0.5207249155891919,0.2660485808546559
2075,0.21552540674823212,0.5295759417929647,0.25489865145880325
2076,0.2178840675976397,0.537880390712757,0.24423554168960337
2077,0.22031822257208983,0.5456373485948378,0.2340444288330724
2078,0.22284402538123554,0.5528465238192629,0.22430945079950151
2079,0.22547806370373444,0.5595079637725522,0.21501397252371343
2080,0.22823737642355274,0.5656218015996446,0.20614082197680267
2081,0.23113946867100194,0.5711880343223313,0.19767249700666673
2082,0.23420232253803958,0.5762063328631314,0.189591344598829
2083,0.23744440345856035,0.5806758821851621,0.1818797143562775
2084,0.24088465752084867,0.5845952534936993,0.17452008898545193
2085,0.24454250061475663,0.5879623060990377,0.1674951932862058
2086,0.24843779599493176,0.5907741194918578,0.16078808451321036
2087,0.25259081826803254,0.5930269554894159,0.15438222624255168
2088,0.25702220282717675,0.5947162496114382,0.14826154756138513
2089,0.2617528777201262,0.5958366321565743,0.1424104901232994
2090,0.26680397611818113,0.5963819796156387,0.13681404426618016
2091,0.272196729105303,0.5963454942752453,0.13145777661945166
2092,0.2779523340293853,0.5957198160705036,0.12632784990011112
2093,0.28409180027153563,0.594497162634177,0.12141103709428737
2094,0.29063576834163796,0.5926695012759184,0.11669473038244359
2095,0.29760430403736304,0.5902287493125964,0.11216694665004057
2096,0.3050166649243947,0.5871670056351932,0.10781632944041204
2097,0.3128910412626983,0.5834768096617678,0.10363214907553385
2098,0.32124427193058097,0.5791514274490686,0.09960430062035046
2099,0.3300915371166277,0.5741851621930414,0.09572330069033089
