year,Model Uncertainty,Scenario Uncertainty,Inter-Annual Variability
1980,0.22346070143716046,0.0008410876933349704,0.7756982108695045
1981,0.18563429114244934,0.0004660266637494312,0.8138996821938012
1982,0.15195701296430217,0.00021824878195387433,0.847824738253744
1983,0.12266432888935998,7.453200609403945e-05,0.8772611391045461
1984,0.09777173673926227,1.0626998788482711e-05,0.9022176362619492
1985,0.07710813268237979,3.243539400149142e-06,0.9228886237782201
1986,0.06036139082472848,3.1567841620049556e-05,0.9396070413336515
1987,0.04712744818099808,7.821922001978916e-05,0.9527943325989822
1988,0.03695600119855705,0.0001296702768901541,0.9629143285245528
1989,0.029388518676604695,0.0001762292771965607,0.9704352520461987
1990,0.023986783175316807,0.00021171369792178767,0.9758015031267614
1991,0.020352067576326932,0.00023294097995861423,0.9794149914437145
1992,0.018136196835296273,0.00023913982832544765,0.9816246633363782
1993,0.017046235600626,0.00023135634038372465,0.9827224080589904
1994,0.016844574490981364,0.00021190165590038047,0.9829435238531182
1995,0.0173459658539161,0.00018386592960101416,0.9824701682164828
1996,0.01841273192503261,0.000150708134216253,0.9814365599407512
1997,0.019949037141027137,0.00011592190449851059,0.9799350409544744
1998,0.021894827417514102,8.277268267576202e-05,0.9780223998998101
1999,0.02421981678000513,5.409982956541888e-05,0.9757260833904294
2000,0.02691774129225133,3.21771941113027e-05,0.9730500815136374
2001,0.030000992785081323,1.862652334889872e-05,0.9699803806915698
2002,0.03349568342785663,1.4379236866635576e-05,0.9664899373352768
2003,0.037437154685827166,1.9682907999245717e-05,0.9625431624061735
2004,0.04186593438740627,3.414939044533343e-05,0.9580999162221484
2005,0.0468241394802925,5.684155419510308e-05,0.9531190189655124
2006,0.052352329304123535,8.639530462265299e-05,0.9475612753912538
2007,0.05848681502906339,0.00012117283233371706,0.9413920121386029
2008,0.06525743662505011,0.00015944213214641383,0.9345831212428035
2009,0.0726858152619394,0.00019957699971457374,0.927114607738346
2010,0.0807840858551148,0.00024027077214089422,0.9189756433727443
2011,0.08955410349415552,0.00028075654005429263,0.9101651399657902
2012,0.09898710666625632,0.0003210264108355855,0.900691866922908
2013,0.10906380667052101,0.0003620424542979066,0.890574150875181
2014,0.11975485792693302,0.00040593264019913087,0.879839209432868
2015,0.1310216516107999,0.00045616602616660847,0.8685221823630335
2016,0.1428173695618312,0.0005177026059506287,0.8566649278322181
2017,0.15508822455421878,0.0005971145659302223,0.8443146608798509
2018,0.167774816400177,0.000702677238090846,0.8315225063617321
2019,0.18081353603633452,0.0008444289671133221,0.8183420349965521
2020,0.19413795082976498,0.0010342005383453677,0.8048278486318896
2021,0.20768012549561954,0.0012856152512908732,0.7910342592530896
2022,0.22137182761550728,0.0016140614457128913,0.7770141109387798
2023,0.23514559703353796,0.002036639255125522,0.7628177637113366
2024,0.2489356523544772,0.002572083237266092,0.7484922644082567
2025,0.2626786349125488,0.003240662500201232,0.73408070258725
2026,0.2763141843318835,0.004064059035220017,0.7196217566328966
2027,0.2897853605732845,0.005065224728257226,0.7051494146984583
2028,0.30303892523253584,0.006268216761948174,0.690692858005516
2029,0.316025499661652,0.007698010931533037,0.676276489406815
2030,0.32869962265868174,0.009380291841279455,0.6619200855000388
2031,0.34101972620495025,0.011341219116897833,0.647639054678152
2032,0.3529480538571559,0.013607168011424057,0.63344477813142
2033,0.36445053615828393,0.01620444510431791,0.6193450187373982
2034,0.3754966444582486,0.019158977829416956,0.6053443777123344
2035,0.3860592352830404,0.02249597991322136,0.5914447848037382
2036,0.3961143988563829,0.026239594148294167,0.5776460069953229
2037,0.40564131799364417,0.030412516969013665,0.5639461650373422
2038,0.4146221483176496,0.03503560885906338,0.5503422428232869
2039,0.42304191848718004,0.040127498559854535,0.5368305829529655
2040,0.43088845490744165,0.045704188482056665,0.5234073566105016
2041,0.438152327818223,0.05177867180180785,0.5100690003799692
2042,0.4448268171934745,0.05836057201860514,0.4968126107879203
2043,0.45090789269595605,0.0654558166987414,0.48363629060530255
2044,0.45639420054711927,0.07306635874274134,0.47053944071013937
2045,0.46128705413468635,0.08118995520324415,0.45752299066206953
2046,0.46559041703003595,0.0898200170635037,0.4445895659064603
2047,0.4693108739206183,0.098945537882505,0.43174358819687664
2048,0.4724575820786944,0.1085511087730062,0.41899130914829935
2049,0.47504219744033965,0.11861702543381278,0.4063407771258476
2050,0.4770787725493511,0.12911948577419374,0.39380174167645504
2051,0.4785836210828606,0.14003087865982813,0.3813855002573112
2052,0.4795751521650714,0.15132015401875618,0.3691046938161725
2053,0.4800736705560029,0.1629532688589519,0.35697306058504524
2054,0.48010115002574927,0.17489369220057513,0.3450051577736755
2055,0.4796809824857846,0.18710295618130887,0.3332160613329065
2056,0.478837708325707,0.19954123616033254,0.32162105551396053
2057,0.47759673638383765,0.2121679405200939,0.31023532309606844
2058,0.4759840597757037,0.22494229396458726,0.2990736462597091
2059,0.474025976365596,0.23782389650426874,0.2881501271301352
2060,0.47174882004899404,0.25077324322417666,0.2774779367268293
2061,0.4691787112285361,0.26375219159809343,0.2670690971733704
2062,0.4663413315854329,0.27672436641329,0.2569343020012771
2063,0.46326172773516744,0.2896554950999286,0.24708277716490393
2064,0.4599641479969584,0.3025136691606868,0.23752218284235482
2065,0.4564719139611615,0.31526953060184937,0.22825855543698909
2066,0.4528073288706696,0.32789638391390985,0.21929628721542055
2067,0.4489916209697692,0.34037023827780655,0.21063814075242435
2068,0.44504492259405964,0.3526697842839763,0.20228529312196405
2069,0.44098628119399297,0.3647763129337869,0.19423740587222024
2070,0.4368337019390134,0.3766735823086368,0.18649271575234977
2071,0.4326042159515018,0.38834764264737853,0.17904814140111983
2072,0.428313974320321,0.39978662480603727,0.17189940087364192
2073,0.4239783608580511,0.41098050252956747,0.16504113661238154
2074,0.41961212409077914,0.4219208327858183,0.1584670431234027
2075,0.4152295223187165,0.43260048301582393,0.15216999466545958
2076,0.4108444801377213,0.4430133497960724,0.1461421700662064
2077,0.4064707535001351,0.4531540742672685,0.14037517223259643
2078,0.4021221007200786,0.4630177580614701,0.13486014121845138
2079,0.39781245751001154,0.4725996835082549,0.1295878589817337
2080,0.39355611282945757,0.48189504147858725,0.12454884569195523
2081,0.3893678858806375,0.49089866736727017,0.11973344675209247
2082,0.3852632989623613,0.4996047900736257,0.11513191096401305
2083,0.3812587480935977,0.5080067926301242,0.11073445927627819
2084,0.37737166619459384,0.5160969883397414,0.1065313454656647
2085,0.37362067869912197,0.5238664129678046,0.10251290833307336
2086,0.37002574850586606,0.53130463459947,0.09866961689466383
2087,0.3666083067199535,0.5383995845669687,0.09499210871307782
2088,0.36339136807339756,0.5451374095073493,0.09147122241925301
2089,0.3603996248044611,0.5515023499718799,0.08809802522365905
2090,0.35765951701443954,0.5574766468522369,0.08486383613332357
2091,0.3551992735819455,0.5630404808560059,0.08176024556204854
2092,0.35304891887115375,0.5681719488422308,0.07877913228661541
2093,0.35124023971484686,0.5728470820997051,0.07591267818544803
2094,0.349806705889501,0.5770399125433332,0.07315338156716579
2095,0.34878333924822663,0.5807225913183222,0.0704940694334512
2096,0.34820652367089827,0.5838655670008146,0.0679279093282871
2097,0.3481137506945496,0.5864378284079743,0.06544842089747607
2098,0.348543296012637,0.5884072163167506,0.06304948767061226
2099,0.3495338215383642,0.5897408095361418,0.06072536892549391
