year,Model Uncertainty,Scenario Uncertainty,Inter-Annual Variability
1980,0.23725081862341296,0.0008637808652527437,0.7618854005113344
1981,0.20158876225168762,0.00043181512164127897,0.7979794226266711
1982,0.16894705312778302,0.0001710062379443214,0.8308819406342727
1983,0.13961356280166354,4.368374141175855e-05,0.8603427534569248
1984,0.11373498422221578,1.3270677487004641e-05,0.8862517451002973
1985,0.09132680298627721,4.643896992367484e-05,0.9086267580437991
1986,0.0722923426949168,0.00011465503168173451,0.9275930022734015
1987,0.05644714038398915,0.00019505885810443087,0.9433578007579063
1988,0.0435450290708414,0.00027072193872996184,0.9561842489904285
1989,0.03330299892180756,0.0003303975714410677,0.9663666035067514
1990,0.025422864826455668,0.0003679074845289556,0.9742092276890154
1991,0.019608713900251457,0.00038130882701645783,0.9800099772727321
1992,0.015579880547941412,0.0003719652503765998,0.984048154201682
1993,0.013079743254197468,0.0003436169463771995,0.9865766397994253
1994,0.011880936796051053,0.0003015141102448356,0.987817549093704
1995,0.011787701104579409,0.00025165261358930664,0.9879606462818313
1996,0.0126360769400537,0.00020013040593601267,0.9871637926540103
1997,0.01429258134426099,0.00015262953256403084,0.9855547891231751
1998,0.0166518837846763,0.00011402040373004742,0.9832340958115936
1999,0.019633886059513436,8.80804055327342e-05,0.9802780335349538
2000,0.023180503433835084,7.731719138259517e-05,0.9767421793747824
2001,0.027252358947144662,8.288694957817367e-05,0.9726647541032771
2002,0.03182553034677734,0.0001045983232662971,0.9680698713299563
2003,0.036888444345790715,0.00014099341619093378,0.9629705622380184
2004,0.04243897286498242,0.00018949784328210016,0.9573715292917354
2005,0.04848176538025726,0.0002466319501132774,0.9512716026696294
2006,0.05502583483583481,0.0003082751431359691,0.9446658900210292
2007,0.062082406723531665,0.000369974855327053,0.9375476184211413
2008,0.06966303287390721,0.0004272909352527495,0.92990967619084
2009,0.07777796893250379,0.000476165604155461,0.9217458654633407
2010,0.08643481261666724,0.0005133083973384918,0.9130518789859942
2011,0.09563739443751088,0.0005365850104440167,0.9038260205520451
2012,0.10538491296861292,0.0005453989161745738,0.8940696881152125
2013,0.11567130064248869,0.0005410545824252663,0.8837876447750861
2014,0.1264848057710566,0.0005270916741922204,0.8729881025547511
2015,0.1378077723557001,0.0005095804077002768,0.8616826472365996
2016,0.14961659742729852,0.0004973693747158093,0.8498860331979856
2017,0.16188184271781972,0.000502278334753727,0.8376158789474266
2018,0.17456847776725262,0.0005392299622756925,0.8248922922704717
2019,0.18763623163771354,0.000626315988276789,0.8117374523740097
2020,0.2010400280038441,0.0007847946083718623,0.798175177387784
2021,0.2147304855952929,0.001039017251466276,0.7842304971532408
2022,0.2286544621915665,0.0014162844141843926,0.7699292533942491
2023,0.2427556261138403,0.0019466308864297774,0.75529774299973
2024,0.2569750448934698,0.0026625421715870895,0.7403624129349431
2025,0.27125177640811354,0.0035986045642218524,0.7251496190276645
2026,0.28552345858169936,0.004791092683064219,0.7096854487352364
2027,0.2997268938948332,0.006277498698822932,0.6939956074063439
2028,0.3137986211275255,0.008096009413051386,0.6781053694594231
2029,0.3276754804638153,0.010284937564784694,0.6620395819714
2030,0.34129516798203363,0.0128821159511871,0.6458227160667793
2031,0.3545967785785632,0.015924264293993507,0.6294789571274433
2032,0.3675213435229141,0.019446339076403512,0.6130323174006823
2033,0.38001235428010466,0.023480880167273805,0.5965067655526216
2034,0.39201627493791474,0.028057368150140226,0.579926356911945
2035,0.4034830389881196,0.03320160676861341,0.563315354243267
2036,0.41436652385802186,0.03893514729072647,0.5466983288512517
2037,0.424624995191394,0.045274770808653574,0.5301002339999524
2038,0.43422151490009997,0.052232044735704614,0.5135464403641954
2039,0.44312430150615195,0.05981296686581721,0.49706273162803083
2040,0.45130703251471554,0.06801771242706382,0.4806752550582206
2041,0.45874907990072916,0.07684049187243873,0.46441042822683215
2042,0.46543567019686716,0.08626952851210005,0.4482948012910329
2043,0.47135795996130364,0.09628715779083204,0.4323548822478642
2044,0.4765130234007567,0.10687004917271371,0.41661692742652956
2045,0.4809037491208422,0.1179895431635325,0.40110670771562534
2046,0.48453864533264174,0.12961209637990143,0.38584925828745675
2047,0.48743155887527906,0.14169981987951796,0.3708686212452029
2048,0.489601313121348,0.15421109582701126,0.3561875910516408
2049,0.49107127635077763,0.1671012517515079,0.3418274718977145
2050,0.4918688693207961,0.1803232745302031,0.32780785614900065
2051,0.4920250288969266,0.19382854045263145,0.3141464306504419
2052,0.4915736393359736,0.20756754379354533,0.30085881687048105
2053,0.490550949577143,0.22149060128368225,0.28795844913917473
2054,0.48899498845215045,0.23554851833453952,0.27545649321331006
2055,0.48694499256960705,0.24969320073775855,0.2633618066926344
2056,0.4844408606114375,0.2638782008057856,0.25168093858277696
2057,0.48152264281633894,0.2780591893204573,0.2404181678632037
2058,0.47823007565813463,0.29219434916759796,0.2295755751742673
2059,0.47460216638323166,0.3062446873310208,0.21915314628574753
2060,0.4706768338600636,0.32017426703880647,0.20914889910112983
2061,0.46649060484748284,0.33395036349132656,0.1995590316611906
2062,0.46207836856291384,0.3475435468499348,0.1903780845871513
2063,0.45747318620407046,0.3609277007475541,0.18159911304837542
2064,0.452706153237322,0.3740799829597394,0.17321386380293863
2065,0.4478063112136061,0.386980735730688,0.1652129530557059
2066,0.44280060198564813,0.39961335680735705,0.1575860412069948
2067,0.4377138636367427,0.4119641346927081,0.15032200167054918
2068,0.4325688581531408,0.42402206072497234,0.14340908112188697
2069,0.42738632874436755,0.4357786218025255,0.136835049453107
2070,0.4221850808787722,0.44722758106574734,0.13058733805548053
2071,0.41698208125039793,0.4583647532408772,0.12465316550872484
2072,0.4117925725689698,0.46918777713911836,0.11901965029191197
2073,0.40663019730518407,0.4796958918133545,0.11367391088146155
2074,0.40150712998894555,0.4898897172846072,0.10860315272644738
2075,0.39643421261053396,0.4997710440242899,0.1037947433651762
2076,0.3914210924691115,0.509342631710778,0.09923627582011062
2077,0.3864763590438457,0.518608019573737,0.09491562138241724
2078,0.38160767935337964,0.5275713480470381,0.0908209725995823
2079,0.3768219301271075,0.5362371928626128,0.08694087701027974
2080,0.37212532584868024,0.5446104108598484,0.08326426329147144
2081,0.36752354164702017,0.5526959983874213,0.0797804599655584
2082,0.36302183215322575,0.5604989599260188,0.07647920792075535
2083,0.3586251435948667,0.5680241887938748,0.07335066761125827
2084,0.35433822195617415,0.5752763565668748,0.07038542147695087
2085,0.35016571471610575,0.5822598127992965,0.06757447248459782
2086,0.3461122680595421,0.5889784926056539,0.06490923933480384
2087,0.3421826191527268,0.5954358319353812,0.06238154891189188
2088,0.33838168349031,0.6016346899432841,0.0599836265664058
2089,0.33471463770190557,0.6075772776497632,0.057708084648331145
2090,0.331186998848456,0.6132650915291313,0.05554790962241262
2091,0.3278046987109885,0.618698853059319,0.053496448229692385
2092,0.32457415518692434,0.6238784518396022,0.05154739297347339
2093,0.32150233903011305,0.628802893919754,0.0496947670501329
2094,0.3185968377594158,0.6334702530483903,0.04793290919219387
2095,0.3158659148023163,0.6378776268230049,0.046256458374678816
2096,0.31331856513643574,0.6420210961896736,0.04466033867389061
2097,0.31096456609609063,0.6458956894944767,0.04313974440943257
2098,0.30881452372796186,0.6494953506981295,0.041690125573908596
2099,0.30687991330774206,0.6528129129217275,0.040307173770530474
