year,Model Uncertainty,Scenario Uncertainty,Inter-Annual Variability
1980,0.23103828674766566,0.003663941298694899,0.7652977719536395
1981,0.1947185846170519,0.0022248384394264044,0.8030565769435216
1982,0.1623435439903201,0.0012016637767317834,0.836454792232948
1983,0.13403198812884468,0.0005394321890045681,0.8654285796821507
1984,0.10970313086390514,0.00017350894815747032,0.8901233601879375
1985,0.08912403780388187,3.6347573999893545e-05,0.9108396146221183
1986,0.07196235805041663,6.304069983837243e-05,0.9279746012497451
1987,0.05783585825505298,0.0001952779148259921,0.941968863830121
1988,0.04635351358586435,0.00038369733102583127,0.9532627890831098
1989,0.03714598478860288,0.0005888700843425287,0.9622651451270545
1990,0.02988560654112941,0.0007812644580887917,0.9693331290007817
1991,0.024297333825122006,0.0009405389226828108,0.9747621272521952
1992,0.020162609006602505,0.0010544549385336861,0.9787829360548638
1993,0.01731811043400174,0.0011176235271261159,0.9815642660388721
1994,0.015651050926477443,0.0011302246412732862,0.9832187244322493
1995,0.015092331716186805,0.0010967792448988581,0.9838108890389143
1996,0.015608502188116843,0.0010250130919780404,0.9833664847199052
1997,0.017193204697089542,0.0009248262352791209,0.9818819690676313
1998,0.019858583006668547,0.0008073688518066202,0.9793340481415248
1999,0.023627013362487646,0.0006842218777896175,0.9756887647597227
2000,0.028523442575046045,0.0005666800887881763,0.9709098773361657
2001,0.0345685755229086,0.00046513989158167437,0.9649662845855097
2002,0.04177312269334573,0.00038859642900224253,0.957838280877652
2003,0.05013327556263348,0.00034425714418876086,0.9495224672931778
2004,0.05962753821258521,0.0003372778284647216,0.94003518395895
2005,0.07021496348572834,0.00037062483319214685,0.9294144116810795
2006,0.0818347757952272,0.0004450621853579795,0.9177201620194149
2007,0.09440727442552484,0.0005592563644591838,0.905033469210016
2008,0.10783584026478704,0.0007099854007330498,0.8914541743344799
2009,0.12200980138897062,0.0008924333840647883,0.8770977652269646
2010,0.13680787991456517,0.001100547802585077,0.8620915722828497
2011,0.1521019436043182,0.001327435795869704,0.846570620599812
2012,0.16776076963762265,0.0015657752201679316,0.8306734551422094
2013,0.18365360682641096,0.0018082201078653169,0.8145381730657237
2014,0.19965333461763138,0.0020477830286418103,0.7982988823537268
2015,0.21563910725234875,0.002278182974934102,0.7820827097727171
2016,0.2314984107453342,0.002494151203680531,0.7660074380509853
2017,0.24712851909179404,0.002691693550026502,0.7501797873581794
2018,0.2624373793601897,0.0028683103965241323,0.7346943102432862
2019,0.2773439889260529,0.00302318006238091,0.7196328310115662
2020,0.2917783311060649,0.0031573112869403707,0.7050643576069948
2021,0.3056809761029989,0.003273674054022699,0.6910453498429784
2022,0.3190024083507061,0.0033773156444054735,0.6776202760048885
2023,0.3317021867797013,0.003475470536971614,0.6648223426833272
2024,0.34374799475225,0.003577670170361848,0.6526743350773883
2025,0.35511463912598346,0.003695858336451178,0.6411895025375652
2026,0.3657830630400977,0.003844515888009905,0.6303724210718925
2027,0.37573938484358177,0.004040797063165985,0.6202198180932523
2028,0.3849740216546764,0.004304677181073421,0.6107213011642503
2029,0.39348088699057565,0.004659110263682823,0.6018600027457415
2030,0.40125669770493083,0.005130192564738665,0.5936131097303305
2031,0.4083003893300478,0.005747324693882837,0.5859522859760694
2032,0.41461264350923277,0.006543363723914336,0.5788439927668528
2033,0.4201955356631437,0.007554752586022949,0.5722497117508334
2034,0.4250522968073656,0.008821610613366674,0.5661260925792676
2035,0.4291871943272049,0.010387767361719528,0.5604250383110755
2036,0.43260552549938985,0.012300714493207777,0.5550937600074024
2037,0.43531372720471073,0.01461145248973266,0.5500748203055568
2038,0.43731958741691335,0.017374200949842322,0.5453062116332444
2039,0.438632562478699,0.02064594294110839,0.5407214945801926
2040,0.4392641861445099,0.0244857703647846,0.5362500434907054
2041,0.43922854711374926,0.02895400731349638,0.5318174455727543
2042,0.43854283116169973,0.03411108090697311,0.527346087931327
2043,0.4372278870923236,0.040016132945025894,0.5227559799626506
2044,0.43530878645699905,0.04672537271659867,0.5179658408264022
2045,0.4328153380914773,0.05429018937047293,0.5128944725380498
2046,0.4297825079063406,0.06275507375565209,0.5074624183380074
2047,0.42625068843792385,0.07215541932796844,0.5015938922341076
2048,0.4222657710448242,0.08251530840830103,0.49521892054687483
2049,0.417878969208294,0.09384540729505514,0.4882756234966509
2050,0.4131463541260878,0.10614112744481544,0.48071251842909674
2051,0.4081280863103504,0.1193812021594887,0.4724907115301608
2052,0.4028873352486037,0.13352684361082007,0.4635858211405762
2053,0.397488926741275,0.14852159946148122,0.45398947379724375
2054,0.39199776084574234,0.16429200743964667,0.44371023171461094
2055,0.38647709544513986,0.18074907248984057,0.4327738320650197
2056,0.3809867850296459,0.1977905356896924,0.42122267928066165
2057,0.37558159680416153,0.21530382396282538,0.40911457923301314
2058,0.37030971012858654,0.23316951347540893,0.3965207763960045
2059,0.36521150174246964,0.2512650888853767,0.38352340937215373
2060,0.3603186852935351,0.2694687625540778,0.37021255215238696
2061,0.3556538537405549,0.2876631093220877,0.35668303693735737
2062,0.3512304325772218,0.3057383060260251,0.34303126139675316
2063,0.3470530147567421,0.32359481648768623,0.32935216875557166
2064,0.34311803323214896,0.3411454038842421,0.3157365628836089
2065,0.3394146924633155,0.35831643523836054,0.3022688722983239
2066,0.33592608360998194,0.3750484852975283,0.2890254310924896
2067,0.3326303999291698,0.3912963034246302,0.27607329664619995
2068,0.32950217747714766,0.4070282374919465,0.2634695850309058
2069,0.32651349661971407,0.4222252322872137,0.25126127109307217
2070,0.32363510163804465,0.43687951598394675,0.23948538237800848
2071,0.3208374008088995,0.45099309674278476,0.22816950244831571
2072,0.31809133266748807,0.4645761662389782,0.21733250109353366
2073,0.3153690936586041,0.47764549452736427,0.20698541181403163
2074,0.312644731038086,0.49022288001479664,0.1971323889471173
2075,0.3098946140160176,0.5023337005916205,0.18777168539236183
2076,0.3070978015194467,0.5140055893228217,0.17889660915773156
2077,0.3042363216297237,0.5252672533936081,0.17049642497666817
2078,0.30129538683361223,0.5361474322870468,0.16255718087934107
2079,0.2982635602437094,0.5466739929795179,0.15506244677677256
2080,0.29513289217556427,0.5568731475852651,0.14799396023917077
2081,0.2918990423801411,0.5667687769526882,0.14133218066717063
2082,0.2885613977215611,0.5763818480950167,0.1350567541834223
2083,0.28512320180070494,0.5857299003612079,0.12914689783808717
2084,0.28159169698169406,0.5948265935141664,0.12358170950413956
2085,0.27797829214115616,0.6036812939894939,0.11834041386934989
2086,0.2742987535200668,0.612298694897728,0.1134025515822052
2087,0.2705734235091144,0.6206784552907606,0.1087481212001251
2088,0.266827463878339,0.6288148543394972,0.10435768178216373
2089,0.26309112101464127,0.6366964560850471,0.10021242290031153
2090,0.2594000046617676,0.644305786323585,0.09629420901464733
2091,0.25579537098101235,0.651619024504604,0.09258560451438379
2092,0.252324396491207,0.6586057202226641,0.08906988328612885
2093,0.2490404240294721,0.6652285468176767,0.08573102915285126
2094,0.2460031591313762,0.6714431108195995,0.08255373004902426
2095,0.24327879122161408,0.6771978389647108,0.07952336981367525
2096,0.24094000480286146,0.682433974029325,0.07662602116781357
2097,0.23906584920563695,0.6870857086785385,0.07384844211582463
2098,0.23774142183946673,0.6910804995603959,0.0711780786001375
2099,0.2370573270372476,0.6943395982032369,0.06860307475951562
