year,Model Uncertainty,Scenario Uncertainty,Inter-Annual Variability
1980,0.35948575494635465,0.005051800838312926,0.6354624442153325
1981,0.307791083965648,0.003860226281506045,0.6883486897528459
1982,0.2575930839780422,0.0028358471143637583,0.739571068907594
1983,0.21012994173898003,0.0019875550989719762,0.787882503162048
1984,0.1665283588887448,0.0013170833209733492,0.8321545577902819
1985,0.12770535370773042,0.0008189630992094084,0.8714756831930602
1986,0.09429698408899713,0.00048138696189724197,0.9052216289491057
1987,0.06662523950022785,0.00028779580883031786,0.9330869646909418
1988,0.04470520916803107,0.00021886196374782153,0.9550759288682211
1989,0.028285912163257206,0.0002544979938507592,0.971459589842892
1990,0.016912607152530446,0.00037558059820255415,0.9827118122492671
1991,0.009997036745181032,0.0005652024183060892,0.9894377608365128
1992,0.0068841745990830564,0.0008093974666380916,0.9923064279342789
1993,0.006908001588078568,0.0010973915947688432,0.9919946068171526
1994,0.00943298154021276,0.0014214872880931445,0.9891455311716941
1995,0.013881188332799674,0.001776710750213527,0.9843421009169867
1996,0.01974704793883868,0.002160335091285794,0.9780926169698756
1997,0.026602537164476164,0.0025713685559179333,0.970826094279606
1998,0.03409574047981081,0.0030100669879968654,0.9628941925321923
1999,0.041945273185323935,0.0034775049625384302,0.9545772218521377
2000,0.04993251061259537,0.003975220941614662,0.9460922684457899
2001,0.05789299728422096,0.004504940337660279,0.9376020623781188
2002,0.0657079163035519,0.005068372265977652,0.9292237114304704
2003,0.07329614491567656,0.005667073622387802,0.9210367814619357
2004,0.08060714338757625,0.006302371725401765,0.9130904848870219
2005,0.08761476866210602,0.006975338642422957,0.9054098926954711
2006,0.09431199274473544,0.0076868091839145105,0.89800119807135
2007,0.10070645090948455,0.00843743827719174,0.8908561108133237
2008,0.10681672251136194,0.00922779032864102,0.8839554871599972
2009,0.11266923835452079,0.010058458649743224,0.8772723029957359
2010,0.11829572061308177,0.010930209120346068,0.8707740702665722
2011,0.1237310614331869,0.01184414491643642,0.8644247936503766
2012,0.12901157128129498,0.012801888966765285,0.8581865397519397
2013,0.13417353429047554,0.013805778430441314,0.8520206872790831
2014,0.13925201983659047,0.014859068893365168,0.8458889112700444
2015,0.1442799132694556,0.015966142694120826,0.8397539440364236
2016,0.14928713561049514,0.01713271599407089,0.8335801483954339
2017,0.15430002764994022,0.018366040980824578,0.8273339313692352
2018,0.15934087773299863,0.019675096264232802,0.8209840260027685
2019,0.1644275828453694,0.021070762280146014,0.8145016548744846
2020,0.16957342580592238,0.022565974392796586,0.8078605998012811
2021,0.1747869582472396,0.024175849636876676,0.8010371921158836
2022,0.18007198229814658,0.02591778266848269,0.7940102350333708
2023,0.18542761631520258,0.027811504503124057,0.7867608791816735
2024,0.1908484387018257,0.029879101829816644,0.7792724594683575
2025,0.19632469884304382,0.03214499120057985,0.7715303099563763
2026,0.20184258971701272,0.03463584524109524,0.7635215650418922
2027,0.2073845656442675,0.03738046659850945,0.7552349677572231
2028,0.21292970846253817,0.04040960927250522,0.7466606822649566
2029,0.2184541225070435,0.0437557412160795,0.7377901362768771
2030,0.22393136209818562,0.047452750806804424,0.7286158870950099
2031,0.2293328793972543,0.05153559252464844,0.7191315280780973
2032,0.23462848776953757,0.05603987463208835,0.709331637598374
2033,0.239786839173833,0.06100139043520935,0.6992117703909577
2034,0.24477590944712588,0.06645559275733712,0.6887684977955371
2035,0.24956348632702585,0.07243702059451229,0.6779994930784619
2036,0.25411766019483245,0.07897868187008743,0.6669036579350801
2037,0.25840731149203244,0.08611140156214103,0.6554812869458265
2038,0.26240258871780353,0.09386314727220965,0.6437342640099868
2039,0.2660753778083717,0.10225834666146084,0.6316662755301675
2040,0.2693997515498188,0.111317209556454,0.6192830388937273
2041,0.272352395503898,0.12105507817725576,0.6065925263188463
2042,0.27491300394328005,0.13148181989690702,0.593605176159813
2043,0.27706463477181764,0.1426012878610865,0.5803340773670959
2044,0.27879402024534644,0.15441086688799333,0.5667951128666602
2045,0.28009181886751566,0.1669011284996764,0.5530070526328079
2046,0.28095280643065007,0.1800556082202817,0.5389915853490682
2047,0.28137599591737206,0.19385072635496403,0.524773277727664
2048,0.28136468173125584,0.20825585536192992,0.5103794629068142
2049,0.2809264059539608,0.22323354701852005,0.4958400470275191
2050,0.2800728427391054,0.23873991303930453,0.4811872442215901
2051,0.2788196054114535,0.25472515579220567,0.4664552387963407
2052,0.27718597893432106,0.27113423539981985,0.4516797856658591
2053,0.27519458650832185,0.287907653828658,0.43689775966302014
2054,0.27287099785704516,0.30498233317328505,0.42214666896966974
2055,0.27024329357017945,0.3222925605855191,0.40746414584430163
2056,0.2673415973617247,0.33977097005240964,0.39288743258586556
2057,0.26419759289210876,0.35734952710265017,0.3784528800052412
2058,0.2608440347039124,0.37496049547991833,0.36419546981616924
2059,0.25731427399968465,0.3925373445805401,0.3501483814197752
2060,0.253641808634989,0.41001558404762123,0.33634260731738974
2061,0.24985986648123334,0.42733350327342223,0.3228066302453444
2062,0.24600103583282038,0.4444327964552569,0.30956616771192286
2063,0.2420969466933304,0.46125906873298333,0.2966439845736863
2064,0.23817800747874607,0.47776221699823596,0.28405977552301803
2065,0.23427319687885725,0.4938966895127598,0.27183011360838305
2066,0.23040991671114114,0.5096216216026124,0.2599684616862465
2067,0.22661389645639288,0.5249008652942916,0.2484852382493156
2068,0.22290914859626484,0.5397029194460171,0.23738793195771807
2069,0.21931797005380535,0.5540007735519069,0.22668125639428774
2070,0.21586098218999036,0.5677716829462174,0.21636733486379223
2071,0.2125572053366463,0.5809968844786366,0.206445910184717
2072,0.20942415739417775,0.5936612741822962,0.1969145684235262
2073,0.2064779739842823,0.6057530543949441,0.18776897162077358
2074,0.20373354182805709,0.6172633657541541,0.17900309241778894
2075,0.20120463983416442,0.6281859141091983,0.17060944605663722
2076,0.19890408253060315,0.6385166039413179,0.16257931352807894
2077,0.19684386326214962,0.6482531812981739,0.15490295543967653
2078,0.19503528952168123,0.6573948993632289,0.14756981111508982
2079,0.19348911123006635,0.6659422055919418,0.1405686831779918
2080,0.19221563684917184,0.6738964574160327,0.1338879057347956
2081,0.19122483465710507,0.6812596696656318,0.12751549567726322
2082,0.19052642060406977,0.6880342914679256,0.12143928792800457
2083,0.19012992760902153,0.6942230188939185,0.11564705349706007
2084,0.19004475838803256,0.6998286387774961,0.1101266028344714
2085,0.19028022018355165,0.7048539058673257,0.10486587394912267
2086,0.19084554127722517,0.7093014514395758,0.09985300728319896
2087,0.1917498683295798,0.713173723908505,0.0950764077619153
2088,0.193002247151682,0.7164729571207682,0.09052479572754978
2089,0.194611585111989,0.7192011673525317,0.08618724753547935
2090,0.19658659624899047,0.7213601766883061,0.08205322706270347
2091,0.19893573177809448,0.722951658919567,0.07811260930233849
2092,0.20166709418845682,0.7239772091336852,0.07435569667785798
2093,0.20478833912156436,0.7244384314475706,0.07077322943086506
2094,0.2083065640979685,0.7243370454550734,0.0673563904469582
2095,0.21222818814651168,0.723675006065917,0.06409680578757136
2096,0.21655882251032782,0.7224546364271419,0.060986541062530174
2097,0.2213031361328425,0.7206787692842681,0.058018094582889285
2098,0.22646471748801805,0.7183508947785336,0.05518438773344825
2099,0.23204593600061985,0.715475311078397,0.05247875292098328
