year,Model Uncertainty,Scenario Uncertainty,Inter-Annual Variability
1980,0.11645445165036089,0.0010888022953455087,0.8824567460542937
1981,0.09919858627271473,0.0005499977065961531,0.9002514160206891
1982,0.08383129474043588,0.00022383244448031899,0.9159448728150837
1983,0.07026733872332871,5.675646182324803e-05,0.929675904814848
1984,0.0583993075924187,2.222446501973222e-06,0.9415984699610792
1985,0.04810596690189788,2.1181188422506086e-05,0.9518728519096796
1986,0.03925951291397588,8.209532337502224e-05,0.960658391762649
1987,0.031731554314145684,0.0001605844510527144,0.9681078612348015
1988,0.025397790827395232,0.00023881082867311537,0.9743633983439317
1989,0.020141462678207163,0.0003047022627750166,0.9795538350590178
1990,0.01585570935576211,0.0003510914638939457,0.9837931991803439
1991,0.012445004574339676,0.0003748332966133078,0.987180162129047
1992,0.009825840536000136,0.00037594431317945526,0.9897982151508204
1993,0.007926824521074648,0.00035679530054856713,0.9917163801783767
1994,0.006688332004704168,0.00032137603355317435,0.9929902919617426
1995,0.006061838094545335,0.00027464325798122734,0.9936635186474735
1996,0.006009027133978714,0.00022195726850260817,0.9937690155975186
1997,0.006500759435438601,0.00016860823195900254,0.9933306323326024
1998,0.007515956249105189,0.00011943116357582277,0.992364612587319
1999,0.009040450537429339,7.850698065627471e-05,0.9908810424819144
2000,0.011065838452491199,4.8946033672323185e-05,0.9888852155138365
2001,0.01358835799828854,3.275015525818669e-05,0.9863788918464532
2002,0.016607815466195712,3.074871466650108e-05,0.9833614358191378
2003,0.020126573409724076,4.260383547218604e-05,0.9798308227548037
2004,0.02414861178427084,6.687945701362686e-05,0.9757845087587156
2005,0.028678670249441013,0.00010116836932036633,0.9712201613812387
2006,0.03372147614157689,0.00014227082248198536,0.9661362530359411
2007,0.03928106263826589,0.00018641768384207157,0.9605325196778921
2008,0.04536017739385912,0.00022953060324942126,0.9544102920028915
2009,0.051959781944139506,0.00026751110534713017,0.9477727069505134
2010,0.0590786386627722,0.0002965503955193763,0.9406248109417085
2011,0.06671298238994851,0.00031345117436725953,0.9329735664356842
2012,0.07485627075149084,0.0003159531067404403,0.9248277761417688
2013,0.08349900736847692,0.0003030535588716181,0.9161979390726513
2014,0.09262862934111077,0.00027531555637318243,0.9070960551025161
2015,0.10222945288141992,0.0002351555869760128,0.8975353915316041
2016,0.11228266699703042,0.0001871042668565537,0.8875302287361131
2017,0.12276636861060673,0.00013803361172813844,0.8770955977776652
2018,0.1336556305453459,9.734538649442073e-05,0.8662470240681596
2019,0.14492259638409963,7.71156666983593e-05,0.8550002879492021
2020,0.1565365956892532,9.219138274960379e-05,0.8433712129279972
2021,0.16846427561053332,0.0001602353458596171,0.831375489043607
2022,0.18066974583909665,0.00030171680890473003,0.8190285373519987
2023,0.19311473472771656,0.0005398452752516303,0.8063454199970318
2024,0.20575875616425898,0.0009004458564523662,0.7933407979792887
2025,0.21855928908929612,0.001411775203902927,0.780028935706801
2026,0.23147197061769742,0.002104277723919763,0.7664237516583828
2027,0.24445080571025157,0.0030102827510867305,0.7525389115386617
2028,0.2574483971859568,0.004163644223603079,0.7383879585904402
2029,0.27041619881325357,0.005599325868328822,0.7239844753184176
2030,0.2833047960265513,0.007352935869508487,0.7093422681039402
2031,0.2960642145267761,0.009460216908071388,0.6944755685651525
2032,0.3086442614937242,0.01195649872677687,0.679399239779499
2033,0.3209948969252913,0.014876122549010046,0.6641289805256988
2034,0.333066635403664,0.01825184809631907,0.6486815165000168
2035,0.3448109751635774,0.022114255006267295,0.6330747698301553
2036,0.35618084831574087,0.026491153500255295,0.6173279981840037
2037,0.3671310869842425,0.031407017627117444,0.60146189538864
2038,0.3776188944467249,0.0368824579274393,0.5854986476258358
2039,0.3876043123689681,0.04293374737096495,0.5694619402600669
2040,0.3970506726984728,0.04957241598035689,0.5533769113211704
2041,0.40592502058256236,0.05680492781852699,0.5372700515989108
2042,0.41419849720777885,0.06463245013691057,0.5211690526553105
2043,0.4218466694873568,0.07305072535325202,0.5051026051593911
2044,0.4288497976600063,0.08205004924102734,0.48910015309896643
2045,0.43519302946040656,0.09161535911967994,0.4731916114199135
2046,0.44086651512159813,0.1017264287690271,0.45740705610937465
2047,0.4458654401858219,0.11235816527832226,0.4417763945358557
2048,0.45018997232195623,0.12348099854868157,0.4263290291293622
2049,0.4538451257832668,0.13506135154139687,0.41109352267533633
2050,0.4568405470048274,0.1470621763415318,0.39609727665364075
2051,0.4591902296392279,0.15944353913904669,0.38136623122172536
2052,0.46091216623406034,0.17216323835187605,0.3669245954140636
2053,0.46202794999976865,0.18517743579790202,0.3527946142023293
2054,0.4625623372592763,0.19844128592910185,0.3389963768116218
2055,0.46254278372498225,0.2119095464671578,0.32554766980785993
2056,0.4619989674719606,0.2255371559779847,0.3124638765500547
2057,0.4609623108407291,0.23927976703130444,0.2997579221279664
2058,0.45946551155670884,0.25309422672181875,0.28744026172147236
2059,0.45754209453857164,0.2669389949842177,0.2755189104772106
2060,0.45522599030210004,0.2807745002339653,0.2639995094639347
2061,0.45255114893398346,0.29456342780423095,0.25288542326178554
2062,0.44955119254908055,0.308270942945711,0.2421778645052085
2063,0.44625911033546567,0.32186485062867054,0.23187603903586368
2064,0.44270699684653075,0.33531569592297433,0.22197730723049486
2065,0.4389258349661938,0.3485968095350297,0.21247735549877655
2066,0.4349453207372744,0.36168430537855306,0.20337037388417264
2067,0.4307937297203577,0.37455703502771653,0.19464923525192585
2068,0.42649782082506604,0.38719650665460137,0.18630567252033253
2069,0.4220827750419217,0.39958677435366924,0.17833045060440902
2070,0.4175721652355581,0.41171430365112954,0.17071353111331242
2071,0.41298795324787163,0.42356781954366624,0.1634442272084623
2072,0.4083505104764407,0.4351381415626038,0.15651134796095562
2073,0.40367865824795846,0.4464180111056334,0.1499033306464081
2074,0.39898972463864296,0.4574019144069879,0.14360836095436924
2075,0.39429961439294603,0.4680859048350127,0.13761448077204141
2076,0.3896228886041961,0.4784674277941823,0.13190968360162172
2077,0.38497285293727285,0.4885451488151981,0.12648199824752898
2078,0.38036164981573745,0.4983187891116169,0.12131956107264569
2079,0.37580035495130376,0.5077889675055474,0.11641067754314895
2080,0.3712990751188497,0.5169570508071757,0.11174387407397468
2081,0.3668670461397042,0.5258250132741501,0.10730794058614566
2082,0.3625127302335583,0.5343953047730657,0.10309196499337601
2083,0.3582439116587868,0.5426707281683774,0.09908536017283597
2084,0.35406778983403014,0.5506543258120438,0.09527788435392616
2085,0.3499910699839292,0.5583492742316365,0.09165965578443433
2086,0.3460200503017302,0.565758787523476,0.0882211621747939
2087,0.3421607059518585,0.5728860282049761,0.08495326584316536
2088,0.3384187697520806,0.5797340251760161,0.08184720507190334
2089,0.33479980915964713,0.5863055986299599,0.07889459221039297
2090,0.33130929994902036,0.5926032909180787,0.07608740913290092
2091,0.32795269685025163,0.5986293026547228,0.07341800049502563
2092,0.3247355005756256,0.6043854342732691,0.07087906515110531
2093,0.3216633222196704,0.6098730316780319,0.0684636461022977
2094,0.31874194451212146,0.6150929361461365,0.06616511934174205
2095,0.31597738020609645,0.6200454379562393,0.06397718183766432
2096,0.31337592806730735,0.6247302330484763,0.06189383888421629
2097,0.31094422602890864,0.6291463829313269,0.059909391039764476
2098,0.3086893018556585,0.6332922773194987,0.05801842082484283
2099,0.306618620908875,0.6371655997854989,0.056215779305626074
