year,Model Uncertainty,Scenario Uncertainty,Inter-Annual Variability
1980,0.10803628728970609,0.0006128804313282949,0.8913508322789657
1981,0.09039070463761363,0.00027018077870507944,0.9093391145836812
1982,0.0753346937266448,9.3937171072566e-05,0.9245713691022827
1983,0.06262014950418415,3.412409897959982e-05,0.9373457263968362
1984,0.05197812295952734,4.854486516580136e-05,0.9479733321753069
1985,0.04313674588740348,0.00010329258869838853,0.9567599615238981
1986,0.03583491743665144,0.00017256415476600695,0.9639925184085826
1987,0.029831907844778634,0.00023802611846575258,0.9699300660367557
1988,0.024913394621846417,0.0002879090080152096,0.9747986963701384
1989,0.020894607307726486,0.00031597013292630863,0.9787894225593472
1990,0.01762127238115766,0.0003204269859855778,0.9820583006328567
1991,0.014968981472744813,0.000302928570371816,0.9847280899568833
1992,0.012841497867731198,0.0002676050622603916,0.9868908970700084
1993,0.011168399627160524,0.00022021644312670465,0.9886113839297128
1994,0.009902350099179592,0.00016740770539717563,0.9899302421954234
1995,0.009016197951073035,0.00011607063962541904,0.9908677314093015
1996,0.008500039721990786,7.28085117367488e-05,0.9914271517662725
1997,0.008358328459816565,4.3498468731856513e-05,0.9915981730714516
1998,0.008607078943617653,3.294687298009998e-05,0.9913599741834022
1999,0.009271199151778424,4.463349588117401e-05,0.9906841673523404
2000,0.010381967110844267,8.05413962239614e-05,0.9895374914929318
2001,0.01197466828649524,0.00014106996012710533,0.9878842617533777
2002,0.014086406318748896,0.0002250286715182133,0.9856885650097329
2003,0.016754103277136386,0.00032970867497818967,0.9829161880478854
2004,0.020012705758634848,0.0004510283786038089,0.9795362658627613
2005,0.02389361359628764,0.0005837475505818842,0.9755226388531304
2006,0.02842334710295085,0.0007217432057328299,0.9708549096913164
2007,0.0336224662795906,0.0008583382899097251,0.9655191954304997
2008,0.03950474941842219,0.0009866729370858651,0.9595085776444919
2009,0.046076632171810954,0.0011001065458583527,0.9528232612823307
2010,0.05333690188798011,0.0011926382176715186,0.9454704598943484
2011,0.06127663250617057,0.0012593328221223634,0.937464034671707
2012,0.06987933808952684,0.0012967400250293371,0.9288239218854438
2013,0.07912131817319734,0.001303294754556711,0.919575387072246
2014,0.08897216066002182,0.00127968872714528,0.9097481506128329
2015,0.0993953660258974,0.0012292040102226149,0.89937542996388
2016,0.11034905740387647,0.001158001826087259,0.8884929407700363
2017,0.12178673767031074,0.0010753610304083186,0.877137901299281
2018,0.13365806199175959,0.0009938625568373801,0.865348075451403
2019,0.14590959634231568,0.0009295175106204984,0.8531608861470638
2020,0.15848553668242332,0.0009018372266456505,0.840612626090931
2021,0.17132837269421616,0.0009338447654251718,0.8277377825403586
2022,0.18437948216839548,0.0010520271699186053,0.8145684906616859
2023,0.1975796512226306,0.0012862279796143458,0.801134120797755
2024,0.2108695182435508,0.0016694793263535895,0.7874610024300955
2025,0.2241899476071375,0.0022377726480840134,0.7735722797447785
2026,0.23748233825218645,0.0030297666378561396,0.7594878951099574
2027,0.2506888800847946,0.004086431025280573,0.7452246888899248
2028,0.26375276945514137,0.0054506249728908645,0.7307966055719678
2029,0.2766183986927003,0.007166609391249077,0.7162149919160508
2030,0.28923153208223346,0.009279493385830026,0.7014889745319366
2031,0.30153948276050807,0.01183461667235276,0.6866259005671392
2032,0.3134913018324608,0.014876871987132266,0.6716318261804071
2033,0.3250379884051729,0.01844997407950229,0.6565120375153247
2034,0.3361327298935033,0.022595684877034953,0.6412715852294617
2035,0.34673117327941905,0.027353007955471523,0.6259158187651095
2036,0.35679173060083763,0.032757368886717014,0.6104509005124453
2037,0.36627591328562037,0.038839801342479816,0.5948842853718999
2038,0.37514868961885706,0.045626162143575344,0.5792251482375675
2039,0.38337885501505464,0.05313640025213,0.5634847447328154
2040,0.3909394014555077,0.061383905841998744,0.5476766927024935
2041,0.39780787137378126,0.0703749665887901,0.5318171620374287
2042,0.40396667846734885,0.08010835504395285,0.5159249664886983
2043,0.40940337932520526,0.09057506906948988,0.5000215516053048
2044,0.41411087814729103,0.10175824251169949,0.48413087934100946
2045,0.4180875513021689,0.11363323637696034,0.4682792123208707
2046,0.4213372785645756,0.12616791502848476,0.4524948064069397
2047,0.4238693755289147,0.13932310212278726,0.436807522348298
2048,0.4256984205242603,0.15305320568933267,0.42124837378640706
2049,0.42684398096658166,0.16730699190027784,0.4058490271331405
2050,0.427330242714714,0.1820284823314312,0.3906412749538548
2051,0.42718555398149616,0.1971579432512751,0.3756565027672288
2052,0.42644189860083803,0.21263293324566343,0.36092516815349857
2053,0.42513431517578043,0.22838937321999914,0.3464763116042203
2054,0.42330028151105,0.24436260393187864,0.33233711455707154
2055,0.42097908347109314,0.2604883993086785,0.31853251722022824
2056,0.4182111887113049,0.27670390569685055,0.30508490559184454
2057,0.4150376416672964,0.29294848499001164,0.2920138733426921
2058,0.4114994960192018,0.30916444378669417,0.27933606019410406
2059,0.40763729786786534,0.32529763671678413,0.26706506541535063
2060,0.4034906280007495,0.3412979395545126,0.2552114324447379
2061,0.3990977114229671,0.35711959105341134,0.24378269752362144
2062,0.39449509522987225,0.37272141023081434,0.23278349453931332
2063,0.3897173981718754,0.38806689527945115,0.22221570654867331
2064,0.38479712673117167,0.4031242187320905,0.21207865453673774
2065,0.37976455637068257,0.417866130208943,0.2023693134203744
2066,0.37464767119059383,0.4322697823720067,0.19308254643739944
2067,0.3694721558202732,0.4463164946892219,0.18421134949050494
2068,0.36426143284018014,0.4599914691588847,0.1757470980009351
2069,0.35903673768630373,0.47328347213855143,0.16767979017514478
2070,0.3538172255703657,0.4861844928249301,0.15999828160470414
2071,0.34862010177184916,0.4986893910239936,0.15269050720415714
2072,0.3434607707144223,0.5107955416600795,0.14574368762549814
2073,0.33835299797421653,0.5225024834919848,0.13914451853379864
2074,0.33330907951183186,0.5338115794006101,0.13287934108755797
2075,0.32834001621209086,0.544725689988227,0.12693429379968207
2076,0.3234556877746846,0.555248866563859,0.12129544566145638
2077,0.3186650257698216,0.5653860630450748,0.11594891118510367
2078,0.3139761823610704,0.5751428692621227,0.11088094837680695
2079,0.3093966932923986,0.5845252660004159,0.10607804070718553
2080,0.3049336350575005,0.5935394004471136,0.10152696449538581
2081,0.3005937742529431,0.6021913827670751,0.09721484297998183
2082,0.2963837098868507,0.6104871015605525,0.09312918855259676
2083,0.2923100079369087,0.6184320575076488,0.08925793455544241
2084,0.28837932804723615,0.6260312140774409,0.08558945787532297
2085,0.2845985431558807,0.6332888632625294,0.08211259358159
2086,0.2809748517288905,0.6402085053330057,0.07881664293810386
2087,0.2775158828649203,0.6467927414917172,0.0756913756433625
2088,0.27422979506959466,0.6530431776629251,0.07272702726748012
2089,0.2711253679397731,0.6589603391114404,0.06991429294878643
2090,0.2682120878285485,0.6645435943344621,0.06724431783698946
2091,0.26550022676089874,0.6697910880941195,0.06470868514498175
2092,0.26300091461213304,0.6746996831013499,0.06229940228651701
2093,0.26072620454009804,0.6792649098059509,0.06000888565395108
2094,0.2586891306826904,0.6834809248662547,0.057829944451055
2095,0.2569037580602096,0.6873404779790376,0.05575576396075271
2096,0.2553852227383569,0.6908348887241742,0.05377988853746889
2097,0.25414976259418476,0.693954032757169,0.05189620464864623
2098,0.25321473584492526,0.696686340033528,0.05009892412154663
2099,0.25259862688061163,0.6990188052694628,0.04838256784992541
