year,Model Uncertainty,Scenario Uncertainty,Inter-Annual Variability
1980,0.11662988956201881,0.01650270591149605,0.8668674045264851
1981,0.10550823808732598,0.009773870416459189,0.8847178914962149
1982,0.09538492125324322,0.005147981399650896,0.8994670973471058
1983,0.08599731992286053,0.002247936731812084,0.9117547433453274
1984,0.07713131406971983,0.0007066662179570104,0.9221620197123233
1985,0.06863055167964367,0.00018694184190852755,0.9311825064784478
1986,0.06039947321544967,0.0003921333762463469,0.939208393408304
1987,0.052402187197708776,0.0010703206824329344,0.9465274921198582
1988,0.04465883835624965,0.002014059582108502,0.9533271020616418
1989,0.03724053009505647,0.003057650806358984,0.9597018190985845
1990,0.030263355179242453,0.004073232669766511,0.965663412150991
1991,0.02388171860404687,0.004966538926261766,0.9711517424696913
1992,0.018280893753917584,0.005672788852805404,0.976046317393277
1993,0.013668660922070737,0.006152910985993797,0.9801784280919356
1994,0.010265892751523823,0.006390123092748967,0.9833439841557272
1995,0.00829607181548092,0.006386794854889673,0.9853171333296294
1996,0.007973909241531085,0.006161468381277948,0.985864622377191
1997,0.00949347636869895,0.005745915238935197,0.9847606083923658
1998,0.013016486718562655,0.005182134514629847,0.9818013787668075
1999,0.018661557608490816,0.004519253534820858,0.9768191888566884
2000,0.026495372571381525,0.003810354528249515,0.9696942729003689
2001,0.03652661635260682,0.0031093181833174075,0.9603640654640758
2002,0.04870336739893789,0.0024678214818215304,0.9488288111192407
2003,0.06291430196757712,0.001932658170154791,0.935153039862268
2004,0.07899366464566933,0.0015435434450159176,0.9194627919093148
2005,0.09672952825548953,0.0013315340121633293,0.9019389377323471
2006,0.11587452576581586,0.0013181354914286432,0.8828073387427555
2007,0.13615800821852114,0.0015151026988066765,0.8623268890826722
2008,0.15729851073241996,0.0019248707030329515,0.8407766185645471
2009,0.17901550877620162,0.0025415017437742916,0.8184429894800241
2010,0.2010396554584482,0.0033520006455570292,0.7956083438959948
2011,0.22312096533344603,0.004337841991282335,0.7725411926752715
2012,0.24503470257932897,0.005476562228416,0.7494887351922551
2013,0.26658500145027547,0.0067432975924032685,0.7266717009573213
2014,0.2876064246772207,0.008112177990251277,0.7042813973325279
2015,0.3079638014575655,0.009557524952361651,0.6824786735900729
2016,0.32755074799820444,0.011054829413500666,0.661394422588295
2017,0.3462872534054623,0.012581511446171301,0.6411312351483663
2018,0.3641167010378692,0.014117480015238684,0.6217658189468922
2019,0.38100262114002087,0.01564552268586067,0.6033518561741185
2020,0.39692540210488764,0.017151558376163233,0.5859230395189492
2021,0.41187913571593004,0.018624786655190934,0.5694960776288791
2022,0.4258686974357648,0.020057769053775744,0.5540735335104595
2023,0.43890713090145683,0.02144646448862325,0.53964640460992
2024,0.4510133568796087,0.022790249039000874,0.5261963940813905
2025,0.4622102121415091,0.024091932806059285,0.5136978550524315
2026,0.47252279932216,0.02535779150977706,0.5021194091680629
2027,0.48197712457864467,0.026597621834046358,0.49142525358730904
2028,0.49059898368830446,0.027824825534234134,0.4815761907774613
2029,0.4984130793317392,0.029056527600668763,0.472530393067592
2030,0.5054423273830032,0.03031372558963778,0.4642439470273591
2031,0.5117073292340752,0.03162146929492862,0.45667120147099616
2032,0.5172259929578928,0.033009061703285394,0.4497649453388219
2033,0.5220132783713697,0.0345102735341674,0.44347644809446296
2034,0.5260810603670253,0.036163555044659235,0.43775538458831553
2035,0.529438099111673,0.03801222854467517,0.4325496723436517
2036,0.5320901172833287,0.040104636518756974,0.4278052461979143
2037,0.5340399843688985,0.04249421771747207,0.42346579791362937
2038,0.5352880142193986,0.04523947530237694,0.4194725104782245
2039,0.5358323818489504,0.04840379810808022,0.4157638200429693
2040,0.5356696687167062,0.05205508826388755,0.4122752430194062
2041,0.5347955467517216,0.05626514883681572,0.40893930441146276
2042,0.5332056002222719,0.06110878118869209,0.40568561858903596
2043,0.5308962916248455,0.06666254694683804,0.4024411614283165
2044,0.5278660549284915,0.07300316206275122,0.39913078300875726
2045,0.5241165022602011,0.08020549957013832,0.39567799816966054
2046,0.5196537020972404,0.0883402102848961,0.39200608761786354
2047,0.5144894770648424,0.09747100104522706,0.38803952188993057
2048,0.5086426510870006,0.1076516494417822,0.3837056994712173
2049,0.5021401610967351,0.11892288277962924,0.37893695612363565
2050,0.49501792769085334,0.13130929567312488,0.37367277663602183
2051,0.48732139075441505,0.14481651796201855,0.3678620912835664
2052,0.4791056090883684,0.1594288742225613,0.36146551668907034
2053,0.4704348508424415,0.17510777903518615,0.35445737012237233
2054,0.46138163401114646,0.19179108630705502,0.3468272796817985
2055,0.45202521916882227,0.20939355991543676,0.33858122091574094
2056,0.4424496104427901,0.22780854338766499,0.32974184616954505
2057,0.43274117315905053,0.24691080379034538,0.32034802305060395
2058,0.4229860158895174,0.2665604148040558,0.31045356930642676
2059,0.4132673213494788,0.28660743591870463,0.3001252427318164
2060,0.4036628151510242,0.3068970625058338,0.289440122343142
2061,0.39424254436260164,0.32727489169495033,0.27848256394244814
2062,0.38506711085266127,0.34759193637397656,0.26734095277336223
2063,0.37618645346626134,0.3677090666359232,0.25610447989781543
2064,0.36763921594385646,0.38750063712943644,0.24486014692670707
2065,0.3594526864676659,0.40685714586946514,0.23369016766286904
2066,0.35164324985690026,0.42568687158792307,0.22266987855517675
2067,0.3442172562285575,0.4439165285668081,0.21186621520463444
2068,0.33717219922796493,0.461491043423981,0.20133675734805398
2069,0.33049808955061094,0.4783726071431312,0.19112930330625783
2070,0.32417891460767473,0.494539183392761,0.18128190199956415
2071,0.31819409786622693,0.5099826482642639,0.1718232538695093
2072,0.3125198845059361,0.5247067288656244,0.16277338662843938
2073,0.3071306081130938,0.5387248765533169,0.15414451533358925
2074,0.3019998034991462,0.552058191984879,0.14594200451597472
2075,0.2971011584147479,0.5647334747278707,0.13816536685738134
2076,0.2924093013177421,0.5767814535087203,0.13080924517353743
2077,0.28790043576018814,0.5882352236161108,0.12386434062370101
2078,0.28355283747388016,0.5991289011758661,0.11731826135025367
2079,0.2793472328503477,0.6094964885688783,0.11115627858077401
2080,0.2752670776392846,0.6193709387081086,0.10536198365260685
2081,0.2712987593892267,0.6287833930402482,0.09991784757052508
2082,0.26743173591323094,0.6377625772480279,0.09480568683874115
2083,0.26365862892021596,0.6463343265781751,0.09000704450160879
2084,0.25997528618739413,0.6545212191204715,0.08550349469213447
2085,0.2563808201090427,0.6623422990539729,0.08127688083698441
2086,0.2528776339727929,0.6698128691141236,0.07730949691308346
2087,0.2494714388367301,0.6769443400848696,0.0735842210784004
2088,0.24617126819155868,0.6837441219856145,0.07008460982282683
2089,0.24298948690067262,0.6902155531090478,0.06679495999027955
2090,0.23994180038755591,0.6963578542009576,0.0637003454114865
2091,0.2370472568522686,0.7021661097135542,0.060786633434177166
2092,0.23432824177869507,0.7076312720762638,0.058040486145041134
2093,0.23181046109061265,0.7127401885852632,0.05544935032412404
2094,0.22952290297756547,0.7174756577328482,0.0530014392895864
2095,0.22749777519749,0.721816515612565,0.05068570918994498
2096,0.22577040613243518,0.7257377616761764,0.048491832191388404
2097,0.22437910209896292,0.7292107300279739,0.04641016787306317
2098,0.22336495024402983,0.7322033151740708,0.044431734581899494
2099,0.2227715560307596,0.7346802625623128,0.042548181406927635
