year,Model Uncertainty,Scenario Uncertainty,Inter-Annual Variability
1980,0.05394712050862931,0.00986840785100139,0.9361844716403692
1981,0.039762865469507906,0.006012984238798832,0.9542241502916934
1982,0.029263649779133726,0.003345425678628958,0.9673909245422374
1983,0.021894991094733935,0.0016440261804128021,0.9764609827248532
1984,0.017076466720220857,0.0006927829926878099,0.9822307502870914
1985,0.01424856738807,0.0002950626706181169,0.9854563699413118
1986,0.012903296934151438,0.00028126093074609237,0.9868154421351025
1987,0.012600720344813873,0.0005116902545260651,0.98688758940066
1988,0.01297488245651411,0.0008761441839252776,0.9861489733595605
1989,0.013732574951821779,0.0012914430128914646,0.9849759820352868
1990,0.014647872169377187,0.0016979687932295762,0.9836541590373933
1991,0.01555459487739255,0.0020558789556588937,0.9823895261669485
1992,0.01633814293981614,0.0023414216118665785,0.9813204354483173
1993,0.016927552398735876,0.0025435722094694253,0.9805288753917947
1994,0.017288221719054975,0.0026610847441895817,0.9800506935367553
1995,0.017415467914035455,0.002699964649846513,0.9798845674361181
1996,0.0173289129137576,0.002671333721596765,0.9799997533646456
1997,0.017067608846730493,0.002589636764038961,0.9803427543892306
1998,0.016685778340875784,0.0024711402186461365,0.9808430814404782
1999,0.016249039528098353,0.0023326772203334073,0.9814182832515682
2000,0.01583099939361168,0.0021906041033684636,0.9819783965030199
2001,0.015510131100187504,0.0020599447014482287,0.9824299241983643
2002,0.015366875425631065,0.001953707177390902,0.9826794173969781
2003,0.01548093772111315,0.001882367368112778,0.9826366949107741
2004,0.015928780770109657,0.0018535164630993845,0.9822177027667909
2005,0.016781334808218747,0.0018716743925721855,0.9813469907992091
2006,0.01810196080202299,0.001938269220703932,0.9799597699772731
2007,0.019944711254400647,0.002051781332498215,0.9780035074131012
2008,0.022352932607187157,0.0022080456977228284,0.97543902169509
2009,0.02535824519605934,0.0024007019314101568,0.9722410528725306
2010,0.0289799243235623,0.0026217744256170107,0.9683983012508206
2011,0.033224685616281814,0.00286236208882432,0.9639129522948938
2012,0.03808686006514737,0.003113412505711542,0.9587997274291411
2013,0.0435489261595255,0.0033665523362180127,0.9530845215042566
2014,0.04958234335526406,0.0036149493262408222,0.9468027073184951
2015,0.056148628142459266,0.0038541770426926063,0.9399971948148481
2016,0.06320059810527395,0.004083063360080377,0.9327163385346458
2017,0.07068371083622192,0.004304501668114395,0.9250117874956637
2018,0.07853743057593877,0.004526212333592712,0.9169363570904685
2019,0.08669655824461678,0.00476144374761574,0.9085419980077675
2020,0.09509247739578153,0.005029606442217522,0.899877916162001
2021,0.10365427608145077,0.005356836836469296,0.8909888870820799
2022,0.11230972225856233,0.005776485196027966,0.8819137925454098
2023,0.12098608365330409,0.006329524463689193,0.8726843918830067
2024,0.1296107949059225,0.0070648720339539775,0.8633243330601236
2025,0.13811198251336199,0.008039611738532473,0.8538484057481055
2026,0.14641887357134623,0.009319099962623173,0.8442620264660307
2027,0.15446211558562212,0.010976930773809712,0.8345609536405681
2028,0.16217403981495612,0.013094728805391944,0.8247312313796519
2029,0.1694889091044137,0.015761732424700484,0.8147493584708858
2030,0.17634318123184559,0.01907412233112555,0.8045826964370288
2031,0.18267583180729363,0.02313404726209124,0.794190120930615
2032,0.1884287654016646,0.02804829876737858,0.7835229358309568
2033,0.19354734390651526,0.033926588446130584,0.7725260676473542
2034,0.1979810520018248,0.04087939521702154,0.7611395527811536
2035,0.20168431139126164,0.04901536084502089,0.7493003277637175
2036,0.20461743779542282,0.05843824390170676,0.7369443183028704
2037,0.20674772009993336,0.06924347270220801,0.7240088071978585
2038,0.20805058258096518,0.0815143814368143,0.7104350359822206
2039,0.20851077931356016,0.09531825464906592,0.6961709660373739
2040,0.20812353522313382,0.11070236559573614,0.68117409918113
2041,0.20689555306015567,0.12769022460995105,0.6654142223298932
2042,0.20484578517967092,0.1462782936886273,0.6488759211317019
2043,0.20200586945434726,0.1664334377650119,0.6315606927806409
2044,0.1984201466005579,0.18809136747881974,0.6134884859206224
2045,0.19414518647971452,0.2111562962472693,0.5946985172730161
2046,0.18924879744174739,0.2355019530913875,0.5752492494668652
2047,0.18380852093551253,0.26097400432808904,0.5552174747363984
2048,0.1779096614493258,0.2873938336175179,0.5346965049331562
2049,0.17164295032586788,0.31456349296838354,0.5137935567057486
2050,0.16510197017108164,0.3422715556292679,0.49262647419965044
2051,0.1583804884299012,0.3702995159261038,0.471319995643995
2052,0.1515698633807029,0.3984283369143023,0.4500017997049949
2053,0.14475666492005096,0.4264447551389721,0.428798579940977
2054,0.13802064143168927,0.454146980341366,0.40783237822694474
2055,0.1314331168866604,0.48134951270351856,0.38721737040982107
2056,0.12505586970008215,0.5078868834182078,0.3670572468817101
2057,0.11894050384164231,0.533616226092088,0.3474432700662697
2058,0.11312828366288902,0.5584186871890834,0.32845302914802754
2059,0.10765037689579902,0.582199757695456,0.31014986540874495
2060,0.10252843498698067,0.6048886679785942,0.2925828970344252
2061,0.09777542756359803,0.6264370272241424,0.27578754521225946
2062,0.09339664458533083,0.6468169047931638,0.2597864506215054
2063,0.08939079538113755,0.6660185362176408,0.2445906684012217
2064,0.08575113520664272,0.6840478299874052,0.23020103480595194
2065,0.0824665646646324,0.7009238241951832,0.2166096111401844
2066,0.07952266669109115,0.7166762011580173,0.2038011321508915
2067,0.07690264906330335,0.731342954063696,0.19175439687300067
2068,0.07458818358421557,0.7449682532665082,0.1804435631492763
2069,0.07256012768539333,0.757600556031768,0.1698393162828387
2070,0.07079913588793761,0.7692909638787488,0.15990990023331347
2071,0.0692861637104221,0.7800918302912303,0.1506220059983475
2072,0.06800287328171493,0.7900556067909017,0.14194151992738327
2073,0.06693195305054542,0.7992339052651176,0.1338341416843371
2074,0.0660573620050372,0.8076767563723225,0.12626588162264019
2075,0.0653645113590205,0.8154320363950652,0.11920345224591421
2076,0.06484039347112651,0.8225450397110647,0.11261456681780876
2077,0.06447366975012657,0.8290581718766884,0.10646815837318511
2078,0.06425472540513354,0.835010741906273,0.1007345326885936
2079,0.06417569950197902,0.840438834406383,0.09538546609163785
2080,0.06423049673441548,0.8453752444881263,0.09039425877745812
2081,0.06441478658910155,0.8498494606738028,0.08573575273709551
2082,0.06472599437711077,0.8538876837327235,0.0813863218901657
2083,0.06516328766223214,0.8575128712511808,0.07732384108658709
2084,0.06572756093037095,0.8607447998125758,0.07352763925705326
2085,0.06642142113828008,0.8636001372972375,0.06997844156448238
2086,0.06724917453865599,0.8660925218683476,0.06665830359299642
2087,0.06821681626352465,0.8682326426329097,0.06355054110356577
2088,0.06933202416055725,0.8700283187614659,0.060639657077976895
2089,0.07060415525174088,0.8714845763327255,0.057911268415533734
2090,0.07204424589610338,0.8726037209671265,0.05535203313677028
2091,0.07366501449598317,0.8733854062544494,0.052949579249567516
2092,0.0754808658390533,0.8738266979436888,0.050692436217257886
2093,0.0775078964646839,0.8739221341595361,0.04856996937578005
2094,0.07976389836853649,0.8736637840880729,0.046572317543390564
2095,0.08226836051671708,0.8730413052598672,0.04469033422341568
2096,0.08504246512970019,0.8720420023978469,0.04291553247245294
2097,0.08810907635981069,0.8706508903388497,0.04124003330133958
2098,0.09149271855991772,0.8688507636840489,0.03965651775603333
2099,0.09521954101341563,0.8666222764783001,0.0381581825082842
