year,Model Uncertainty,Scenario Uncertainty,Inter-Annual Variability
1980,0.20403293909202527,0.011108480255096443,0.7848585806528784
1981,0.1791624484047128,0.006857452243004081,0.8139800993522832
1982,0.1558202544634291,0.0038086993179722714,0.8403710462185987
1983,0.13414444179776364,0.0017891640814983727,0.864066394120738
1984,0.11422205147058212,0.0006171654804309575,0.8851607830489869
1985,0.09609865777836597,0.00011324624588061858,0.9037880959757534
1986,0.07978879903960145,0.00010859179632354182,0.9201026091640749
1987,0.06528598668532613,0.0004509260258317113,0.9342630872888421
1988,0.05257142192274947,0.0010080946400490953,0.9464204834372014
1989,0.04162092206425775,0.0016697182031585012,0.9567093597325836
1990,0.03240987954457327,0.002347353394697554,0.9652427670607291
1991,0.024916291869674877,0.0029735820375152494,0.9721101260928099
1992,0.019122055964653623,0.0035003852155607333,0.9773775588197857
1993,0.015012796599532873,0.003897083330648099,0.981090120069819
1994,0.01257654261412064,0.00414804670198163,0.9832754106838977
1995,0.011801572684939275,0.004250319612586572,0.9839481077024741
1996,0.012673751083260732,0.004211252711253554,0.9831149962054857
1997,0.015173657327506385,0.004046207607669561,0.9807801350648241
1998,0.019273787863931045,0.003776376834498031,0.9769498353015709
1999,0.02493607966464919,0.0034267544655877894,0.971637165869763
2000,0.03210995919252217,0.003024288012796835,0.964865752794681
2001,0.040731072405634526,0.002596238812257061,0.9566726887821084
2002,0.0507207895345656,0.002168779064018712,0.9471104314014156
2003,0.06198651604569817,0.0017658465688694543,0.9362476373854324
2004,0.0744227757559515,0.0014082730738515586,0.9241689511701969
2005,0.08791297628998716,0.001113192450213228,0.9109738312597997
2006,0.10233171612741952,0.0008937230469004253,0.8967745608256801
2007,0.11754746503656392,0.0007589073713274833,0.8816936275921086
2008,0.13342543131870985,0.0007138815649283995,0.8658606871163618
2009,0.1498304368300065,0.0007602377053666536,0.8494093254646269
2010,0.1666296321985732,0.0008965376571035342,0.8324738301443232
2011,0.18369492484075645,0.0011189339967126468,0.8151861411625309
2012,0.2009050169463897,0.001421855393387386,0.7976731276602228
2013,0.21814700011916907,0.0017987174348455283,0.7800542824459853
2014,0.2353174836392093,0.002242626134231047,0.7624398902265596
2015,0.25232326797390675,0.002747048571461728,0.7449296834546315
2016,0.26908159805568144,0.003306431966603125,0.7276119699777155
2017,0.2855200527424317,0.003916760420552392,0.7105631868370159
2018,0.3015761272957186,0.004576043394310953,0.6938478293099705
2019,0.3171965789914099,0.005284736067415768,0.6775186849411743
2020,0.33233660326501197,0.00604609416305744,0.6616173025719306
2021,0.34695889088544435,0.006866468461710049,0.6461746406528456
2022,0.36103263050952894,0.00775554498925366,0.6312118245012174
2023,0.3745324880553071,0.008726536418593622,0.6167409755260994
2024,0.3874376099952705,0.00979633028064764,0.6027660597240818
2025,0.3997306702712161,0.010985596486880092,0.5892837332419038
2026,0.4113969850059215,0.012318855899365993,0.5762841590947124
2027,0.4224237112323053,0.013824509117937632,0.5637517796497571
2028,0.4327991398206156,0.015534821449798696,0.5516660387295858
2029,0.44251208953637133,0.017485858926559208,0.5400020515370694
2030,0.45155140876978234,0.01971736662924851,0.5287312246009691
2031,0.45990559150218907,0.022272579292763234,0.5178218292050477
2032,0.46756250401892047,0.025197952601341857,0.5072395433797378
2033,0.47450923349613533,0.028542801458207444,0.4969479650456573
2034,0.4807320543670531,0.03235883304908319,0.4869091125838638
2035,0.4862165172694215,0.03669956060163046,0.477083922128948
2036,0.49094765845451477,0.04161958948940263,0.46743275205608265
2037,0.4949103319384423,0.04717376467541587,0.45791590338614185
2038,0.49808965601101896,0.0534161818854841,0.4484941621034971
2039,0.5004715699999416,0.06039906050794146,0.43912936949211706
2040,0.5020434873696116,0.06817149740973091,0.42978501522065743
2041,0.5027950290358787,0.07677811611767102,0.4204268548464502
2042,0.5027188152512774,0.08625764911179597,0.4110235356369267
2043,0.5018112827615397,0.09664149600145718,0.401547221237003
2044,0.5000734989518366,0.10795230743543485,0.3919741936127285
2045,0.49751192770217567,0.12020266170456469,0.3822854105932596
2046,0.4941391098082668,0.13339389967974707,0.3724669905119861
2047,0.4899742100313966,0.14751518931551738,0.3625106006530861
2048,0.4850433938924138,0.16254288686565235,0.3524137192419339
2049,0.47937999684465804,0.17844025159010496,0.342179751565237
2050,0.4730244603475203,0.19515756005132845,0.33181797960115134
2051,0.4660240192818809,0.21263264327473388,0.32134333744338517
2052,0.4584321409778154,0.23079184664821695,0.3107760123739677
2053,0.45030772937324154,0.24955139196645937,0.30014087866029904
2054,0.4417141251301492,0.2688190874024711,0.2894667874673797
2055,0.43271794033390937,0.28849632076496684,0.2787857389011238
2056,0.4233877855886341,0.3084802404225405,0.26813197398882543
2057,0.4137929435596281,0.3286660306438265,0.25754102579654536
2058,0.4040020517046502,0.3489491759729666,0.24704877232238318
2059,0.39408184933023727,0.36922762031644746,0.23669053035331525
2060,0.3840960430130566,0.38940373065585304,0.22650022633109038
2061,0.37410432817443245,0.409385998851003,0.21650967297456453
2062,0.3641615936027515,0.42909043531461677,0.2067479710826318
2063,0.35431733103276825,0.4484416191723884,0.1972410497948433
2064,0.34461524578816566,0.46737340682956063,0.18801134738227365
2065,0.3350930653119528,0.4858293061599855,0.17907762852806178
2066,0.3257825287784466,0.5037625434806197,0.17045492774093388
2067,0.31670953282576814,0.5211358641959598,0.16215460297827206
2068,0.3078944091706634,0.5379211085596856,0.15418448226965104
2069,0.2993523037146075,0.5540986135742495,0.1465490827111431
2070,0.29109363013985706,0.5696564855548032,0.13924988430533974
2071,0.2831245714991843,0.5845897899900038,0.132285638510812
2072,0.2754476059568889,0.5988996973640228,0.1256526966790883
2073,0.26806203726279965,0.6125926189976437,0.11934534373955669
2074,0.2609645138876395,0.6256793596843575,0.11335612642800293
2075,0.2541495251323913,0.6381743082573363,0.10767616661027243
2076,0.2476098644187101,0.6500946814403549,0.10229545414093497
2077,0.2413370544432611,0.6614598313139938,0.09720311424274511
2078,0.2353217322745054,0.6722906199786072,0.09238764774688756
2079,0.22955399161604917,0.6826088655914924,0.08783714279245845
2080,0.22402368426415076,0.6924368573454037,0.08353945839044549
2081,0.21872068210222118,0.7017969369705034,0.07948238092727543
2082,0.21363510294351845,0.7107111416056423,0.07565375545083922
2083,0.2087575022778803,0.719200904269367,0.07204159345275261
2084,0.20407903570459665,0.7272868044235892,0.06863415987181412
2085,0.199591595384869,0.7349883629701346,0.06542004164499646
2086,0.19528792259368194,0.7423238778590667,0.06238819954725134
2087,0.19116170195866486,0.7493102914658648,0.05952800657547045
2088,0.18720763779221714,0.7559630883362678,0.05682927387151498
2089,0.1834215177058299,0.7622962152039214,0.054282267090248734
2090,0.17980026363060195,0.7683220221755482,0.05187771419384985
2091,0.17634197353889872,0.7740512199672522,0.04960680649384908
2092,0.17304595498382527,0.7794928506320864,0.047461194384088266
2093,0.1699127522345837,0.7846542691195152,0.045432978645901095
2094,0.16694416685521868,0.7895411345654357,0.04351469857934569
2095,0.16414327349982344,0.7941574089556356,0.041699317544540974
2096,0.1615144307925054,0.7985053622697353,0.039980206937759326
2097,0.1590632871792659,0.8025855840176468,0.038351128803087324
2098,0.15679678191364818,0.8063970000829668,0.03680621800338505
2099,0.15472313984482564,0.809936896263778,0.035339963891396375
