year,Model Uncertainty,Scenario Uncertainty,Inter-Annual Variability
1980,0.04963380012116922,0.005736234378750995,0.9446299655000797
1981,0.04299144693997555,0.0034362005153981087,0.9535723525446264
1982,0.03728192075529751,0.0018501573633242568,0.9608679218813782
1983,0.03233725411634878,0.0008385567204045347,0.9668241891632466
1984,0.028023242757334692,0.00027535643343474994,0.9717014008092305
1985,0.024238870442794422,4.976026840583429e-05,0.9757113692887998
1986,0.020914089007639663,6.667293073086894e-05,0.9790192380616295
1987,0.01800658290155902,0.00024628771711350365,0.9817471293813276
1988,0.015497981841756806,0.000523137447211082,0.9839788807110321
1989,0.01338983552736114,0.0008448519284055813,0.9857653125442333
1990,0.011699550926770072,0.0011707888923364693,0.9871296601808934
1991,0.010456419714394436,0.0014706455596866907,0.9880729347259188
1992,0.009697808194067691,0.0017231125766096903,0.9885790792293226
1993,0.009465562879842005,0.0019146019348052002,0.9886198351853528
1994,0.009802668909070115,0.0020380604352187577,0.9881592706557111
1995,0.010750199969534573,0.002091869445179314,0.9871579305852861
1996,0.012344600910302435,0.0020788263527926733,0.9855765727369048
1997,0.014615345746580514,0.0020052024759583185,0.9833794517774611
1998,0.017583014346249447,0.001879873086258872,0.9805371125674917
1999,0.021257825447036097,0.001713518539162606,0.9770286560138013
2000,0.025638653508795375,0.0015178975829954532,0.9728434489082092
2001,0.03071254095595014,0.0013051966945001648,0.9679822623495498
2002,0.036454700696615897,0.0010874609724208233,0.9624578383309633
2003,0.04282897680617695,0.0008761109813958036,0.9562949122124272
2004,0.04978872050910131,0.0006815510928798011,0.949529728398019
2005,0.05727800925067926,0.0005128706963498739,0.9422091200529709
2006,0.06523313574476235,0.0003776389314424496,0.9343892253237952
2007,0.07358427402534154,0.00028178950083422366,0.9261339364738242
2008,0.0822572368957918,0.00022958944717310065,0.9175131736570351
2009,0.09117524009884977,0.00022368376567376727,0.9086010761354765
2010,0.10026059916314788,0.0002652051577812413,0.8994741956790708
2011,0.10943629305449874,0.0003539375452842716,0.890209769400217
2012,0.11862735319740628,0.0004885215331855863,0.8808841252694082
2013,0.12776204854396056,0.0006666903085977602,0.8715712611474417
2014,0.13677284379654772,0.000885525842381026,0.8623416303610713
2015,0.14559713860465703,0.0011417262275728757,0.8532611351677701
2016,0.15417779680481924,0.0014318774005082297,0.8443903257946725
2017,0.1624634782448404,0.0017527236870649877,0.8357837980680946
2018,0.1704088077608565,0.0021014342196721742,0.8274897580194712
2019,0.17797440170818069,0.0024758628546405147,0.8195497354371788
2020,0.1851267860550058,0.0028748018795032395,0.811998412065491
2021,0.191838236513312,0.0032982295982520587,0.8048635338884359
2022,0.198086563209718,0.0037475536521821597,0.7981658831381
2023,0.20385486810690978,0.004225851353218726,0.7919192805398716
2024,0.20913129671110434,0.004738109336721811,0.7861305939521738
2025,0.21390880069522714,0.005291463219589176,0.7807997360851837
2026,0.21818492621638547,0.005895438379921049,0.7759196354036935
2027,0.22196163823059864,0.006562190669683195,0.7714761710997181
2028,0.22524518807063237,0.007306745330948887,0.7674480665984187
2029,0.22804602874744936,0.008147229361506287,0.7638067418910444
2030,0.23037877541158502,0.00910509129381533,0.7605161332945997
2031,0.23226220984685828,0.010205297888439144,0.7575324922647027
2032,0.23371931967006984,0.011476495744431187,0.7548041845854989
2033,0.2347773601998333,0.012951120934397023,0.7522715188657696
2034,0.23546792364084476,0.014665436680569657,0.7498666396785855
2035,0.23582699349307096,0.01665947592040421,0.7475135305865248
2036,0.23589496229717694,0.01897686141019651,0.7451281762926265
2037,0.23571657424556475,0.02166447550067191,0.7426189502537633
2038,0.23534077182724125,0.02477195171381906,0.7398872764589396
2039,0.23482039970668064,0.028350960364776114,0.7368286399285432
2040,0.23421173808337178,0.03245426837344447,0.7333339935431836
2041,0.23357382900622706,0.037134563859851366,0.7292916071339216
2042,0.23296757389119188,0.04244304612704884,0.7245893799817594
2043,0.2324545888080258,0.048427803949283074,0.7191176072426912
2044,0.2320958193366173,0.0551320293172839,0.7127721513460988
2045,0.23194994367548172,0.0625921300396425,0.7054579262848757
2046,0.2320716109497194,0.0708358404171782,0.6970925486331024
2047,0.23250959109992062,0.0798804413632287,0.6876099675368507
2048,0.23330493554790918,0.08973122052168643,0.6769638439304045
2049,0.2344892627237432,0.10038030230286221,0.6651304349733946
2050,0.23608329460414307,0.11180596985415155,0.6521107355417054
2051,0.23809576092672619,0.12397257149387746,0.6379316675793963
2052,0.24052277711158668,0.13683106539324658,0.6226461574951667
2053,0.24334775853337764,0.1503202117052978,0.6063320297613247
2054,0.2465419057326973,0.1643683512819654,0.5890897429853373
2055,0.2500652362855157,0.1788956765308774,0.5710390871836069
2056,0.25386810090769474,0.19381684362634033,0.5523150554659649
2057,0.25789307703015246,0.20904375787515095,0.5330631650946966
2058,0.26207711103725573,0.22448834771335582,0.5134345412493885
2059,0.26635376404114874,0.24006516364764274,0.49358107231120846
2060,0.2706554219997755,0.2556936579470473,0.4736509200531771
2061,0.2749153491640537,0.2713000445806577,0.45378460625528866
2062,0.2790694885114172,0.28681867809191985,0.43411183339666304
2063,0.28305794448301475,0.302192940851448,0.4147491146655373
2064,0.2868261212368507,0.3173756535546391,0.39579822520851027
2065,0.29032550799218076,0.33232906747940066,0.3773454245284186
2066,0.29351414564897516,0.3470244970326711,0.3594613573183538
2067,0.296356801185557,0.361441681812619,0.342201517001824
2068,0.29882491051140136,0.3755679485374597,0.32560714095113896
2069,0.300896336848321,0.38939724997939335,0.3097064131722856
2070,0.3025550012481445,0.40292914083297365,0.2945158579188818
2071,0.30379043208473633,0.4161677455083292,0.28004182240693454
2072,0.30459727385154206,0.42912075327277405,0.26628197287568395
2073,0.30497479127636856,0.4417984697944415,0.25322673892918995
2074,0.304926394238985,0.4542129413963255,0.2408606643646896
2075,0.30445920275136684,0.46637715954790426,0.22916363770072887
2076,0.30358366398142883,0.4783043493058454,0.2181119867127258
2077,0.3023132309605535,0.49000733747234354,0.20767943156710295
2078,0.30066410580511277,0.5014979933386686,0.1978379008562185
2079,0.29865504665968456,0.51278673694622,0.18855821639409542
2080,0.2963072385563199,0.5238821031085868,0.17981065833509316
2081,0.2936442240082603,0.534790353208126,0.1715654227836138
2082,0.29069188666314194,0.5455151272329345,0.16379298610392354
2083,0.2874784849986886,0.556057128234058,0.15646438676725338
2084,0.2840347265453867,0.5664138338463641,0.14955143960824918
2085,0.2803938808501741,0.5765792268614505,0.14302689228837548
2086,0.2765919152013484,0.5865435498480854,0.13686453495056605
2087,0.27266765347983535,0.5962930748313315,0.1310392716888331
2088,0.2686629425005352,0.6058098946947122,0.12552716280475257
2089,0.2646228192191496,0.6150717374061754,0.12030544337467511
2090,0.260595665564163,0.6240518092693632,0.11535252516647387
2091,0.2566333395182227,0.6327186742768316,0.11064798620494569
2092,0.2527912677554379,0.6410361799582586,0.10617255228630343
2093,0.24912848513187277,0.6489634407593977,0.10190807410872951
2094,0.24570760329393776,0.6564548945252007,0.09783750218086146
2095,0.24259469272781845,0.663460444822517,0.0939448624496645
2096,0.2398590588484171,0.6699257072427471,0.0902152339088357
2097,0.2375728930920271,0.6757923777268013,0.0866347291811714
2098,0.2358107848854775,0.680998735801751,0.0831904793127715
2099,0.23464907635855659,0.6854803010065768,0.07987062263486669
