year,Model Uncertainty,Scenario Uncertainty,Inter-Annual Variability
1980,0.31369656662195533,0.0010351811005747374,0.68526825227747
1981,0.2548869000692081,0.0005548924627662891,0.7445582074680256
1982,0.20045106344203437,0.0002426325190872552,0.7993063040388784
1983,0.15203039874207258,7.797496794814265e-05,0.8478916262899794
1984,0.11075174299873486,3.1534962406429e-05,0.8892167220388587
1985,0.07713433919488025,6.933040330570155e-05,0.9227963304018141
1986,0.051107922335491975,0.00015743035578766955,0.9487346473087204
1987,0.03211999148172049,0.0002658280018517904,0.9676141805164278
1988,0.019290654545050974,0.00037091268713324466,0.9803384327678158
1989,0.011572678216203633,0.0004564415418603458,0.987970880241936
1990,0.007886767599178822,0.0005132964567085551,0.9915999359441126
1991,0.007218382008727728,0.0005384740452004472,0.9922431439460718
1992,0.00867558793461063,0.0005337333136253328,0.9907906787517641
1993,0.011514984438797714,0.0005042118710867308,0.9879808036901155
1994,0.015145212638481027,0.00045718888305268173,0.9843975984784663
1995,0.01911688360433449,0.00040106811970159117,0.980482048275964
1996,0.023105717023392678,0.00034458736562379316,0.9765496956109836
1997,0.02689344229615335,0.0002962259602026716,0.972810331743644
1998,0.03034914274805656,0.0002637708094097114,0.9693870864425338
1999,0.03341238198809335,0.0002540030834415668,0.9663336149284651
2000,0.0360785781536113,0.0002724753378797611,0.963648946508509
2001,0.03838660166219019,0.0003233577543357218,0.9612900405834741
2002,0.040408329242262175,0.00040934186502187745,0.9591823288927159
2003,0.04223978894076509,0.0005315961141034108,0.9572286149451315
2004,0.043993554195582034,0.000689774186209717,0.9553166716182082
2005,0.04579208221432534,0.0008820789372787197,0.9533258388483958
2006,0.04776178484520596,0.0011053868335881866,0.9511328283212058
2007,0.05002769084855375,0.001355436475361964,0.9486168726760843
2008,0.052708639737771505,0.0016270834597431453,0.9456642768024853
2009,0.05591301636672358,0.0019146192560638888,0.9421723643772125
2010,0.05973506695013865,0.0022121488057602065,0.9380527842441012
2011,0.06425188058035379,0.002514016661517629,0.9332341027581286
2012,0.06952111276147173,0.0028152677108894057,0.9276636195276389
2013,0.07557951566759312,0.003112125444212942,0.921308358888194
2014,0.0824423121030711,0.003402470229988657,0.9141552176669403
2015,0.09010340424551286,0.0036862980212998444,0.9062102977331874
2016,0.09853636484225287,0.003966144999438712,0.8974974901583084
2017,0.10769611499334537,0.0042474620791655565,0.8880564229274891
2018,0.11752115063022951,0.004538932988815155,0.8779399163809554
2019,0.1279361686918147,0.004852727859323409,0.8672111034488619
2020,0.138854919731293,0.005204693920796671,0.8559403863479103
2021,0.15018313129038088,0.005614484257732413,0.8442023844518868
2022,0.1618213497404784,0.006105630521945199,0.8320730197375764
2023,0.17366759158696182,0.006705565901354595,0.8196268425116837
2024,0.18561970403312142,0.007445602159286258,0.8069346938075923
2025,0.19757739266079563,0.008360868596815334,0.7940617387423891
2026,0.20944387734914005,0.009490210101988835,0.7810659125488711
2027,0.2211271945253362,0.010876047526138978,0.767996757948525
2028,0.23254115395830974,0.012564190531088723,0.7548946555106015
2029,0.24360600108680508,0.01460359788847318,0.7417904010247217
2030,0.254248829853356,0.017046069922499858,0.7287051002241441
2031,0.26440380020703946,0.019945858304010668,0.7156503414889498
2032,0.27401221320906183,0.0233591758999347,0.7026286108910036
2033,0.283022498061257,0.027343588181430182,0.6896339137573129
2034,0.2913901500032349,0.03195726665322845,0.6766525833435365
2035,0.29907766154324034,0.03725808941927039,0.6636642490374893
2036,0.30605447333680064,0.04330258052632397,0.6506429461368753
2037,0.3122969583931697,0.050144678770127016,0.6375583628367033
2038,0.31778845405463263,0.05783434929181596,0.6243771966535514
2039,0.3225193337558982,0.06641605132342679,0.611064614920675
2040,0.32648710842637424,0.07592710134391602,0.5975857902297097
2041,0.3296965342506139,0.08639597662812816,0.583907489121258
2042,0.3321596979608814,0.09784063136786204,0.5699996706712566
2043,0.3338960472720584,0.11026690484346391,0.5558370478844777
2044,0.33493231911410126,0.12366711922571287,0.5414005616601859
2045,0.3353023407094127,0.13801896516038217,0.5266786941302052
2046,0.3350466611430748,0.15328478026812478,0.5116685585888003
2047,0.3342119908814532,0.16941130652386807,0.49637670259467864
2048,0.33285044102604366,0.18632999801954042,0.48081956095441597
2049,0.3310185600933354,0.20395792216855343,0.4650235177381111
2050,0.32877619210139203,0.22219925080852895,0.449024557090079
2051,0.3261851912763438,0.2409473100342022,0.4328674986894539
2052,0.32330804282939235,0.2600871012590521,0.41660485591155555
2053,0.3202064578051146,0.27949818158504425,0.40029536060984117
2054,0.31693999975329057,0.2990577506383726,0.38400224960833684
2055,0.31356481912230616,0.3186437899339829,0.367791390943711
2056,0.31013254809257,0.33813808467544926,0.35172936723198084
2057,0.30668940605624867,0.3574289844257716,0.33588160951797963
2058,0.3032755484676754,0.37641377226739114,0.3203106792649334
2059,0.2999246686102281,0.3950005587809652,0.30507477260880667
2060,0.29666385619867336,0.41310964249263193,0.29022650130869476
2061,0.2935136886057141,0.43067432768796626,0.2758119837063197
2062,0.2904885278986028,0.4476412218682585,0.26187025023313876
2063,0.28759698511067744,0.46397005926075324,0.2484329556285693
2064,0.28484250891820384,0.4796331262481614,0.23552436483363476
2065,0.28222405766768655,0.4946143658501066,0.22316157648220694
2066,0.27973681411169665,0.5089082505649128,0.21135493532339053
2067,0.27737291079666176,0.5225185030906226,0.2001085861127155
2068,0.2751221356013089,0.5354567414724936,0.18942112292619764
2069,0.27297259762669457,0.5477411114703022,0.17928629090300316
2070,0.27091133836503883,0.5593949564672551,0.16969370516770607
2071,0.2689248810543373,0.5704455620088384,0.16062955693682424
2072,0.26699971039591147,0.5809230042122828,0.15207728539180562
2073,0.265122689326744,0.5908591112836233,0.14401819938963265
2074,0.2632814112900328,0.6002865500971175,0.13643203861284964
2075,0.26146449445686604,0.6092380358617907,0.12929746968134329
2076,0.25966182873908766,0.6177456556823748,0.12259251557853744
2077,0.2578647756644106,0.6258403043532857,0.11629491998230367
2078,0.25606633787394656,0.6335512117439595,0.11038245038209409
2079,0.25426129479131016,0.64090556072036,0.1048331444883299
2080,0.25244632354481233,0.6479281700102579,0.09962550644492968
2081,0.25062009803664115,0.6546412441410525,0.09473865782230631
2082,0.24878338267084132,0.6610641669211641,0.09015245040799436
2083,0.246939117552622,0.6672133365635574,0.08584754588382064
2084,0.2450925018729873,0.6731020301290741,0.08180546799793863
2085,0.2432510774569649,0.6787402906001652,0.07800863194287007
2086,0.24142481455807652,0.6841348300643768,0.07444035537754656
2087,0.23962619847685043,0.689288946688318,0.07108485483483148
2088,0.2378703204005393,0.694202448956521,0.06792723064293979
2089,0.23617496929285484,0.6988715872160387,0.06495344349110649
2090,0.2345607218008402,0.7032889937235266,0.06215028447563324
2091,0.23305103182748782,0.7074436269955952,0.05950534117691704
2092,0.2316723096378154,0.7113207293262122,0.057006961035972366
2093,0.2304539916444395,0.7149017948186853,0.054644213536875055
2094,0.22942859011550426,0.718164557718411,0.05240685216608478
2095,0.22863171877577687,0.7210830038327648,0.05028527739145833
2096,0.2281020840886745,0.7236274150244469,0.04827050088687854
2097,0.227881434030645,0.7257644538895724,0.04635411207978256
2098,0.2280144529726316,0.7274572999014547,0.04452824712591361
2099,0.22854859202854017,0.7286658471627877,0.04278556080867211
