year,Model Uncertainty,Scenario Uncertainty,Inter-Annual Variability
1980,0.12071764660301196,0.0012904837166558773,0.8779918696803322
1981,0.10243152649057496,0.0006904989829991349,0.8968779745264258
1982,0.08624845198291765,0.0003109531843196924,0.9134405948327626
1983,0.07206279267193741,0.00010023205403095343,0.9278369752740316
1984,0.059742507014592265,1.255508071933957e-05,0.9402449379046884
1985,0.049139846906841325,8.765811039257368e-06,0.9508513872821194
1986,0.040100587272582,5.659299373484006e-05,0.9598428197336831
1987,0.03247153117549906,0.0001304949081023638,0.9673979739163986
1988,0.026106256966332956,0.00021120158394545083,0.9736825414497217
1989,0.020869226532131364,0.000285059305608478,0.9788457141622602
1990,0.016638458767940352,0.00034326458132612615,0.9830182766507335
1991,0.013307010923263397,0.0003810557633391515,0.9863119333133974
1992,0.0107835121036405,0.00039691191873040497,0.9888195759776292
1993,0.008991972754479265,0.0003917931234740844,0.9906162341220466
1994,0.007871064544855982,0.00036844366031250686,0.9917604917948315
1995,0.007373030287621869,0.0003307705767724077,0.9922961991356056
1996,0.007462350244366152,0.0002833033188863908,0.9922543464367475
1997,0.008114263289317466,0.0002307362529538873,0.9916550004577286
1998,0.009313216755168273,0.0001775529698842763,0.9905092302749475
1999,0.01105130051986297,0.00012773013726293252,0.9888209693428741
2000,0.013326706042859144,8.451757356509023e-05,0.9865887763835757
2001,0.016142241492515204,5.029101303502435e-05,0.9838074674944498
2002,0.019503926085180926,2.6473603837628586e-05,0.9804696003109814
2003,0.02341968155261899,1.3521907213127443e-05,0.9765667965401679
2004,0.027898135257609282,1.0971693683853325e-05,0.9720908930487069
2005,0.032947545090060516,1.7538303323922837e-05,0.9670349166066156
2006,0.03857485533330449,3.126571787009033e-05,0.9613938789488254
2007,0.044784888544586676,4.971776390869553e-05,0.9551653936915047
2008,0.05157967614505932,7.020426279652641e-05,0.9483501195921441
2009,0.05895792819192066,9.003431651188065e-05,0.9409520374915674
2010,0.06691463899019108,0.00010678858576803875,0.9329785724240409
2011,0.0754408227295398,0.0001186020850017217,0.9244405751854585
2012,0.08452337036299234,0.00012444915523300947,0.9153521804817746
2013,0.09414501720965099,0.0001244224353442928,0.9057305603550048
2014,0.10428440712761615,0.00011999810629511431,0.8955955947660886
2015,0.11491624053079746,0.00011428040830608771,0.8849694790608965
2016,0.12601148876779625,0.00011221913684621625,0.8738762920953576
2017,0.13753766224581584,0.00012079469390895658,0.8623415430602752
2018,0.14945911529966208,0.00014916634921315218,0.8503917183511247
2019,0.16173737595762877,0.00020877999587477156,0.8380538440464964
2020,0.17433148722107528,0.00031343279951143486,0.8253550799794133
2021,0.18719835168888563,0.00047929279483002475,0.8123223555162843
2022,0.20029306898277227,0.000724872201788612,0.7989820588154393
2023,0.21356926415011926,0.0010709538164933737,0.7853597820333874
2024,0.22697939974349937,0.0015404704928251558,0.7714801297636755
2025,0.24047507303487153,0.0021583380475810434,0.7573665889175474
2026,0.25400729794328,0.0029512425866290385,0.743041459470091
2027,0.26752677348416243,0.0039473834953260845,0.7285258430205114
2028,0.2809841418246807,0.005176174463123762,0.7138396837121956
2029,0.294330240044585,0.006667904586257448,0.6990018553691576
2030,0.30751634951869733,0.008453363333870522,0.6840302871474322
2031,0.32049444679052275,0.010563433647964266,0.6689421195615131
2032,0.33321745921923407,0.013028657750100286,0.6537538830306657
2033,0.34563952909783585,0.01587878261990133,0.6384816882822627
2034,0.35771628581449816,0.01914229183610183,0.6231414223494001
2035,0.369405128547059,0.022845932234086052,0.6077489392188551
2036,0.3806655169794962,0.027014244643659854,0.5923202383768439
2037,0.39145926668447456,0.03166910909935248,0.5768716242161731
2038,0.4017508474803776,0.03682931436345592,0.5614198381561665
2039,0.41150767676836275,0.04251016337117033,0.5459821598604669
2040,0.42070040169558076,0.04872312505976102,0.5305764732446582
2041,0.42930316420094594,0.05547554299683635,0.5152212928022177
2042,0.4372938392170282,0.06277040916466312,0.4999357516183088
2043,0.44465423899905315,0.0706062120467058,0.48473954895424115
2044,0.45137027633595,0.0789768629825503,0.46965286068149964
2045,0.457432078664724,0.08787170619471923,0.45469621514055664
2046,0.4628340491400062,0.09727561220556048,0.4398903386544332
2047,0.4675748696151835,0.107169153443148,0.42525597694166833
2048,0.47165744382458535,0.11752885833482278,0.4108136978405919
2049,0.47508878067733934,0.12832753634452396,0.3965836829781367
2050,0.4778798194866864,0.13953466537478373,0.3825855151385299
2051,0.4800452003371101,0.15111683106452625,0.3688379685983636
2052,0.48160298699834003,0.1630382045316714,0.3553588084699886
2053,0.48257434631800555,0.1752610476400307,0.3421646060419637
2054,0.4829831962319118,0.18774622956767295,0.3292705742004152
2055,0.4828558277239141,0.20045374455579973,0.3166904277202861
2056,0.4822205123597017,0.21334321611645232,0.304436271523846
2057,0.4811071042949284,0.22637437817138692,0.29251851753368463
2058,0.47954664497949445,0.23950752230304806,0.2809458327174575
2059,0.4775709791750996,0.25270390484084776,0.26972511598405263
2060,0.475212390369329,0.26592610563293734,0.25886150399773367
2061,0.47250325984500174,0.27913833706538677,0.2483584030896114
2062,0.46947575568985117,0.2923066994492738,0.23821754486087499
2063,0.4661615551688982,0.30539938258218313,0.2284390622489187
2064,0.4625916019421187,0.3183868156267026,0.21902158243117864
2065,0.45879590006457616,0.3312417665093353,0.20996233342608858
2066,0.4548033443701714,0.3439393950549744,0.20125726057485413
2067,0.4506415864771278,0.3564572637839305,0.19290114973894168
2068,0.4463369348974024,0.3687753109446941,0.1848877541579036
2069,0.44191428657400744,0.3808757914826098,0.17720992194338278
2070,0.43739708812173145,0.39274318972919897,0.16985972214906964
2071,0.4328073228040061,0.404364110036371,0.162828567159623
2072,0.42816552067173635,0.4157271496419314,0.1561073296863323
2073,0.423490788918891,0.426822757784792,0.1496864532963171
2074,0.4188008589788384,0.4376430857300151,0.1435560552911466
2075,0.41411214802070856,0.4481818305907201,0.13770602138857144
2076,0.4094398310139171,0.4584340770468197,0.1321260919392632
2077,0.40479792286314537,0.46839613783173006,0.12680593930512457
2078,0.40019936604702727,0.47806539726420827,0.12173523668876444
2079,0.39565612359409574,0.4874401578002888,0.11690371860561552
2080,0.3911792748833169,0.4965194919940873,0.11230123312259589
2081,0.3867791127849609,0.5053031005481097,0.10791778666692935
2082,0.3824652415983936,0.5137911767807325,0.10374358162087396
2083,0.3782466738060676,0.5219842788138875,0.09976904738004493
2084,0.3741319255537841,0.5298832089963903,0.09598486544982562
2085,0.3701291104287965,0.5374889005094439,0.09238198906175973
2086,0.36624603002189665,0.5448023119610291,0.08895165801707428
2087,0.3624902620661141,0.5518243287722787,0.08568540916160718
2088,0.358869245384098,0.5585556714864676,0.08257508312943439
2089,0.35539036118478684,0.5649968110751632,0.07961282774005003
2090,0.3520610111675204,0.5711478902332715,0.07679109859920814
2091,0.34888869221494767,0.5770086505369668,0.07410265724808562
2092,0.34588106695538945,0.5825783657351303,0.07154056730948019
2093,0.3430460312519427,0.5878557798629426,0.06909818888511468
2094,0.3403917772502683,0.5928390511401804,0.06676917160955124
2095,0.33792685320441357,0.5975257002118252,0.06454744658376126
2096,0.33566021856676415,0.6019125640008556,0.0624272174323802
2097,0.3336012952385702,0.6059957540271286,0.06040295073430139
2098,0.33176001389034937,0.6097706201109586,0.058469365998691965
2099,0.33014685534755606,0.6132317193281803,0.05662142532426369
