year,Model Uncertainty,Scenario Uncertainty,Inter-Annual Variability
1980,0.24421806377431804,0.006665478457357002,0.7491164577683249
1981,0.21285246093092838,0.0038355694452307273,0.7833119696238409
1982,0.18408144448750477,0.0019013333249844758,0.8140172221875107
1983,0.15795055929009785,0.0007219833470087107,0.8413274573628935
1984,0.1343989183544092,0.00014538919786069853,0.86545569244773
1985,0.11329464954264067,2.092010119875265e-05,0.8866844303561606
1986,0.09446944298458047,0.0002090267517208424,0.9053215302636987
1987,0.07774833874164609,0.000587431358849537,0.9216642298995045
1988,0.06297284046771413,0.0010543471480534993,0.9359728123842325
1989,0.05001693082319965,0.00152940453030036,0.9484536646464999
1990,0.03879648589267285,0.001952991477281729,0.9592505226300454
1991,0.029272989765715882,0.002284612239314243,0.9684423979949699
1992,0.021452541855078867,0.002500717837203705,0.9760467403077174
1993,0.015381068021359304,0.002592304775763298,0.9820266272028774
1994,0.011136509818161137,0.0025624550709523013,0.9863010351108866
1995,0.008818693009478582,0.002423902456371813,0.9887574045341496
1996,0.008537545495474187,0.0021966572194277783,0.9892657972850981
1997,0.010400393312819105,0.0019057039928634832,0.9876939026943174
1998,0.014499146453181093,0.0015787879300070298,0.9839220656168118
1999,0.02089827503040063,0.001244322716243006,0.9778574022533564
2000,0.029624504064962996,0.0009294720201993944,0.9694460239148377
2001,0.04065909127351328,0.0006584757813500151,0.9586824329451367
2002,0.053933369864427136,0.000451295426015228,0.9456153347095577
2003,0.06932794411965196,0.00032264529097133696,0.9303494105893767
2004,0.08667555446109575,0.0002814545549669146,0.9130429909839374
2005,0.10576724479354803,0.00033076930319489813,0.8939019859032571
2006,0.12636112825036933,0.0004680669752388952,0.8731708047743917
2007,0.14819281440684107,0.0006859201805846838,0.8511212654125742
2008,0.1709864740141693,0.0009729199764640521,0.8280406060093666
2009,0.19446557135198433,0.0013147564387243737,0.8042196722092914
2010,0.2183624535275332,0.0016953547215417314,0.779942191750925
2011,0.2424262406812097,0.0020979777539828024,0.7554757815648075
2012,0.26642870917715944,0.002506227378845561,0.7310650634439949
2013,0.2901681148695278,0.0029048997061626226,0.7069269854243095
2014,0.3134710937273396,0.0032806740286202454,0.6832482322440401
2015,0.3361929086530922,0.0036226347187465436,0.6601844566281613
2016,0.3582163807457025,0.0039226399159012285,0.6378609793383964
2017,0.3794498591228817,0.004175560493039529,0.6163745803840788
2018,0.3998245696605959,0.004379417137496273,0.5957960132019078
2019,0.4192916179316648,0.0045354438108245985,0.5761729382575107
2020,0.4378188878789967,0.004648104262253955,0.5575330078587493
2021,0.45538799875869035,0.004725083784944059,0.5398869174563655
2022,0.4719914427594493,0.004777274431483199,0.5232312828090674
2023,0.4876299759963071,0.004818767918863091,0.5075512560848299
2024,0.5023102998086595,0.004866864347495657,0.49282283584384473
2025,0.5160430385507867,0.004942103404050632,0.47901485804516264
2026,0.5288410180942168,0.005068318603076326,0.46609066330270693
2027,0.5407178169747915,0.00527271460260052,0.45400946842260803
2028,0.5516865725333916,0.005585962234229673,0.4427274652323787
2029,0.5617590156048454,0.006042306785156667,0.43219867760999786
2030,0.5709447097023893,0.006679678281670819,0.42237561201594
2031,0.5792504752148662,0.007539793123723353,0.41320973166141056
2032,0.5866799789758974,0.008668233854401538,0.404651787169701
2033,0.5932334786535797,0.0101144879127582,0.3966520334336621
2034,0.5989077147569345,0.011931928083457572,0.3891603571596079
2035,0.6036959452187011,0.014177709687302224,0.3821263450939968
2036,0.6075881250499582,0.016912560943329023,0.37549931400671277
2037,0.6105712355235713,0.020200438781671885,0.3692283256947568
2038,0.6126297671966155,0.024108021325748425,0.363262211477636
2039,0.6137463645797754,0.028704010291495025,0.35754962512872956
2040,0.6139026406538339,0.03405821401911124,0.3520391453270548
2041,0.6130801585184098,0.04024039457918821,0.346679446902402
2042,0.6112615789520048,0.04731886259079805,0.3414195584571972
2043,0.6084319674195167,0.055358815926802356,0.336209216653681
2044,0.6045802220094574,0.06442044544962996,0.3309993325409127
2045,0.599700605438377,0.07455682922914256,0.32574256533248047
2046,0.5937943118153937,0.08581168267389576,0.32039400551071057
2047,0.58687100814629,0.09821704179116723,0.31491195006254274
2048,0.5789502717944139,0.11179098343216293,0.3092587447734231
2049,0.5700628216867001,0.12653551749696051,0.3034016608163393
2050,0.5602514535488302,0.14243478726208353,0.29731375918908615
2051,0.5495715812578374,0.15945372905700958,0.290974689685153
2052,0.5380912986010328,0.17753733380413345,0.2843713675948338
2053,0.5258909045800763,0.19661062432710694,0.2774984710928168
2054,0.5130618609708676,0.21657943202425226,0.27035870700488007
2055,0.4997051938732178,0.23733199968227459,0.2629628064445075
2056,0.485929391186074,0.25874138150266907,0.25532922731125696
2057,0.47184789400975896,0.28066854464451246,0.2474835613457285
2058,0.45757630685024253,0.3029660259657738,0.23945766718398362
2059,0.44322949061659495,0.32548193896946476,0.23128857041394044
2060,0.4289186910321667,0.3480641184170608,0.22301719055077243
2061,0.41474887535854843,0.37056415656290037,0.2146869680785513
2062,0.40081640583627604,0.39284112903061863,0.20634246513310528
2063,0.38720716391736104,0.41476481718403363,0.1980280188986054
2064,0.3739951897317466,0.43621830129875017,0.18978650896950325
2065,0.36124186801854063,0.4570998375375909,0.18165829444386852
2066,0.34899563773970393,0.4773240096787947,0.17368035258150138
2067,0.33729219375726066,0.4968221666184366,0.1658856396243027
2068,0.3261550935331748,0.5155422345746553,0.1583026718921699
2069,0.315596700754774,0.5334479822851406,0.1509553169600855
2070,0.30561935822266956,0.5505178723601113,0.14386276941721923
2071,0.29621671648421766,0.5667436003572218,0.1370396831585606
2072,0.28737512726530146,0.5821284468512329,0.13049642588346566
2073,0.27907504133744715,0.5966855354334584,0.12423942322909448
2074,0.27129235144192204,0.6104360872776334,0.1182715612804446
2075,0.2639996480419468,0.6234077317539356,0.11259262020411757
2076,0.2571673570840763,0.6356329264830805,0.10719971643284325
2077,0.25076474626046136,0.6471475187989484,0.10208773494059036
2078,0.24476080071772982,0.6579894603845242,0.097249738897746
2079,0.23912496430207356,0.6681976884693016,0.09267734722862477
2080,0.23382776168404212,0.6778111635529863,0.08836107476297156
2081,0.22884130772708486,0.6868680599777512,0.08429063229516397
2082,0.22413972153588577,0.6954050924540705,0.08045518601004378
2083,0.2196994590822975,0.7034569625934737,0.07684357832422875
2084,0.2154995782736544,0.7110559101776236,0.07344451154872214
2085,0.21152194996963813,0.7182313517593858,0.07024669827097615
2086,0.20775143049255904,0.7250095877265168,0.06723898178092425
2087,0.20417600116281104,0.73141356894431,0.06441042989287898
2088,0.20078689207978495,0.737462701838051,0.061750406082164144
2089,0.19757869119617744,0.7431726877691138,0.0592486210347087
2090,0.19454945081529817,0.748555381408534,0.05689516777616792
2091,0.19170079435110715,0.7536186623730383,0.05468054327585461
2092,0.18903802704897824,0.7583663141969536,0.052595658754068186
2093,0.18657025440070008,0.7627979044088969,0.050631841190402975
2094,0.18431050817341563,0.7669086643191158,0.04878082750746861
2095,0.18227588067576997,0.7706893658721949,0.047034753452035116
2096,0.1804876637212431,0.7741261979047224,0.04538613837403464
2097,0.17897149015853595,0.7772006429944639,0.043827866847000164
2098,0.177757471483506,0.7798893598387807,0.04235316867771333
2099,0.1768803238774359,0.7821640783989842,0.040955597723579915
