year,Model Uncertainty,Scenario Uncertainty,Inter-Annual Variability
1980,0.3557154766252484,0.00042707276478116686,0.6438574506099705
1981,0.2988409694375884,0.00031748121318643735,0.7008415493492252
1982,0.24437637631486456,0.00025144115990225233,0.7553721825252332
1983,0.19389055627952428,0.00021844987506131603,0.8058909938454143
1984,0.14871546914330305,0.0002074884561564561,0.8510770424005404
1985,0.10981130202089114,0.00020831299016437177,0.8899803849889445
1986,0.07769142009380747,0.00021257496746310826,0.9220960049387295
1987,0.05241781928419093,0.00021455399571089698,0.9473676267200981
1988,0.03365865272060037,0.0002114085159445368,0.966129938763455
1989,0.02078601360834424,0.00020298166705379626,0.979011004724602
1990,0.012988106901152877,0.00019129067214095712,0.9868206024267061
1991,0.009374082197983165,0.000179859507931998,0.9904460582940847
1992,0.009058160949614138,0.00017303383461829026,0.9907688052157675
1993,0.011218191693248001,0.00017537299339516645,0.9886064353133569
1994,0.015130006288747144,0.00019116414821783906,0.984678829563035
1995,0.02018229937012175,0.00022406756725290296,0.9795936330626254
1996,0.025877723239808623,0.00027687916025261186,0.9738453975999387
1997,0.0318254130105368,0.0003513876850235712,0.9678231993044397
1998,0.03772901702488161,0.0004483028835078924,0.9618226800916105
1999,0.043373083351919466,0.0005672349994557368,0.9560596816486249
2000,0.0486095815560708,0.0007067115389212229,0.950683706905008
2001,0.05334553865969731,0.0008642220768144562,0.9457902392634884
2002,0.05753222549940046,0.0010362870807772535,0.9414314874198222
2003,0.061155983197243205,0.0012185489801276807,0.937625467822629
2004,0.06423059707379099,0.0014058868573493249,0.9343635160688597
2005,0.06679102145354794,0.0015925570472983379,0.9316164214991537
2006,0.06888824224414136,0.0017723616592360653,0.9293393960966225
2007,0.07058505459364622,0.001938848191549924,0.9274760972148038
2008,0.07195256806742627,0.0020855418948205625,0.9259618900377532
2009,0.07306727539900805,0.0022062113041960364,0.9247265132967959
2010,0.07400855796636151,0.002295166744569291,0.9236962752890693
2011,0.07485652601831287,0.0023475895196817913,0.9227958844620052
2012,0.07569012783087259,0.002359887806519539,0.9219499843626078
2013,0.07658547772913145,0.0023300742976776305,0.921084447973191
2014,0.07761437444707987,0.0022581580013414176,0.9201274675515787
2015,0.07884299811346511,0.0021465424270558876,0.919010459459479
2016,0.08033078230971943,0.002000420261540798,0.9176687974287397
2017,0.08212946227511475,0.0018281549629565368,0.9160423827619287
2018,0.08428231117873167,0.001641638449980633,0.9140760503712878
2019,0.0868235645647557,0.001456614619685809,0.9117198208155584
2020,0.08977804353778551,0.001292958504062088,0.9089289979581524
2021,0.0931609753595962,0.001174901511290143,0.9056641231291136
2022,0.09697800741613877,0.0011311942743128037,0.9018907983095484
2023,0.10122540535785926,0.0011951983585635239,0.8975793962835772
2024,0.10589042323143814,0.00140490024395412,0.8927046765246077
2025,0.11095182360595526,0.0018028401199951397,0.8872453362740496
2026,0.1163805312708204,0.0024359497637561037,0.8811835189654235
2027,0.12214039137930248,0.003355292898196719,0.8745043157225008
2028,0.12818901353007014,0.004615702175488616,0.8671952842944413
2029,0.13447867483268372,0.006275307857295637,0.8592460173100206
2030,0.14095726278926404,0.008394951453849851,0.850647785756886
2031,0.14756923939702232,0.011037481855380204,0.8413932787475975
2032,0.15425661134106597,0.014266928908046837,0.8314764597508872
2033,0.16095988979797682,0.018147556231438808,0.8208925539705845
2034,0.1676190391959818,0.022742795112354993,0.8096381656916631
2035,0.17417439819518096,0.028114065767245938,0.7977115360375732
2036,0.18056757190180484,0.03431950428137793,0.7851129238168173
2037,0.1867422914560722,0.0414126098244419,0.7718450987194859
2038,0.19264523005588097,0.04944084535347728,0.7579139245906418
2039,0.1982267748064493,0.058444226640998055,0.7433289985525526
2040,0.20344174035601886,0.06845394439231159,0.7281043152516695
2041,0.20825001572673366,0.07949107193326618,0.7122589123400002
2042,0.21261713367170354,0.09156541413736542,0.6958174521909309
2043,0.2165147427293248,0.10467455674345086,0.6788107005272243
2044,0.21992097095631405,0.11880317368386294,0.661275855359823
2045,0.22282066757871,0.13392264210013535,0.6432566903211546
2046,0.22520550282994076,0.14999100947222355,0.6248034876978356
2047,0.22707392597899204,0.16695333624147135,0.6059727377795366
2048,0.22843096963142245,0.18474242536102464,0.5868266050075529
2049,0.2292879066989536,0.20327992765727976,0.5674321656437666
2050,0.22966176643144884,0.22247778993157197,0.5478604436369792
2051,0.2295747246286835,0.24223999697353654,0.52818527839778
2052,0.22905339082339227,0.2624645377825524,0.5084820713940554
2053,0.22812801824621998,0.28304551698572583,0.4888264647680543
2054,0.22683166879036828,0.3038753205121953,0.4692930106974365
2055,0.22519936089894896,0.3248467551442604,0.44995388395679053
2056,0.2232672367705964,0.3458550717532395,0.43087769147616406
2057,0.221071773011694,0.36679980304666665,0.4121284239416394
2058,0.21864906402678275,0.38758635605688985,0.39376457991632746
2059,0.21603419294546605,0.40812732261525086,0.37583848443928314
2060,0.21326070831918117,0.42834347550838553,0.35839581617243327
2061,0.21036021074226907,0.4481644539774885,0.34147533528024243
2062,0.20736205066690672,0.46752914077745245,0.32510880855564084
2063,0.2042931375287505,0.4863857572870315,0.309321105184218
2064,0.20117784779409936,0.5046917043583069,0.29413044784759373
2065,0.19803802490924044,0.5224131918384288,0.27954878325233073
2066,0.19489305552092084,0.539524695297775,0.26558224918130413
2067,0.19176001165875492,0.5560082801470492,0.252231708194196
2068,0.18865384055343878,0.5718528373382754,0.2394933221082858
2069,0.18558759429438146,0.5870532630960463,0.2273591426095721
2070,0.1825726830854276,0.6016096144591687,0.2158177024554038
2071,0.1796191439175604,0.6155262702484576,0.20485458583398197
2072,0.17673591479395928,0.6288111143739442,0.1944529708320965
2073,0.17393110882735016,0.6414747596055563,0.1845941315670935
2074,0.17121227943030803,0.653529824290985,0.1752578962787069
2075,0.16858667658395557,0.6649902659176259,0.16642305749841854
2076,0.16606148710730576,0.6758707790421311,0.15806773385056316
2077,0.1636440602739509,0.6861862558667189,0.15016968385933016
2078,0.16134211498328851,0.6959513109179866,0.1427065740987249
2079,0.159163930143899,0.7051798651702015,0.13565620468589953
2080,0.1571185161603143,0.7138847886872447,0.128996695152441
2081,0.15521576869713336,0.7220775957548494,0.12270663554801711
2082,0.15346660542887858,0.729768189275817,0.11676520529530433
2083,0.15188308401668038,0.7369646505328423,0.11115226545047735
2084,0.1504785035584975,0.7436730702309279,0.10584842621057454
2085,0.14926748787358293,0.7498974171679754,0.10083509495844165
2086,0.1482660507666758,0.7556394426762998,0.09609450655702437
2087,0.14749164272603005,0.7608986171785014,0.09160974009546864
2088,0.1469631780022891,0.7656720985706911,0.0873647234270199
2089,0.1467010399805795,0.7699547309731685,0.08334422904625205
2090,0.14672706506992292,0.7737390727443644,0.07953386218571262
2091,0.14706450114657912,0.7770154552930449,0.07592004356037597
2092,0.14773794016888048,0.7797720719748106,0.07248998785630888
2093,0.14877322149052827,0.7819950992048229,0.06923167930464882
2094,0.15019730439589732,0.7836688503961354,0.06613384520796721
2095,0.1520381073908297,0.7847759640924545,0.06318592851671581
2096,0.1543243116817563,0.7852976285962616,0.06037805972198202
2097,0.15708512797066257,0.7852138431911797,0.05770102883815766
2098,0.1603500242813369,0.7845037180045382,0.05514625771412479
2099,0.16414841511972625,0.7831458118752508,0.052705773005022875
