year,Model Uncertainty,Scenario Uncertainty,Inter-Annual Variability
1980,0.5996404843429526,0.0010806246836638674,0.39927889097338337
1981,0.5917647010583922,0.0006447516675461142,0.40759054727406163
1982,0.5843406882270699,0.0003442866134250284,0.41531502515950514
1983,0.577372683080052,0.00015312743180478062,0.4224741894881433
1984,0.5708584483567849,4.744286332620937e-05,0.42909410877988896
1985,0.5647903305949658,5.969861678710409e-06,0.43520369954335564
1986,0.5591563015321089,1.0174890286756137e-05,0.44083352357760436
1987,0.5539409414663835,4.429852991230964e-05,0.44601476000370416
1988,0.5491263352328507,9.530447016574113e-05,0.45077836029698354
1989,0.5446928632885502,0.0001527537921140007,0.4551543829193358
1990,0.5406198795087397,0.00020862409729601508,0.4591714963939642
1991,0.5368862771299711,0.0002570906524183059,0.4628566322176107
1992,0.533470945744077,0.0002942843163234499,0.46623476993959956
1993,0.530353129935358,0.0003180382566810316,0.46932883180796103
1994,0.5275126990878215,0.00032763285461830154,0.47215966805756027
1995,0.5249303411262444,0.00032354631911596143,0.4747461125546395
1996,0.5225876914260951,0.00030721608324673483,0.47710509249065813
1997,0.5204674081509294,0.0002808151247935944,0.47925177672427693
1998,0.5185532047340852,0.00024704546770197696,0.4811997497982129
1999,0.5168298488808412,0.00020895072866969306,0.48296120039048923
2000,0.5152831357487581,0.00016974838906921137,0.4845471158621727
2001,0.5138998428388334,0.00013268217567754837,0.485967474985489
2002,0.5126676715432069,0.0001008945508215229,0.4872314339059714
2003,0.5115751818668257,7.731870699978964e-05,0.4883474994261744
2004,0.5106117220693981,6.4589700480961e-05,0.489323688230121
2005,0.5097673577148171,6.497373162883116e-05,0.490167668553554
2006,0.5090328024535696,8.031476922778755e-05,0.4908868827772026
2007,0.5083993519214469,0.0001119974218124198,0.4914886506567406
2008,0.5078588212178986,0.00016092494549211552,0.49198025383660926
2009,0.5074034894203744,0.0002275111428824759,0.49236899943674306
2010,0.5070260482276472,0.0003116848760640673,0.49266226689628856
2011,0.5067195573479379,0.00041290588918137136,0.4928675367628807
2012,0.5064774061537132,0.0005301904939839144,0.49299240335230293
2013,0.5062932802833044,0.0006621458298656234,0.4930445738868299
2014,0.5061611341985639,0.0008070112023746862,0.4930318545990614
2015,0.5060751690046276,0.0009627052837707387,0.49296212571160164
2016,0.5060298132598927,0.001126877728083184,0.49284330901202394
2017,0.5060197099522046,0.001296964052496522,0.4926833259952988
2018,0.5060397049342412,0.0014702425753652926,0.4924900524903935
2019,0.5060848390700329,0.0016438923937819746,0.49227126853618525
2020,0.5061503425406236,0.0018150513313118608,0.4920346061280645
2021,0.5062316308440495,0.0019808731860644917,0.4917874959698859
2022,0.5063243025604346,0.002138583364499155,0.49153711407506623
2023,0.5064241377268857,0.0022855323916448522,0.4912903298814694
2024,0.5065270969427725,0.0024192467095077936,0.49105365634771986
2025,0.5066293209736942,0.0025374764444674666,0.4908332025818382
2026,0.506727130109176,0.002638239653439499,0.49063463023738446
2027,0.5068170243400691,0.002719863040471185,0.49046311261945974
2028,0.5068956820397402,0.002781018702591812,0.49032329925766793
2029,0.5069599592655911,0.0028207568737937455,0.49021928386061503
2030,0.5070068884743775,0.0028385346386415357,0.490154576886981
2031,0.5070336765065038,0.0028342403750933522,0.490132083118403
2032,0.5070377019926692,0.0028082139092016813,0.490154084098129
2033,0.5070165127866282,0.0027612624378115917,0.4902222247755604
2034,0.5069678222259049,0.0026946717873880988,0.49033750598670717
2035,0.506889505539429,0.002610213267405633,0.49050028119316536
2036,0.5067795954817387,0.002510145748392566,0.4907102587698686
2037,0.5066362769319567,0.002397212852713097,0.4909665102153301
2038,0.5064578822022311,0.0022746350678277145,0.49126748272994125
2039,0.5062428851410337,0.0021460966552418756,0.4916110182037244
2040,0.5059898949107858,0.002015726965460023,0.4919943781237543
2041,0.5056976496752869,0.0018880760906635262,0.4924142742340495
2042,0.5053650097614796,0.0017680845559274513,0.49286690568259284
2043,0.5049909503411604,0.0016610469380932689,0.4933480027207464
2044,0.5045745547312311,0.001572569060114044,0.4938528762086548
2045,0.504115005637516,0.0015085191090107239,0.49437647525347317
2046,0.503611578154598,0.001474972095635156,0.49491344974976686
2047,0.5030636319068195,0.0014781482270267382,0.49545821986615385
2048,0.5024706026473046,0.001524345319315593,0.49600505203337997
2049,0.5018319947421123,0.0016198652997578672,0.49654813995812985
2050,0.5011473736959106,0.0017709357719162123,0.49708169053217327
2051,0.5004163586423324,0.0019836270459699435,0.4976000143116978
2052,0.4996386162920517,0.00226376542243937,0.49809761828550886
2053,0.49881385538552436,0.0026168439332752078,0.4985693006812003
2054,0.4979418222892236,0.003047931538798006,0.4990102461719783
2055,0.4970222982973357,0.0035615821284881114,0.49941611957417625
2056,0.4960550997323837,0.004161744800366239,0.49978315546725
2057,0.4950400789245907,0.0048516765276374555,0.5001082445477719
2058,0.49397713020070855,0.005633859448984104,0.5003890103503074
2059,0.492866199051291,0.006509923388723952,0.500623877559985
2060,0.4917072941932966,0.007480575693488847,0.5008121301132146
2061,0.49050050808068457,0.008545539612092534,0.500953952307223
2062,0.4892460404764721,0.009703502171018443,0.5010504573525094
2063,0.4879442306819611,0.01095207271739697,0.5011036966006418
2064,0.48659559896684473,0.01228775260390612,0.5011166484292491
2065,0.48520089502079733,0.013705917558386946,0.5010931874208158
2066,0.4837611592727335,0.015200811056115093,0.5010380296711515
2067,0.4822777965284385,0.01676555083065268,0.5009566526409086
2068,0.4807526621696941,0.018392146788911084,0.500855191041395
2069,0.4791881662771607,0.02007153044500791,0.5007403032778315
2070,0.4775873947516294,0.02179359535490507,0.5006190098934655
2071,0.4759542512646159,0.02354724800338571,0.5004985007319985
2072,0.47429362207699605,0.025320468018159795,0.5003859099048442
2073,0.47261156701995005,0.02710037848005814,0.5002880544999918
2074,0.4709155389950506,0.0288733243308291,0.5002111366741203
2075,0.4692146356475104,0.03062496145693516,0.5001604028955543
2076,0.4675198856891433,0.03234035508996718,0.5001397592208896
2077,0.46584457317162076,0.034004090577120775,0.5001513362512585
2078,0.46420460177262785,0.0356003983704669,0.5001949998569052
2079,0.4626188999637105,0.03711329668021794,0.5002678033560716
2080,0.4611098689073144,0.03852675625554739,0.5003633748371383
2081,0.4597038668388895,0.039824894097696316,0.5004712390634141
2082,0.45843172715605746,0.040992202031952384,0.5005760708119901
2083,0.4573292988620573,0.042013819370699666,0.5006568817672432
2084,0.45643798941155544,0.04287586024184003,0.5006861503466046
2085,0.45580528646076895,0.043565803999919175,0.5006289095393119
2086,0.45548522002310976,0.04407296098516801,0.5004418189917222
2087,0.4555387143485254,0.044389021856839475,0.500072263794635
2088,0.45603376176775245,0.0445086975758633,0.4994575406563844
2089,0.45704533464465275,0.04443045131422574,0.4985242140411215
2090,0.4586549317495164,0.04415731468640238,0.49718775356408124
2091,0.46094964099727564,0.043697771020343654,0.4953525879823807
2092,0.46402058961312637,0.043066668199195135,0.49291274218767844
2093,0.46796065608275,0.04228610654785239,0.48975323736939774
2094,0.47286133636958927,0.041386222201482366,0.48575244142892837
2095,0.47880870859712055,0.040405758946128294,0.48078553245675104
2096,0.48587851362145074,0.03939230336636451,0.47472918301218464
2097,0.49413048843656926,0.03840204242640251,0.4674674691370282
2098,0.5036022360092532,0.037498906708482625,0.4588988572822643
2099,0.5143030794250981,0.036752990813348825,0.4489439297615531
