year,Model Uncertainty,Scenario Uncertainty,Inter-Annual Variability
1980,0.41373316511395536,0.0001984167062530139,0.5860684181797916
1981,0.40221357483322057,0.00013329047824010056,0.5976531346885394
1982,0.3924507412955028,8.535738862211493e-05,0.6074639013158751
1983,0.38433854023166303,5.1711006318677013e-05,0.6156097487620181
1984,0.37774686276186675,2.9632013434993684e-05,0.6222235052246983
1985,0.3725306135116208,1.6666293077927937e-05,0.6274527201953013
1986,0.3685376810586024,1.0672244177428364e-05,0.6314516466972201
1987,0.3656155624364221,9.841048367474603e-06,0.6343745965152104
1988,0.3636165339448948,1.2695096558978525e-05,0.6363707709585462
1989,0.3624014105536079,1.8070091779315526e-05,0.6375805193546128
1990,0.36184204307743634,2.5086096394354904e-05,0.6381328708261693
1991,0.36182274977718276,3.311203040540252e-05,0.6381441381924118
1992,0.362240901335476,4.172725997633681e-05,0.6377173714045478
1993,0.3630068638515159,5.0682971116770786e-05,0.6369424531773673
1994,0.36404348568014727,5.986522303591804e-05,0.6358966490968169
1995,0.36528528080450673,6.926087715205432e-05,0.6346454583183412
1996,0.3666774307588618,7.892712443879977e-05,0.6332436421166995
1997,0.3681746997180495,8.896483768830857e-05,0.6317363354442621
1998,0.36974032770707305,9.949586297637387e-05,0.6301601764299507
1999,0.37134495173885745,0.00011064405541955323,0.6285444042057231
2000,0.37296558361316273,0.00012251986920748132,0.6269118965176298
2001,0.37458466331353796,0.000135208212600517,0.6252801284738615
2002,0.3761891971861808,0.0001487592713356677,0.6236620435424834
2003,0.377769984423245,0.0001631820326733042,0.6220668335440818
2004,0.37932093010674633,0.0001784402496463646,0.6205006296436072
2005,0.38083844125012056,0.00019445054822214694,0.6189671082016573
2006,0.38232090097889593,0.0002110825392986908,0.6174680164818055
2007,0.38376821433617886,0.00022816065257213962,0.6160036250112488
2008,0.38518141926502764,0.00024546753373436923,0.6145731132012379
2009,0.3865623576042459,0.0002627488107999549,0.6131748935849541
2010,0.387913399004819,0.0002797191201389208,0.611806881875042
2011,0.38923721285707197,0.0002960691087367939,0.6104667180341912
2012,0.3905365837003978,0.0003114734100283363,0.609151942889574
2013,0.3918142641954134,0.00032559929270775624,0.6078601365118789
2014,0.3930728623920446,0.0003381159525406033,0.6065890216554147
2015,0.39431475951789674,0.000348704232106384,0.6053365362499971
2016,0.3955420531513493,0.0003570666546759902,0.6041008801939747
2017,0.3967565247709898,0.0003629376383702397,0.6028805375906399
2018,0.3979596264743396,0.00036609379061299245,0.6016742797350475
2019,0.39915248532002007,0.0003663640977787658,0.6004811505822011
2020,0.40033592179173383,0.00036363998170663744,0.5993004382265594
2021,0.4015104806699677,0.0003578850946392083,0.5981316342353931
2022,0.4026764710854104,0.00034914473210128104,0.5969743841824884
2023,0.4038340145454859,0.0003375548329950829,0.5958284306215189
2024,0.40498309804846133,0.0003233504672947796,0.594693551484244
2025,0.4061236310107756,0.0003068737453034779,0.5935694952439209
2026,0.4072555042096618,0.00028858111329707213,0.5924559146770413
2027,0.4083786493134033,0.00026904992980487995,0.5913523007567919
2028,0.4094930969295731,0.0002489843146940962,0.5902579187557327
2029,0.4105990330925363,0.0002292201976105249,0.5891717467098531
2030,0.41169685198432066,0.0002107294831193539,0.5880924185325599
2031,0.41278720464570623,0.00019462329976587477,0.5870181720545278
2032,0.4138710420680026,0.00018215424842303116,0.5859468036835744
2033,0.4149496527512866,0.00017471757082487905,0.5848756296778885
2034,0.41602469312592705,0.0001738511503771336,0.5838014557236958
2035,0.4170982107582853,0.00018123426455563793,0.582720554977159
2036,0.4181726600415592,0.00019868497518042783,0.5816286549832606
2037,0.41925090867160936,0.00022815607282230854,0.5805209352555684
2038,0.4203362362533709,0.00027172944475879263,0.5793920343018701
2039,0.42143232325862034,0.00033160879144424407,0.5782360679499355
2040,0.42254323098854074,0.00041011058043957606,0.5770466584310198
2041,0.4236733718528985,0.0005096531594173724,0.5758169749876841
2042,0.4248274705114683,0.0006327439654424202,0.5745397855230894
2043,0.4260105149975957,0.0007819647768783064,0.573207520225526
2044,0.427227699740216,0.0009599550297475644,0.5718123452300364
2045,0.4284843588127564,0.00116939321763905,0.5703462479696045
2046,0.4297858917527689,0.0014129764178549343,0.5688011318293762
2047,0.4311376819357045,0.001693398119700688,0.5671689199445948
2048,0.43254500850642646,0.002013324571182183,0.5654416669223913
2049,0.4340129533209256,0.0023753697191400314,0.5636116769599344
2050,0.43554630434558206,0.0027820693365966185,0.5616716263178213
2051,0.43714945700964103,0.0032358544028741887,0.5596146885874848
2052,0.43882631536330513,0.003739024338382563,0.5574346602983122
2053,0.44058019540857285,0.004293720520729318,0.555126084070698
2054,0.4424137324055019,0.004901900551758404,0.5526843670427397
2055,0.44432879409256615,0.005565313809060289,0.5501058920983737
2056,0.44632640290509773,0.006285478859333742,0.5473881182355687
2057,0.4484066684865156,0.007063663088157198,0.5445296684253272
2058,0.45056873320661983,0.007900865327993013,0.5415304014653872
2059,0.45281073185833837,0.008797801468199359,0.5383914666734623
2060,0.4551297677536258,0.009754893822441485,0.5351153384239327
2061,0.45752190645817997,0.010772264232578885,0.531705829309241
2062,0.45998218760101794,0.011849731176483568,0.5281680812224985
2063,0.4625046555753813,0.01298681072118986,0.5245085337034289
2064,0.4650824099996685,0.014182721389850822,0.5207348686104807
2065,0.4677076740803318,0.015436392748742925,0.5168559331709253
2066,0.4703718821367952,0.0167464768615565,0.5128816410016482
2067,0.4730657840017237,0.018111362706110957,0.5088228532921654
2068,0.47577956593040577,0.019529192405452696,0.5046912416641415
2069,0.47850298632005395,0.020997878887896743,0.5004991347920494
2070,0.4812255252843239,0.022515123802587148,0.49625935091308904
2071,0.4839365463509954,0.024078435089250182,0.4919850185597544
2072,0.4866254694252532,0.025685143154644628,0.4876893874201021
2073,0.48928195377970446,0.027332414505609227,0.4833856317146863
2074,0.4918960906941385,0.02901726205508638,0.47908664725077516
2075,0.49445860567983835,0.030736551012020986,0.4748048433081407
2076,0.49696106985069727,0.032486999325250766,0.47055193082405194
2077,0.4993961216588036,0.03426517182424226,0.4663387065169541
2078,0.5017577003678908,0.036067467137028485,0.4621748324950807
2079,0.5040412920413969,0.0378900960966091,0.4580686118619941
2080,0.5062441914804972,0.03972905160170962,0.45402675691779315
2081,0.5083657805795092,0.04158006843821867,0.4500541509822721
2082,0.5104078275667898,0.043438572618687894,0.4461535998145223
2083,0.5123748078810201,0.04529962001011538,0.44232557210886453
2084,0.5142742493451314,0.04715782361569592,0.43856792703917263
2085,0.5161171024133728,0.04900726953926532,0.4348756280473619
2086,0.5179181347671618,0.05084142214844174,0.4312404430843965
2087,0.5196963486614196,0.052653019233240284,0.42765063210534016
2088,0.5214754135876966,0.05443395897166761,0.4240906274406359
2089,0.5232841067543049,0.05617518118836632,0.4205407120573289
2090,0.5251567438119296,0.057866547102037494,0.41697670908603296
2091,0.5271335806890362,0.05949672312521257,0.4133696961857513
2092,0.5292611537786519,0.06105307620535981,0.4096857700159884
2093,0.5315925207498072,0.06252159096499166,0.40588588828520117
2094,0.534187350642231,0.06388682097563934,0.40192582838212965
2095,0.5371118025602624,0.065131889559584,0.3977563078801537
2096,0.5404381204419121,0.06623855832757769,0.3933233212305102
2097,0.5442438656436245,0.06718738328449195,0.38856875107188366
2098,0.5486107052292564,0.06795797907457275,0.3834313156961709
2099,0.553622679759997,0.06852941145320296,0.3778479087868
