year,Model Uncertainty,Scenario Uncertainty,Inter-Annual Variability
1980,0.49979735294482536,0.0008217165127677588,0.499380930542407
1981,0.4871457992740469,0.0005604981949607618,0.5122937025309924
1982,0.47567381740109027,0.0003572795636044478,0.5239689030353053
1983,0.4653611132103671,0.0002064546158795571,0.5344324321737534
1984,0.45616900649552894,0.00010189130878017575,0.5437291021956908
1985,0.44804473179069615,3.721199695380957e-05,0.5519180562123499
1986,0.44092559923316826,6.037157995934859e-06,0.5590683636088358
1987,0.4347427872891917,2.1853938086898205e-06,0.5652550273169996
1988,0.4294246200786077,1.9827920565883215e-05,0.5705555520008263
1989,0.424899256363453,5.3599518517284623e-05,0.5750471441180298
1990,0.4210967823584024,9.867042026833947e-05,0.5788045472213291
1991,0.41795074102910473,0.00015078506764094413,0.5818984739032543
1992,0.41539915651865117,0.00020627400836854302,0.5843945694729803
1993,0.41338513182450354,0.000262045052315116,0.5863528231231813
1994,0.41185709560353195,0.0003155592836258006,0.5878273451128422
1995,0.4107687791517822,0.0003647964215569505,0.5888664244266608
1996,0.4100789886715181,0.00040821357919402086,0.5895127977492878
1997,0.40975123630702165,0.0004447001834053066,0.5898040635095729
1998,0.40975327906392833,0.00047353141496144196,0.5897731895211102
1999,0.410056608796762,0.0004943216873019689,0.5894490695159361
2000,0.4106359222484989,0.0005069794338412427,0.5888570983176599
2001,0.41146859963765114,0.0005116636964159507,0.588019736665933
2002,0.4125342077464359,0.0005087432785105014,0.5869570489750537
2003,0.41381404202424943,0.0004987585064118763,0.5856871994693387
2004,0.41529071445814475,0.00048238584143057105,0.5842268997004246
2005,0.4169477959131735,0.00046040538118702774,0.5825917987056395
2006,0.41876951049584177,0.00043367128532540377,0.5807968182188329
2007,0.4207404870122152,0.0004030850358322052,0.5788564279519527
2008,0.4228455617445042,0.00036957155425237405,0.5767848667012434
2009,0.4250696326770447,0.00033405809393982134,0.5745963092290155
2010,0.42739755882580327,0.00029745582660058075,0.5723049853475962
2011,0.42981410165426465,0.00026064407042057273,0.5699252542753149
2012,0.4323039024922023,0.0002244570501065121,0.5674716404576913
2013,0.43485149052344424,0.0001896730783058814,0.5649588363982498
2014,0.4374413166761207,0.00015700603139671385,0.5624016772924826
2015,0.44005780683009293,0.0001270990071891604,0.559815094162718
2016,0.4426854302752317,0.00010051993795620801,0.5572140497868122
2017,0.4453087781326059,7.775906654831162e-05,0.5546134628008458
2018,0.447912648356977,5.9228021268602916e-05,0.5520281236217544
2019,0.450482132126148,4.526035997727835e-05,0.5494726075138747
2020,0.4530027005425954,3.61133550877902e-05,0.5469611861023167
2021,0.4554602875043118,3.197084464737496e-05,0.5445077416510409
2022,0.457841367077951,3.294692463788091e-05,0.5421256859974111
2023,0.4601330255860697,3.909038059799061e-05,0.5398278840333323
2024,0.4623230248697979,5.0389595208386736e-05,0.5376265855349938
2025,0.4643998579351994,6.67778763290586e-05,0.5355333641884715
2026,0.46635279824733755,8.813900560369294e-05,0.5335590627470588
2027,0.4681719391770739,0.00011431293275081537,0.5317137478901753
2028,0.4698482278371562,0.000145101528809864,0.530006670634034
2029,0.47137349225601605,0.00018027427144131904,0.5284462334725426
2030,0.47274046259173774,0.0002195738835812902,0.5270399635246811
2031,0.47394278812263807,0.00026272183795051247,0.5257944900394114
2032,0.4749750508521444,0.00030942372051856107,0.524715525427337
2033,0.4758327752293325,0.0003593744500194192,0.5238078503206482
2034,0.4765124372609545,0.0004122633861099462,0.5230752993529355
2035,0.4770114714099191,0.0004677792892013302,0.5225207493008794
2036,0.4773282774872468,0.0005256152456068613,0.5221461072671462
2037,0.4774622274155924,0.0005854734982234592,0.5219522990861842
2038,0.47741367181199984,0.0006470703783997237,0.5219392578096006
2039,0.4771839477219373,0.0007101411694617576,0.522105911108601
2040,0.4767753858857598,0.0007744452581783752,0.5224501688560617
2041,0.47619131896991923,0.0008397712569089493,0.5229689097731719
2042,0.47543608843940743,0.0009059425956305138,0.5236579689649621
2043,0.4745150513145519,0.0009728232327236211,0.5245121254527244
2044,0.4734345842286385,0.0010403237653203914,0.525525092006041
2045,0.47220208582369844,0.0011084079750484214,0.5266895062012532
2046,0.47082597337335114,0.0011770997858480546,0.5279969268408009
2047,0.4693156746829644,0.0012464907112434717,0.5294378346057922
2048,0.46768161276240305,0.0013167478045066148,0.5310016394330903
2049,0.46593518120587657,0.0013881221261724075,0.532676696667951
2050,0.46408870897581356,0.0014609577707250818,0.5344503332534614
2051,0.4621554133606026,0.001535701286617089,0.5363088853527803
2052,0.46014933814659803,0.0016129117651058134,0.5382377500882962
2053,0.4580852762676352,0.001693271131306406,0.5402214526010584
2054,0.45597867578169077,0.0017775950410069952,0.5422437291773022
2055,0.4538455274677371,0.0018668438565537433,0.5442876286757091
2056,0.45170223485038324,0.0019621339691715195,0.5463356311804453
2057,0.44956546469771413,0.002064749148099495,0.5483697861541864
2058,0.4474519805159507,0.0021761519633603506,0.550371867520689
2059,0.445378460277102,0.002297994897086463,0.5523235448258116
2060,0.4433612981965839,0.0024321315141095255,0.5542065702893065
2061,0.4414163977267138,0.0025806270069024086,0.5560029752663839
2062,0.43955895656322114,0.0027457684853176493,0.5576952749514612
2063,0.4378032486943427,0.0029300748205426876,0.5592666764851147
2064,0.4361624116440323,0.00313630578026342,0.5607012825757043
2065,0.4346482408630404,0.003367470831840217,0.5619842883051194
2066,0.43327100177812966,0.003626837411594735,0.5631021608102756
2067,0.4320392645066202,0.003917938600758474,0.5640427968926214
2068,0.4309597676365321,0.004244580551457563,0.5647956518120103
2069,0.4300373196882051,0.004610849699193515,0.5653518306126014
2070,0.42927474199697935,0.005021119572257558,0.565704138430763
2071,0.42867286130226184,0.00548005764121609,0.565847081056522
2072,0.42823055485035094,0.005992632041011737,0.5657768131086374
2073,0.4279448520293758,0.006564117826371449,0.5654910301442527
2074,0.4278110962066562,0.00720010310464743,0.5649888006886964
2075,0.427823167885414,0.00790649411829605,0.56427033799629
2076,0.4279737686867928,0.00868951900309998,0.5633367123101072
2077,0.4282547681002712,0.009555728765449363,0.5621895031342795
2078,0.4286576091840062,0.010511994974362279,0.5608303958416314
2079,0.42917377400904916,0.01156550169459634,0.5592607242963545
2080,0.4297953042775587,0.012723729426362969,0.5574809662960784
2081,0.4305153756117132,0.013994428735905414,0.5554901956523814
2082,0.43132891973457355,0.015385579205802651,0.5532855010596238
2083,0.4322332947708652,0.016905329865913837,0.550861375363221
2084,0.4332289905418858,0.018561916111741586,0.5482090933463726
2085,0.4343203687424287,0.02036354654209518,0.545316084715476
2086,0.4355164215426169,0.022318253660324507,0.5421653247970586
2087,0.43683153502528227,0.024433701417396786,0.5387347635573209
2088,0.43828623898064306,0.026716940930931275,0.5349968200884258
2089,0.4399079106786437,0.029174109852292993,0.5309179794690633
2090,0.44173139634530734,0.031810065906651,0.5264585377480415
2091,0.44379950230602516,0.034627954078992905,0.5215725436149821
2092,0.44616328998064275,0.03762870504079273,0.5162080049785644
2093,0.448882104223332,0.04081047077942527,0.5103074249972427
2094,0.4520232463500462,0.04416801050206547,0.5038087431478883
2095,0.45566119815006806,0.047692048490144745,0.49664675335978725
2096,0.4598763050157651,0.05136863825226096,0.48875505673197384
2097,0.46475283462000444,0.055178581242509156,0.48006858413748627
2098,0.470376354406501,0.05909695762543147,0.47052668796806757
2099,0.47683041896288186,0.063092843885196,0.46007673715192215
