year,Model Uncertainty,Scenario Uncertainty,Inter-Annual Variability
1980,0.3007436771645566,0.0031108768848484287,0.696145445950595
1981,0.29730634817014573,0.002049249148744165,0.70064440268111
1982,0.2959737881703933,0.0012603056229466521,0.70276590620666
1983,0.29642264247246175,0.0007031153691636074,0.7028742421583747
1984,0.2983347312248666,0.0003373455809331012,0.7013279231942002
1985,0.30141052900175724,0.00012503484502340013,0.6984644361532194
1986,0.305377872320117,3.174752246594268e-05,0.694590380157417
1987,0.30999662148871054,2.7201001517251568e-05,0.6899761775097722
1988,0.3150601862586211,8.548242614165028e-05,0.6848543313152373
1989,0.3203948162132835,0.0001849711746352661,0.6794202126120812
1990,0.32585744481394463,0.00030806916050051626,0.6738344860255548
1991,0.3313327113942428,0.0004408205838771151,0.6682264680218801
1992,0.33672962924284766,0.0005724816756094338,0.6626978890815429
1993,0.34197821464961375,0.0006950822306384918,0.6573267031197477
1994,0.3470262810560809,0.0008030057049920179,0.6521707132389272
1995,0.35183651156439205,0.0008926028483003203,0.6472708855873075
1996,0.356383863885767,0.000961846474422761,0.6426542896398103
1997,0.36065331762996494,0.0010100287624195264,0.6383366536076155
1998,0.36463795134687227,0.0010374998100971707,0.6343245488430306
1999,0.3683373204164505,0.0010454439938552067,0.6306172355896943
2000,0.3717561016079682,0.0010356897976697742,0.627208208594362
2001,0.3749029690137646,0.0010105487676165884,0.6240864822186187
2002,0.3777896639587888,0.0009726791919929642,0.6212376568492182
2003,0.38043023021251077,0.0009249706141794003,0.6186447991733098
2004,0.38284038300375756,0.0008704458823042468,0.6162891711139382
2005,0.3850369904358611,0.0008121777112325098,0.6141508318529064
2006,0.38703764532977664,0.0007532174902743296,0.6122091371799491
2007,0.38886031018619055,0.0006965345043970785,0.6104431553094124
2008,0.3905230232853263,0.0006449638930781794,0.6088320128215955
2009,0.3920436528271416,0.0006011624261915548,0.6073551847466668
2010,0.39343969174178955,0.0005675711145047585,0.6059927371437057
2011,0.39472808608794263,0.0005463841324232888,0.6047255297796341
2012,0.39592509095295914,0.000539523557398291,0.6035353854896426
2013,0.3970461517220646,0.0005486196628203437,0.602405228615115
2014,0.39810580528847145,0.0005749965155674188,0.6013191981959611
2015,0.3991176015826707,0.0006196626853212425,0.6002627357320081
2016,0.4000940421487159,0.0006833069486887636,0.5992226509025954
2017,0.40104653415344654,0.0007662988026497754,0.5981871670439037
2018,0.4019853611315899,0.0008686934875892407,0.5971459453808208
2019,0.40291966744308666,0.0009902414729185945,0.5960900910839947
2020,0.4038574558984143,0.0011304018630579561,0.5950121422385276
2021,0.4048055991521058,0.001288359574531924,0.5939060412733623
2022,0.40576986212395943,0.001463045783210965,0.5927670920928296
2023,0.40675493585898986,0.0016531612126539268,0.5915919029283563
2024,0.4077644810920817,0.0018572018094674978,0.5903783170984509
2025,0.40880118028793927,0.0020734862207733473,0.5891253334912874
2026,0.4098667973454702,0.002300184674021836,0.5878330179805079
2027,0.4109622426529718,0.0025353487204387614,0.5865024086265894
2028,0.4120876436179626,0.002776941176926727,0.5851354152051106
2029,0.4132424176654516,0.0030228660130856583,0.5837347163214627
2030,0.41442534776806356,0.003270997660506701,0.5823036545714299
2031,0.4156346575247731,0.0035192092149814594,0.5808461332602455
2032,0.41686808703846795,0.0037653995137412475,0.5793665134477908
2033,0.4181229650737867,0.004007518340071366,0.5778695165861419
2034,0.4193962805927591,0.00424358990555085,0.57636012950169
2035,0.4206847486457781,0.0044717341884087086,0.5748435171658133
2036,0.4219848733328579,0.004690186179970856,0.5733249404871713
2037,0.4232930047583836,0.004897312718073589,0.5718096825235429
2038,0.4246053915595169,0.005091627039646935,0.5703029814008361
2039,0.42591822728996054,0.005271800915657169,0.5688099717943823
2040,0.4272276905156923,0.005436674725950351,0.5673356347583574
2041,0.42852998028935335,0.005585264879581656,0.5658847548310649
2042,0.42982134457200577,0.005716769293891161,0.5644618861341031
2043,0.4310981041985354,0.0058305706403448745,0.5630713251611197
2044,0.43235667065803124,0.005926237683483643,0.5617170916584852
2045,0.4335935592409725,0.0060035243704583624,0.5604029163885692
2046,0.4348053973830077,0.006062367572448997,0.5591322350445433
2047,0.43598892972643116,0.0061028825544786084,0.5579081877190902
2048,0.43714101793758864,0.006125357215854566,0.5567336248465569
2049,0.43825863871248155,0.006130244487468394,0.55561111680005
2050,0.4393388791147463,0.006118153423310408,0.5545429674619432
2051,0.44037892899422515,0.00608983889023976,0.5535312321155352
2052,0.4413760734452858,0.006046189879026508,0.5525777366756878
2053,0.44232768330860583,0.005988216745325457,0.5516840999460686
2054,0.4432312063853296,0.005917037091284457,0.550851756523386
2055,0.44408415935626566,0.005833860938145063,0.5500819797055891
2056,0.4448841210020959,0.005739974683709715,0.5493759043141944
2057,0.44562872699070516,0.005636724410231113,0.5487345485990638
2058,0.446315669523449,0.005525498315338442,0.5481588321612126
2059,0.4469426988655016,0.0054077086268974955,0.5476495925076009
2060,0.44750763078592404,0.005284773213207907,0.5472075960008681
2061,0.4480083601861848,0.005158096494100864,0.5468335433197143
2062,0.4484428805950614,0.005029050660196758,0.5465280687447418
2063,0.44880931292423576,0.004898956650486674,0.5462917304252776
2064,0.44910594294326944,0.0047690653399464315,0.5461249917167841
2065,0.44933126923705063,0.0046405393837665,0.5460281913791829
2066,0.4494840649000858,0.004514435499246652,0.5460014996006676
2067,0.44956345080165605,0.004391687803625765,0.5460448613947182
2068,0.4495689869193668,0.004273092217113626,0.5461579208635196
2069,0.44950078026622514,0.004159292253587398,0.5463399274801876
2070,0.4493596122231163,0.004050766770846252,0.5465896210060375
2071,0.44914708927535807,0.003947819386897394,0.5469050913377446
2072,0.4488658171041819,0.0038505705965467293,0.5472836122992714
2073,0.44851960308718497,0.003758952463784811,0.5477214444490303
2074,0.4481136877355556,0.003672706474261751,0.5482136057901826
2075,0.4476550092476079,0.003591385116263244,0.5487536056361287
2076,0.4471525021404325,0.0035143574253739137,0.5493331404341936
2077,0.4466174346017232,0.0034408194338578757,0.5499417459644189
2078,0.446063781926707,0.003369809885214244,0.5505664081880789
2079,0.4455086402859264,0.003300232041322448,0.5511911276727511
2080,0.44497267690833253,0.0032308825883229117,0.5517964405033445
2081,0.44448061349243,0.0031604882172984908,0.5523588982902715
2082,0.4440617373259217,0.0030877511517572094,0.5528505115223211
2083,0.4437504255360391,0.0030114043464096103,0.5532381701175513
2084,0.44358666969703664,0.0029302775752540586,0.5534830527277094
2085,0.4436165728624786,0.002843374781292401,0.553540052356229
2086,0.4438927887335939,0.0027499638805463214,0.5533572473858598
2087,0.4444748590457527,0.0026496781155514273,0.5528754628386959
2088,0.44542939509720025,0.0025426292633411035,0.5520279756394587
2089,0.44683003712989605,0.002429530168783637,0.5507404327013202
2090,0.44875711205896607,0.0023118240332469656,0.548931063907787
2091,0.45129690638532644,0.0021918152305601462,0.5465112783841135
2092,0.4545404592256159,0.0020727948082128337,0.5433867459661713
2093,0.4585817903107641,0.0019591513752557316,0.5394590583139801
2094,0.46351549126954145,0.001856455418054276,0.5346280533124042
2095,0.4694336405399475,0.001771503404435991,0.5287948560556165
2096,0.4764220519709556,0.0017123064736598544,0.5218656415553845
2097,0.48455593547275516,0.0016880085566580317,0.5137560559705868
2098,0.4938951389741275,0.001708721300030953,0.5043961397258415
2099,0.5044792344692576,0.0017852668606667182,0.4937354986700756
