year,Model Uncertainty,Scenario Uncertainty,Inter-Annual Variability
1980,0.6544582460345403,0.00021442235383928868,0.3453273316116205
1981,0.6488284525287544,0.00014880106703819273,0.35102274640420744
1982,0.6440492219327569,9.931302027690693e-05,0.35585146504696613
1983,0.6400420422077993,6.341886400794112e-05,0.3598945389281929
1984,0.6367223185909355,3.8720966266736575e-05,0.3632389604427976
1985,0.6340035496841732,2.3028779611155608e-05,0.3659734215362156
1986,0.631800693213695,1.4399500702619547e-05,0.36818490728560244
1987,0.6300327078931349,1.1157572669282658e-05,0.36995613453419574
1988,0.6286243290115163,1.1897297534593797e-05,0.37136377369094914
1989,0.6275071818868866,1.5472882429558356e-05,0.3724773452306837
1990,0.626620352331586,2.0979858158913854e-05,0.3733586678102552
1991,0.625910537848754,2.7731184273075486e-05,0.37406173096697304
1992,0.6253318903915516,3.5230660601776053e-05,0.3746328789478466
1993,0.6248456470835574,4.31455725605582e-05,0.37511120734388215
1994,0.6244196259451976,5.12799644422916e-05,0.3755290940903602
1995,0.624027647059005,5.954937350183763e-05,0.3759128035674932
1996,0.6236489226222884,6.795757671580672e-05,0.37628311980099566
1997,0.6232674477961441,7.657556080580245e-05,0.37665597664305006
1998,0.6228714124361657,8.552282092593393e-05,0.37704306474290833
1999,0.6224526463827612,9.495089013111075e-05,0.3774524027271077
2000,0.6220061052697881,0.00010502899975633406,0.3778888657304556
2001,0.6215293986674276,0.00011593172574067502,0.37835466960683173
2002,0.6210223620603005,0.00012782843897277422,0.3788498095007267
2003,0.6204866690626312,0.00014087441546017641,0.3793724565219087
2004,0.6199254821045798,0.00015520346866870473,0.37991931442675153
2005,0.6193431386400565,0.00017092196343141116,0.380485939396512
2006,0.6187448688789147,0.00018810413798989336,0.38106702698309547
2007,0.618136543200928,0.0002067885956063978,0.38165666820346567
2008,0.6175244457719449,0.00022697593846397567,0.3822485782895912
2009,0.61691507259989,0.000248627455734952,0.38283629994437496
2010,0.6163149520847,0.0002716647893118823,0.38341338312598805
2011,0.6157304871469864,0.0002959705247691849,0.3839735423282443
2012,0.61516781667449,0.0003213896772763447,0.3845107936482335
2013,0.6146326969372138,0.0003477319384194201,0.38501957112436674
2014,0.614130401094011,0.00037477467280009485,0.38549482423318887
2015,0.6136656368181636,0.00040226654841941576,0.385932096633417
2016,0.6132424811567531,0.0004299317361351732,0.3863275871071118
2017,0.6128643323483035,0.0004574745333857393,0.38667819311831086
2018,0.6125338778235209,0.0004845844387496267,0.3869815377377294
2019,0.6122530772254695,0.0005109413815628338,0.38723598139296767
2020,0.6120231605981011,0.000536221191305009,0.38744061821059383
2021,0.611844639044516,0.0005601011026530139,0.38759525985283105
2022,0.6117173285421494,0.0005822652011341172,0.3877004062567164
2023,0.6116403838849914,0.0006024097733841807,0.38775720634162436
2024,0.6116123426701335,0.000620248410446604,0.3877674089194199
2025,0.6116311768891943,0.0006355168279686855,0.3877333062828369
2026,0.6116943513108174,0.0006479773248584106,0.38765767136432416
2027,0.6117988862080103,0.0006574228601091361,0.38754369093188074
2028,0.6119414244652385,0.000663680622518416,0.3873948949122431
2029,0.6121182994753761,0.0006666151819945473,0.3872150853426293
2030,0.612325604543743,0.0006661310731758734,0.3870082643830812
2031,0.6125592613806341,0.0006621749171084905,0.3867785637022575
2032,0.612815086690748,0.0006547370233800458,0.38653017628587194
2033,0.6130888561851662,0.0006438524247289559,0.38626729139010496
2034,0.6133763653111808,0.0006296014975294663,0.38599403319128983
2035,0.6136734851394016,0.0006121100308474746,0.38571440482975106
2036,0.6139762142555355,0.0005915488606809719,0.38543223688378353
2037,0.614280724893009,0.0005681330371641454,0.3851511420698268
2038,0.6145834038828898,0.0005421205761768981,0.3848744755409334
2039,0.6148808879289499,0.0005138107609244168,0.38460530131012566
2040,0.6151700932599018,0.00048354207031172053,0.3843463646697865
2041,0.6154482391417865,0.00045168973267367733,0.3841000711255399
2042,0.6157128663072209,0.0004186628300638083,0.3838684708627153
2043,0.6159618491092659,0.0003849011077745858,0.38365324978295945
2044,0.6161934028313922,0.00035087139031747376,0.3834557257782903
2045,0.6164060849927784,0.00031706362259571714,0.3832768513846258
2046,0.6165987922161101,0.00028398658309326916,0.3831172212007965
2047,0.6167707515366051,0.0002521632306186135,0.38297708523277624
2048,0.6169215074945966,0.00022212573250409763,0.38285636677289914
2049,0.617050904246286,0.00019441015207438507,0.3827546856016397
2050,0.6171590638548328,0.00016955082481250364,0.3826713853203548
2051,0.6172463603453368,0.00014807445878285905,0.3826055651958804
2052,0.6173133900670231,0.00013049396447117073,0.38255611596850564
2053,0.6173609388919127,0.00011730206549265036,0.3825217590425946
2054,0.6173899463685859,0.00010896473018035647,0.38250108890123363
2055,0.6174014670807351,0.00010591448037610499,0.3824926184388889
2056,0.6173966305198557,0.00010854364410088467,0.3824948258360434
2057,0.6173765988311654,0.00011719761634691914,0.3825062035524878
2058,0.617342524030447,0.00013216821556882454,0.38252530775398425
2059,0.6172955048682506,0.00015368723835369017,0.38255080789339563
2060,0.6172365443547114,0.0001819202717088918,0.38258153537357964
2061,0.6171665085335977,0.00021696091109435072,0.382616530555308
2062,0.6170860875471084,0.0002588254585012142,0.3826550869943904
2063,0.6169957600349978,0.0003074482038570759,0.3826967917611452
2064,0.6168957618564467,0.0003626774156328075,0.38274156072792054
2065,0.6167860598767736,0.0004242721153192627,0.38278966800790704
2066,0.6166663326674598,0.0004918997483778008,0.3828417675841624
2067,0.6165359587486577,0.000565134824103519,0.3828989064272388
2068,0.6163940135697745,0.000643458619186195,0.3829625278110392
2069,0.6162392772063233,0.0007262599703065974,0.38303446282337017
2070,0.6160702531142701,0.0008128372966530291,0.3831169095890768
2071,0.6158852001948115,0.0009024017823772078,0.38321239802281126
2072,0.6156821792821899,0.0009940818970361489,0.383323738820774
2073,0.615459115683138,0.001086929184730482,0.3834539551321315
2074,0.6152138792253138,0.001179925458146284,0.38360619531654
2075,0.6149443846121324,0.001271991382500924,0.3837836240053666
2076,0.6146487125670311,0.001361996553803358,0.3839892908791655
2077,0.6143252562406718,0.0014487712267470675,0.38422597253258106
2078,0.6139728930316669,0.0015311196841374082,0.3844959872841957
2079,0.6135911865525245,0.0016078356032394271,0.38480097784423606
2080,0.6131806212182873,0.0016777194839239786,0.3851416592977888
2081,0.6127428721484496,0.001739598583405982,0.38551752926814453
2082,0.6122811150943771,0.001792349594978967,0.38592653531064386
2083,0.6118003783718047,0.0018349246051929742,0.38636469702300236
2084,0.6113079410646802,0.0018663807468643607,0.38682567818845554
2085,0.6108137785073054,0.0018859141926839966,0.3873003073000105
2086,0.6103310567611167,0.001892898985796143,0.38777604425308715
2087,0.6098766739313434,0.0018869314545637294,0.388236394614093
2088,0.6094718430063657,0.0018678805325857688,0.38866027646104845
2089,0.6091427064370485,0.0018359444768792485,0.3890213490860723
2090,0.6089209648480728,0.0017917140159049696,0.38928732113602216
2091,0.6088444929263092,0.001736241414871987,0.38941926565881885
2092,0.6089579045507467,0.0016711144288883216,0.3893709810203649
2093,0.609313013301229,0.001598532901836223,0.38908845379693474
2094,0.6099691186414398,0.00152138461933904,0.3885094967392212
2095,0.6109930295237629,0.001443315298675848,0.38756365517756125
2096,0.6124587191684927,0.0013687855887898129,0.3861724952427176
2097,0.6144464922977002,0.0013031060637668929,0.3842504016385328
2098,0.6170415389265932,0.001252438832916199,0.38170602224049055
2099,0.6203317599661795,0.0012237532989272644,0.3784444867348932
