year,Model Uncertainty,Scenario Uncertainty,Inter-Annual Variability
1980,0.4745481205556725,0.0015887595531021708,0.5238631198912252
1981,0.4684842268731673,0.0010187897812407583,0.5304969833455919
1982,0.4637408433127399,0.0006031652063714024,0.5356559914808888
1983,0.4601565862621745,0.0003182093774614361,0.5395252043603641
1984,0.45756808165338914,0.00014069979397691936,0.5422912185526341
1985,0.4558171412493996,4.8745270774489746e-05,0.5441341134798259
1986,0.45475588029047004,2.237820928757456e-05,0.5452217415002424
1987,0.454249989858804,4.390067554755484e-05,0.5457061094656485
1988,0.45418048219797486,9.803342721816025e-05,0.5457214843748069
1989,0.4544442530324023,0.00017191809476404981,0.5453838288728337
1990,0.45495379103227795,0.00025501775156701773,0.544791191216155
1991,0.45563631318882675,0.00033895338639431543,0.544024733424779
1992,0.4564325534170674,0.0004173052668349405,0.5431501413160976
1993,0.4572953734120472,0.0004854002976011793,0.5422192262903517
1994,0.4581883182399486,0.0005400996691647243,0.5412715820908867
1995,0.4590841972371099,0.0005795958312850146,0.5403362069316051
1996,0.45996374086259234,0.0006032237131767542,0.5394330354242308
1997,0.46081436185115265,0.0006112884445120933,0.5385743497043353
1998,0.4616290315943325,0.0006049098254153172,0.5377660585802522
1999,0.462405274787786,0.0005858826899614025,0.5370088425222526
2000,0.46314427655651363,0.0005565517322026725,0.5362991717112837
2001,0.46385009417668716,0.0005196989315506685,0.5356302068917622
2002,0.46452896410045225,0.00047844204085461086,0.5349925938586931
2003,0.4651886939645429,0.00043614234893892494,0.5343751636865182
2004,0.46583813134706226,0.0003963205529435262,0.5337655480999942
2005,0.46648669998684256,0.00036257959069052885,0.5331507204224669
2006,0.46714399823026304,0.0003385337114277841,0.5325174680583092
2007,0.4678194525233491,0.00032774334772591633,0.5318528041289251
2008,0.4685220229005895,0.000333655522632851,0.5311443215767776
2009,0.4692599563495474,0.0003595497374730402,0.5303804939129796
2010,0.4700405842540197,0.00040848952727500604,0.5295509262187053
2011,0.4708701638063998,0.0004832798263811449,0.5286465563672191
2012,0.4717537589839652,0.0005864303896793077,0.5276598106263555
2013,0.4726951595173213,0.000720125580758458,0.5265847149019202
2014,0.47369683743058266,0.0008862006335784821,0.5254169619358389
2015,0.4747599351394413,0.0010861245169029175,0.5241539403436558
2016,0.475884286464229,0.001320989428235218,0.5227947241075358
2017,0.4770684640564433,0.0015915067246251055,0.5213400292189316
2018,0.4783098522156737,0.0018980089776172626,0.519792138806709
2019,0.4796047401753374,0.0022404579714454032,0.5181548018532172
2020,0.4809484327474125,0.002618457749088214,0.5164331095034993
2021,0.4823353741183789,0.003031272431056567,0.5146333534505645
2022,0.48375928150184444,0.0034778479760460388,0.5127628705221094
2023,0.4852132838719098,0.003956836966886495,0.5108298791612038
2024,0.4866900638350232,0.004466626080700908,0.5088433100842759
2025,0.48818199774452414,0.005005364962654402,0.5068126372928214
2026,0.4896812927636123,0.005570996226671946,0.5047477110097157
2027,0.4911801175413768,0.006161285630318931,0.5026585968283042
2028,0.4926707244551553,0.006773851933912058,0.5005554236109326
2029,0.49414556277101074,0.00740619588909621,0.498448241339893
2030,0.495597380770837,0.008055728000052272,0.49634689122911074
2031,0.4970193158186228,0.008719794685550987,0.49426088949582625
2032,0.49840497408088175,0.009395702410307167,0.49219932350881107
2033,0.4997484963924206,0.0100807401671894,0.49017076344039
2034,0.5010446137556829,0.01077219952727529,0.48818318671704186
2035,0.5022886913927054,0.011467392943962179,0.48624391566333247
2036,0.5034767614532484,0.01216366987186276,0.4843595686748889
2037,0.5046055463885675,0.012858431105966857,0.4825360225054657
2038,0.5056724721690061,0.013549141472221676,0.4807783863587721
2039,0.5066756736929658,0.014233340918049252,0.4790909853889849
2040,0.5076139916169056,0.014908654442714565,0.4774773539403798
2041,0.5084869622939037,0.015572800872266397,0.4759402368338299
2042,0.5092948008045275,0.016223600735530714,0.47448159845994187
2043,0.5100383783159704,0.01685898382114218,0.4731026378628875
2044,0.5107191935901508,0.017476995943827192,0.4718038104660219
2045,0.5113393393441538,0.018075805772258608,0.47058485488358753
2046,0.5119014637763444,0.01865371158015364,0.46944482464350207
2047,0.5124087277286674,0.01920914789240748,0.46838212437892507
2048,0.5128647575716081,0.01974069271871302,0.4673945497096788
2049,0.5132735940268757,0.020247074696632027,0.4664793312764923
2050,0.513639637187904,0.020727180849947003,0.465633181962149
2051,0.5139675884393109,0.02118006467421846,0.46485234688647076
2052,0.5142623884332608,0.021604954378207804,0.46413265718853136
2053,0.5145291533945762,0.022001261764667324,0.4634695848407565
2054,0.5147731080148183,0.022368590985257387,0.46285830099992437
2055,0.5149995176842612,0.022706747590621527,0.4622937347251172
2056,0.5152136184367693,0.023015747480392094,0.46177063408283875
2057,0.5154205481989885,0.023295825684270664,0.46128362611674084
2058,0.5156252775801189,0.023547444703344366,0.4608272777165367
2059,0.515832543193385,0.023771302263552088,0.46039615454306293
2060,0.5160467846958625,0.02396833820904141,0.4599848770950961
2061,0.5162720854184093,0.024139740699617163,0.4595881738819734
2062,0.5165121202602431,0.024286950708391503,0.45920092903136545
2063,0.5167701117442112,0.024411665500068354,0.4588182227557204
2064,0.5170487950501773,0.024515840545209684,0.458435364404613
2065,0.5173503957830465,0.02460168948959059,0.45804791472736284
2066,0.5176766210231057,0.024671682418521225,0.457651696558373
2067,0.518028666672294,0.024728542324487023,0.457242791003219
2068,0.5184072422636764,0.02477523936719986,0.45681751836912377
2069,0.5188126162393895,0.024814983246174458,0.45637240051443606
2070,0.5192446821146296,0.02485121358500814,0.4559041043003622
2071,0.5197030499882948,0.02488758800790462,0.45540936200380056
2072,0.5201871631092196,0.024927968381935346,0.4548848685088451
2073,0.5206964416821233,0.024976404740760502,0.4543271535771163
2074,0.5212304569391859,0.025037117229462065,0.4537324258313521
2075,0.5217891358975079,0.0251144751932639,0.4530963889092281
2076,0.5223729984886145,0.025212974060807126,0.4524140274505785
2077,0.5229834280748489,0.02533720884838447,0.45167936307676665
2078,0.5236229774005082,0.025491844045324653,0.45088517855416704
2079,0.5242957083302341,0.025681579267804133,0.45002271240196184
2080,0.525007566942882,0.025911109220991088,0.449081323836127
2081,0.5257667907200494,0.026185077280281507,0.44804813199966914
2082,0.5265843458319521,0.02650802102776008,0.44690763314028775
2083,0.5274743886087201,0.026884307772176902,0.4456413036191029
2084,0.5284547429548,0.02731805866329922,0.4442271983819008
2085,0.5295473821006074,0.027813059029906998,0.44263955886948564
2086,0.5307788961415641,0.02837265287191754,0.44084845098651826
2087,0.5321809234592393,0.028999620299279865,0.4388194562414809
2088,0.5337905150713216,0.029696035830629616,0.43651344909804873
2089,0.5356503919571216,0.030463107366372325,0.4338865006765061
2090,0.5378090494872035,0.03130099739746183,0.4308899531153346
2091,0.5403206500031835,0.0322086278800463,0.4274707221167702
2092,0.5432446422504361,0.03318347528959898,0.4235718824599648
2093,0.5466450362837647,0.034221364061998445,0.41913359965423685
2094,0.5505892709326348,0.03531626995262933,0.414094459114736
2095,0.5551466125314888,0.03646015091752225,0.40839323655098897
2096,0.5603860498328438,0.03764282428134095,0.4019711258858152
2097,0.5663736794243497,0.03885191476937737,0.394774405806273
2098,0.5731696267350649,0.04007289691961749,0.3867574763453177
2099,0.5808246041275852,0.04128925649820258,0.3778861393742122
