year,Model Uncertainty,Scenario Uncertainty,Inter-Annual Variability
1980,0.33935989544975964,0.004659977992210093,0.6559801265580303
1981,0.33727707625571574,0.003089104786951005,0.6596338189573333
1982,0.33639551425216324,0.001925090321941074,0.6616793954258957
1983,0.3365231196336772,0.0011004874202832872,0.6623763929460396
1984,0.3374779574398257,0.0005524739414560316,0.6619695686187181
1985,0.33909301486748483,0.00022432078031699753,0.6606826643521982
1986,0.3412188949202975,6.613963563847767e-05,0.658714965444064
1987,0.34372488305473026,3.5076359108885025e-05,0.6562400405861608
1988,0.3464988189515903,9.510867947249332e-05,0.6534060723689372
1989,0.3494461595079358,0.00021658511124809647,0.6503372553808161
1990,0.3524885491784844,0.0003756140379258163,0.6471358367835898
1991,0.3555621318817677,0.0005533845342458093,0.6438844835839865
1992,0.35861578107514963,0.0007354760239694882,0.6406487429008809
1993,0.36160936060785964,0.0009111942892404323,0.6374794451029
1994,0.364512088680351,0.0010729560135046736,0.6344149553061442
1995,0.3673010461994251,0.0012157336891298026,0.6314832201114451
1996,0.36995984388068226,0.0013365644479743735,0.6287035916713434
1997,0.3724774547618332,0.001434122490033782,0.6260884227481331
1998,0.374847200189547,0.0015083513620893357,0.6236444484483636
1999,0.37706588072328223,0.0015601508786805057,0.6213739683980373
2000,0.37913303694529776,0.0015911131592761334,0.6192758498954261
2001,0.3810503225815361,0.0016033021892197185,0.6173463752292442
2002,0.38282097897758505,0.0015990712470895958,0.6155799497753254
2003,0.3844493934855197,0.0015809135352639844,0.6139696929792163
2004,0.3859407331461122,0.0015513417841321274,0.6125079250697556
2005,0.38730064063962194,0.0015127927476140475,0.611186566612764
2006,0.38853498512649143,0.0014675535940583857,0.6099974612794501
2007,0.3896496578381213,0.001417707277431818,0.6089326348844468
2008,0.3906504100775499,0.0013650943477211332,0.6079844955747289
2009,0.3915427233383593,0.0013112892147188603,0.6071459874469217
2010,0.39233171036943776,0.001257588798961644,0.6064107008316006
2011,0.39302204124414414,0.001205011955447637,0.6057729468004083
2012,0.3936178939203532,0.001154308163447622,0.6052277979161991
2013,0.39412292116436576,0.0011059739029245642,0.6047711049327097
2014,0.3945402382497208,0.0010602755463949864,0.6043994862038843
2015,0.3948724235381876,0.0010172773369879098,0.6041102991248244
2016,0.3951215327312264,0.0009768735299229996,0.6039015937388506
2017,0.39528912407441497,0.0009388234119785475,0.6037720525136064
2018,0.39537629468746227,0.0009027880774403374,0.6037209172350974
2019,0.3953837231970661,0.0008683684061408205,0.603747908396793
2020,0.39531172115279545,0.0008351428219854059,0.6038531360252191
2021,0.3951602890578454,0.0008027044327168437,0.6040370065094378
2022,0.3949291778308736,0.0007706966097395448,0.604300125559387
2023,0.3946179532569352,0.0007388463729895709,0.6046432003700751
2024,0.3942260638015494,0.0007069949828598533,0.6050669412155908
2025,0.39375290968544385,0.0006751252034829405,0.6055719651110731
2026,0.39319791432694606,0.0006433849026097336,0.6061587007704443
2027,0.3925605937732174,0.0006121061183631335,0.6068273001084195
2028,0.3918406296934844,0.0005818200213655897,0.60757755028515
2029,0.3910379367040155,0.0005532665118542035,0.6084087967841303
2030,0.39015273332739464,0.00052739909325399,0.6093198675793514
2031,0.3891856064355669,0.0005053840272033666,0.6103090095372298
2032,0.38813757687243405,0.0004885941080705639,0.6113738290194954
2033,0.3870101584119154,0.00047859655663092036,0.6125112450314537
2034,0.38580541505383004,0.00047713512177560274,0.6137174498243944
2035,0.3845260122503093,0.000486106248444269,0.6149878815012465
2036,0.38317526353352516,0.0005075291069911828,0.6163172073594837
2037,0.38175717019248934,0.000543509980303323,0.6176993198272073
2038,0.38027645278483174,0.0005962005078658491,0.6191273467073024
2039,0.3787385756676136,0.0006677505965020033,0.6205936737358843
2040,0.3771497610869754,0.0007602559317630369,0.6220899829812615
2041,0.3755169928824992,0.0008757006682110226,0.6236073064492899
2042,0.37384800770422066,0.0010158960214124578,0.6251360962743667
2043,0.37215127486346616,0.0011824152560377195,0.6266663098804961
2044,0.3704359625646061,0.0013765263858142333,0.6281875110495796
2045,0.36871188711723046,0.001599123409313609,0.629688989473456
2046,0.366989450876359,0.0018506575791274172,0.6311598915445136
2047,0.3652795612341281,0.0021310702684200727,0.6325893684974518
2048,0.36359353762957125,0.0024397289310180556,0.6339667334394108
2049,0.36194299976244587,0.002775368242420069,0.635281631995134
2050,0.3603397457828036,0.0031360384008964856,0.6365242158162999
2051,0.35879561346789757,0.003519062366093086,0.6376853241660094
2052,0.357322333852888,0.003921004644477414,0.6387566615026345
2053,0.3559313731599681,0.004337653254099694,0.6397309735859321
2054,0.35463376906556776,0.004764017357666531,0.6406022135767656
2055,0.3534399639858014,0.005194342154745835,0.6413656938594527
2056,0.3523596372321821,0.0056221431458213355,0.6420182196219966
2057,0.3514015415478493,0.006040261291673336,0.6425581971604774
2058,0.3505733448630348,0.006440940263296475,0.6429857148736687
2059,0.34988148461239726,0.006815927546223896,0.6433025878413788
2060,0.3493310330129346,0.00715660002322866,0.6435123669638368
2061,0.3489255805860602,0.007454115149031976,0.6436203042649079
2062,0.348667140089662,0.00769958865475246,0.6436332712555857
2063,0.348556068758514,0.007884299972561576,0.6435596312689243
2064,0.3485910168620508,0.007999925998276768,0.6434090571396724
2065,0.3487688979586225,0.008038805609014554,0.643192296432363
2066,0.34908488461884435,0.007994235807565838,0.6429208795735898
2067,0.3495324289263744,0.007860803363046908,0.6426067677105786
2068,0.3501033052525673,0.007634753966119292,0.6422619407813134
2069,0.35078767841645286,0.00731440414957626,0.6418979174339708
2070,0.3515741922918145,0.006900600217912417,0.6415252074902732
2071,0.3524500813336552,0.006397230288483468,0.6411526883778614
2072,0.35340130433846584,0.005811795660705599,0.6407869000008286
2073,0.3544126986337542,0.005156047548825499,0.6404312538174203
2074,0.3554681594185084,0.00444669574654511,0.6400851448349465
2075,0.35655084555968825,0.0037061930003593558,0.6397429614399524
2076,0.35764341539275624,0.002963596922390876,0.6393929876848529
2077,0.3587282982793806,0.002255505816659814,0.6390161959039596
2078,0.35978801222347345,0.0016270573815017142,0.6385849303950248
2079,0.3608055319176755,0.0011329679280419477,0.6380615001542826
2080,0.361764722434832,0.0008385741107018405,0.6373967034544662
2081,0.3626508460889613,0.0008208184336470926,0.6365283354773916
2082,0.36345115412995865,0.0011690926678312185,0.6353797532022102
2083,0.3641555707670644,0.0019858202373275744,0.6338586089956081
2084,0.3647574708072129,0.003386620650973544,0.6318559085418135
2085,0.36525454374389005,0.00549985817987314,0.6292455980762368
2086,0.3656497236940315,0.00846533913456377,0.6258849371714048
2087,0.3659521421438541,0.012431895590684633,0.6216159622654612
2088,0.36617803886550526,0.017553591336008912,0.6162683697984859
2089,0.3663515358969093,0.02398432375499213,0.6096641403480986
2090,0.36650515222208696,0.031870692101700716,0.6016241556762124
2091,0.3666799097438565,0.04134317386307561,0.5919769163930678
2092,0.3669248774477335,0.05250590103005023,0.5805692215222162
2093,0.36729600950468627,0.06542565004921597,0.5672783404460977
2094,0.36785418931717606,0.08012100186998374,0.5520248088128402
2095,0.3686624695687763,0.09655294082748067,0.534784589603743
2096,0.36978262828330044,0.11461832605075563,0.515599045665944
2097,0.371271287709956,0.13414761291682045,0.49458109937322353
2098,0.3731759774881479,0.15490784782045278,0.47191617469139935
2099,0.37553159180792045,0.17661131368547572,0.44785709450660377
