year,Model Uncertainty,Scenario Uncertainty,Inter-Annual Variability
1980,0.5620639301728585,0.00047383003266855006,0.437462239794473
1981,0.5549966245987993,0.0002840277923303336,0.44471934760887044
1982,0.5486522680643657,0.0001544546745540473,0.4511932772610802
1983,0.5429852842952728,7.337190142837503e-05,0.45694134380329887
1984,0.5379456659011796,3.007859934001351e-05,0.4620242554994803
1985,0.5334812096305976,1.5060974416419641e-05,0.46650372939498597
1986,0.529539387325916,2.006657159903905e-05,0.4704405461024851
1987,0.5260688415915586,3.811690221876527e-05,0.4738930415062226
1988,0.5230205228423862,6.34720745019865e-05,0.4769160050831118
1989,0.5203485008350766,9.156022102746799e-05,0.479559938943896
1990,0.5180104945587183,0.00011888299274763198,0.4818706224485341
1991,0.5159681671395234,0.00014290653324137013,0.4838889263272352
1992,0.5141872318417641,0.00016194532411878922,0.4856508228341171
1993,0.5126374115443991,0.00017504464997860733,0.48718754380562224
1994,0.5112922889398156,0.0001818657090439636,0.48852584535114046
1995,0.5101290790776026,0.00018257621577358324,0.48968834470662376
1996,0.5091283502993181,0.00017774830066656045,0.4906939014000154
1997,0.5082737136763666,0.000168264688470756,0.4915580216351626
1998,0.5075514976266279,0.00015523370895829895,0.4922932686644138
1999,0.5069504204728036,0.00013991317655314708,0.49290966635064326
2000,0.506461268427743,0.00012364302002709337,0.49341508855223004
2001,0.5060765879865987,0.0001077863840087993,0.4938156256293925
2002,0.5057903948411189,9.367879636513354e-05,0.49411592636251606
2003,0.5055979045727106,8.25850184575769e-05,0.49431951040883176
2004,0.5054952863481951,7.566315122025292e-05,0.4944290505005846
2005,0.5054794398352405,7.393557685868977e-05,0.49444662458790084
2006,0.5055477973950364,7.826634922181333e-05,0.4943739362557417
2007,0.5056981505906382,8.934460263494206e-05,0.49421250480672696
2008,0.5059285003686831,0.00010767362490265269,0.4939638260064143
2009,0.506236930973642,0.0001335651439487153,0.4936295038824093
2010,0.5066215058935158,0.00016713845076166606,0.49321135565572255
2011,0.5070801850103082,0.00020832391569469369,0.49271149107399725
2012,0.50761076174971,0.0002568704791656986,0.4921323677711244
2013,0.5082108179167011,0.00031235662220759796,0.4914768254610913
2014,0.5088776956849317,0.0003742044027051049,0.4907480999123632
2015,0.5096084845578356,0.0004416960122598935,0.4899498194299046
2016,0.5104000209109788,0.0005139925036134761,0.48908598658540786
2017,0.5112488996104109,0.0005901540328645173,0.4881609463567245
2018,0.5121514948373526,0.0006691613416546255,0.48717934382099276
2019,0.513103988692597,0.0007499379247809376,0.48614607338262217
2020,0.5141024062845466,0.0008313725503118558,0.48506622116514153
2021,0.5151426550121128,0.0009123416697343938,0.48394500331815293
2022,0.5162205671483372,0.0009917314400404982,0.4827877014116223
2023,0.5173319436338533,0.0010684591116392435,0.4815995972545075
2024,0.5184725989999702,0.0011414932771898418,0.48038590772283984
2025,0.5196384047036114,0.0012098731684479533,0.4791517221279407
2026,0.5208253314277458,0.001272726406781718,0.4779019421654725
2027,0.522029488893633,0.001329285302307561,0.4766412258040595
2028,0.52324716213265,0.0013789015937361623,0.47537393627361374
2029,0.5244748446573135,0.0014210594224148857,0.47410409592027153
2030,0.5257092668825739,0.0014553865783082495,0.47283534653911796
2031,0.5269474211250492,0.0014816639602008188,0.47157091491474995
2032,0.5281865809373899,0.0014998332575976564,0.4703135858050125
2033,0.5294243168025949,0.0015100027573661126,0.4690656804400389
2034,0.5306585064349486,0.001512451345651107,0.46782904221940036
2035,0.5318873406809613,0.0015076307056332333,0.4666050286134054
2036,0.5331093245636973,0.0014961656397258062,0.46539450979657687
2037,0.5343232741737679,0.0014788525665693237,0.4641978732596627
2038,0.5355283087674545,0.0014566561914250065,0.4630150350411205
2039,0.5367238389289143,0.0014307042682051869,0.4618454568028805
2040,0.5379095504200868,0.001402280565757944,0.4606881690141551
2041,0.5390853843942394,0.0013728158460239413,0.45954179975973675
2042,0.5402515140133648,0.0013438770565888227,0.4584046089300464
2043,0.54140831755935,0.0013171545895463244,0.4572745278511036
2044,0.5425563488353902,0.001294447624411573,0.4561492035401982
2045,0.543696304168623,0.0012776476961554055,0.45502604813522163
2046,0.5448289879716177,0.0012687203784575887,0.4539022916499248
2047,0.5459552753372549,0.00126968529801065,0.4527750393647346
2048,0.5470760740403071,0.0012825944518957263,0.4516413315077971
2049,0.5481922845292582,0.001309509082505587,0.4504982063882363
2050,0.549304760209363,0.0013524751666067353,0.44934276462403033
2051,0.5504142672998623,0.001413497790309692,0.448172234909828
2052,0.5515214456185362,0.0014945146861491405,0.44698403969531475
2053,0.5526267705861356,0.0015973690802868795,0.4457758603335775
2054,0.5537305171376036,0.001723782310574453,0.44454570055182197
2055,0.5548327270690011,0.001875326450074784,0.443291946480924
2056,0.5559331786005764,0.00205339735479614,0.4420134240446274
2057,0.5570313621735101,0.0022591884750201375,0.4407094493514697
2058,0.5581264590220386,0.002493665825082227,0.43937987515287913
2059,0.5592173270486603,0.0027575444829797476,0.43802512846836
2060,0.5603024928668267,0.003051266962213928,0.43664624017095943
2061,0.5613801500695355,0.0033749837406290696,0.43524486618983543
2062,0.5624481662028126,0.0037285363258243998,0.433823297471363
2063,0.5635040972674855,0.004111442969300809,0.4323844597632137
2064,0.5645452114526539,0.004522887330951982,0.430931901216394
2065,0.56556852151644,0.00496170995437468,0.42946976852918534
2066,0.5665708273590225,0.005426402947845719,0.4280027696931318
2067,0.5675487685350996,0.005915107512317326,0.4265361239525831
2068,0.5684988869714548,0.006425614429414068,0.4250754985991312
2069,0.5694177016777601,0.006955367198774732,0.42362693112346517
2070,0.5703017939470701,0.007501467805977444,0.4221967382469524
2071,0.5711479059988868,0.008060684730469494,0.42079140927064373
2072,0.57195305215647,0.008629463065440176,0.4194174847780899
2073,0.5727146451763925,0.009203936397700726,0.41808141842590685
2074,0.57343063715819,0.00977994049428473,0.4167894223475253
2075,0.5740996786244805,0.010353028302971138,0.4155472930725484
2076,0.5747212960012981,0.010918486727599335,0.41436021727110256
2077,0.5752960905015798,0.011471354786562268,0.413232554711858
2078,0.5758259604128578,0.012006443840497354,0.4121675957466448
2079,0.5763143487389165,0.012518360127451285,0.4111672911336322
2080,0.5767665198456864,0.013001530752352547,0.410231949401961
2081,0.5771898664673117,0.013450233722383671,0.4093598998103046
2082,0.5775942486923398,0.013858633949519207,0.408547117358141
2083,0.5779923672590955,0.014220826967537889,0.4077868057733666
2084,0.5784001688406686,0.014530892563807988,0.4070689385955234
2085,0.5788372819362635,0.014782961547661783,0.4063797565160748
2086,0.5793274765722309,0.014971298511614241,0.4057012249161548
2087,0.5798991378737497,0.015090404893459131,0.40501045723279117
2088,0.5805857369092856,0.015135146034627685,0.4042791170560867
2089,0.581426274058734,0.015100906871730862,0.403472819069535
2090,0.5824656619018795,0.014983780114079918,0.4025505579840406
2091,0.5837550015883544,0.014780790352390676,0.4014642080592549
2092,0.5853516939555643,0.014490155918062493,0.4001581501263732
2093,0.5873193134365934,0.01411158788890677,0.39856909867449997
2094,0.5897271583077978,0.013646622016774952,0.3966262196754272
2095,0.592649381607184,0.01309897374291088,0.3942516446499053
2096,0.5961636047108583,0.01247490017897064,0.3913614951101712
2097,0.6003489205097545,0.011783544619689059,0.38786753487055653
2098,0.6052832209264079,0.011037229747242121,0.3836795493263502
2099,0.6110398258880244,0.010251658056595121,0.37870851605538036
