year,Model Uncertainty,Scenario Uncertainty,Inter-Annual Variability
1980,0.6775173530021579,0.0005893434085422535,0.32189330358929985
1981,0.6679966678848874,0.00034366982100379566,0.3316596622941088
1982,0.6590348078394774,0.00017483046898778137,0.34079036169153487
1983,0.6506430593423256,6.97105260497619e-05,0.3492872301316246
1984,0.6428216780877197,1.5600991621806074e-05,0.35716272092065854
1985,0.635561704708843,5.803986445708959e-07,0.3644377148925124
1986,0.6288468834141676,1.3802105912293488e-05,0.37113931447992016
1987,0.6226555491055196,4.568914970392722e-05,0.37729876174477645
1988,0.6169623839266448,8.804472223494104e-05,0.3829495713511202
1989,0.6117399746848845,0.00013409009612099662,0.38812593521899447
1990,0.6069601330306812,0.0001784435555873415,0.39286142341373154
1991,0.6025949658841205,0.00021705391271813562,0.39718798020316143
1992,0.5986176994339538,0.00024710129068204517,0.40113519927536423
1993,0.5950032754925831,0.0002668760604902687,0.40472984844692655
1994,0.5917287448819419,0.00027564499214916975,0.4079956101259089
1995,0.5887734859023724,0.00027351179157229387,0.4109530023060552
1996,0.5861192785908016,0.00026127734435863294,0.41361944406483986
1997,0.5837502616036573,0.000240303640371009,0.4160094347559717
1998,0.5816527992654896,0.0002123840817817806,0.41813481665272867
1999,0.5798152810237358,0.00017962205102161052,0.4200050969252426
2000,0.5782278735104601,0.00014431892530672447,0.4216278075642332
2001,0.5768822433218327,0.00010887227717529478,0.4230088844009919
2002,0.5757712649364388,7.568477894385548e-05,0.42415305028461725
2003,0.5748887256205012,4.7084007605616005e-05,0.42506419037189325
2004,0.5742290385720819,2.525337348895111e-05,0.4257457080544292
2005,0.5737869720331072,1.2174195466331603e-05,0.42620085377142647
2006,0.5735574012321003,9.578916639543754e-06,0.4264330198512602
2007,0.5735350884105281,1.8915362687844277e-05,0.426445996226784
2008,0.5737144949060552,4.13218211974602e-05,0.4262441832727473
2009,0.5740896275371155,7.761263158935233e-05,0.4258327598312951
2010,0.5746539200746501,0.0001282738064144374,0.4252178061189354
2011,0.5754001505886476,0.00019346809373188174,0.42440638131762065
2012,0.5763203929315314,0.00027304872848106374,0.4234065583399876
2013,0.5774060009153329,0.00036658099275074156,0.42222741809191644
2014,0.5786476215006545,0.00047337060722913105,0.42087900789211624
2015,0.5800352341520174,0.0005924978451338459,0.4193722680028488
2016,0.5815582127621438,0.00072285630085773,0.4177189309369985
2017,0.5832054043914108,0.0008631951290184658,0.4159314004795706
2018,0.5849652223670294,0.0010121636277456846,0.4140226140052248
2019,0.586825747459916,0.0011683571340095826,0.41200589540607435
2020,0.588774834893825,0.0013303632459323435,0.4098948018602428
2021,0.5908002222565272,0.0014968074903697838,0.4077029702531031
2022,0.5928896346658252,0.0016663976662735303,0.40544396766790125
2023,0.59503088564955,0.0018379663563554915,0.40313114799409444
2024,0.5972119704218309,0.0020105109787831007,0.400777518599386
2025,0.5994211496852762,0.0021832311807296026,0.3983956191339943
2026,0.60164702352739,0.00235556334531695,0.39599741312729303
2027,0.6038785938803419,0.0025272119896931153,0.3935941941299649
2028,0.6061053159435859,0.002698178153263025,0.391196505903151
2029,0.6083171371615126,0.0028687848147199943,0.3888140780237673
2030,0.6105045269026748,0.003039699407184277,0.38645577369014095
2031,0.612658494342648,0.0032119535571670816,0.38412955210018485
2032,0.6147705974279437,0.0033869602695344994,0.3818424423025217
2033,0.616832943435498,0.0035665286160244673,0.37960052794847765
2034,0.6188381816355485,0.0037528760736909817,0.37740894229076044
2035,0.6207794899993255,0.0039486386383245494,0.3752718713623499
2036,0.6226505559434423,0.004156878622927729,0.37319256543362994
2037,0.6244455532848009,0.004381090444207914,0.37117335627099113
2038,0.6261591154326465,0.004625203781057992,0.3692156807862956
2039,0.6277863061239796,0.004893584691516669,0.36732010918450375
2040,0.6293225890100682,0.005191033864851681,0.36548637712508003
2041,0.6307637956848097,0.005522782209131862,0.36371342210605856
2042,0.6321060936521101,0.005894483237650479,0.36199942311023947
2043,0.633345954829956,0.006312202154972423,0.36034184301507166
2044,0.6344801247135755,0.006782401083861276,0.3587374742025632
2045,0.6355055925782518,0.0073119202658140136,0.3571824871559342
2046,0.6364195636684883,0.007907954691232387,0.3556724816402793
2047,0.6372194330130744,0.008578026060096536,0.3542025409268292
2048,0.6379027611108685,0.009329949483434736,0.3527672894056967
2049,0.6384672528960863,0.010171794883345544,0.3513609522205682
2050,0.6389107383138473,0.011111842953628562,0.34997741873252425
2051,0.6392311558617408,0.012158535292433147,0.34861030884582606
2052,0.6394265394663354,0.013320419263046808,0.3472530412706177
2053,0.6394950077903508,0.014606087297415667,0.34589890491223346
2054,0.6394347565947115,0.01602411123753194,0.3445411321677566
2055,0.6392440547915186,0.017582972113724248,0.34317297309475725
2056,0.6389212434250199,0.01929098608845146,0.3417877704865287
2057,0.6384647384676087,0.021156227124684707,0.3403790344077067
2058,0.6378730368493012,0.02318644777352524,0.3389405153771736
2059,0.6371447264735624,0.025388998830166435,0.3374662746962713
2060,0.6362785005543712,0.02777074879315936,0.33595075065246954
2061,0.6352731756901491,0.030338005017289088,0.3343888192925619
2062,0.6341277151352691,0.03309643707418834,0.3327758477905426
2063,0.6328412565426225,0.0360510038812698,0.33110773957610773
2064,0.6314131454650956,0.03920588551473813,0.3293809690201662
2065,0.6298429749179781,0.042564420259768865,0.32759260482225294
2066,0.6281306312657255,0.046129048321177,0.3257403204130974
2067,0.6262763478731883,0.049901261236739165,0.3238223908900725
2068,0.6242807670352153,0.05388155828295395,0.3218376746818307
2069,0.6221450110226401,0.05806940818722176,0.3197855807901381
2070,0.6198707639487246,0.06246321647506714,0.31766601957620827
2071,0.6174603653098416,0.0670602957565523,0.315479338933606
2072,0.6149169170501687,0.07185683856379672,0.31322624438603464
2073,0.6122444051052298,0.07684788947773573,0.3109077054170344
2074,0.6094478377547307,0.08202731478921696,0.30852484745605246
2075,0.6065334024129321,0.08738776612298292,0.30607883146408504
2076,0.6035086418049296,0.0929206356724761,0.30357072252259426
2077,0.6003826521215835,0.09861599928715419,0.3010013485912623
2078,0.5971663041429348,0.10446254426759055,0.2983711515894746
2079,0.5938724876369789,0.11044747933419738,0.2956800330288237
2080,0.5905163806286058,0.11655642347585066,0.2929271958955435
2081,0.5871157418874863,0.12277327187502612,0.2901109862374876
2082,0.5836912257713104,0.12908003723281208,0.2872287369958775
2083,0.5802667147275885,0.1354566675947271,0.2842766176776843
2084,0.5768696660058638,0.1418808395334538,0.28124949446068237
2085,0.5735314615020435,0.14832773328166005,0.27814080521629647
2086,0.570287751892346,0.1547697923774678,0.27494245573018605
2087,0.5671787768548275,0.16117647882263988,0.27164474432253255
2088,0.5642496431247276,0.16751403416598465,0.26823632270928777
2089,0.5615505325287219,0.17374526412671415,0.2647042033445639
2090,0.5591368102840607,0.17982936632475546,0.26103382339118386
2091,0.5570689952557758,0.1857218270192305,0.2572091777249937
2092,0.5554125503380674,0.19137441673664374,0.25321303292528874
2093,0.5542374473097426,0.19673531830758487,0.24902723438267246
2094,0.5536174577053622,0.20174942529232504,0.24463311700231272
2095,0.5536291253073771,0.20635884693707918,0.24001202775554364
2096,0.5543503826172534,0.21050365545315966,0.2351459619295868
2097,0.5558587861908267,0.21412290411361748,0.23001830969555578
2098,0.558229369633479,0.21715593090661017,0.22461469945991083
2099,0.561532138948358,0.21954394854829498,0.218923912503347
