year,Model Uncertainty,Scenario Uncertainty,Inter-Annual Variability
1980,0.36416637933215157,0.0038988436561499117,0.6319347770116985
1981,0.37678011660689953,0.002372937965180423,0.6208469454279201
1982,0.3896744562844177,0.0013304678226495462,0.6089950758929328
1983,0.40255545972622414,0.0006645272550631856,0.5967800130187126
1984,0.41519893396863145,0.00028303753554634315,0.5845180284958221
1985,0.4274404464424507,0.00010894900043317398,0.5724506045571162
1986,0.4391647925577178,7.939013356429058e-05,0.5607558173087178
1987,0.4502960396905706,0.00014424493220084272,0.5495597153772287
1988,0.4607887316233955,0.0002644947922998888,0.5389467735843047
1989,0.47062046919265477,0.00041054062093938594,0.5289689901864059
1990,0.4797858604983543,0.0005606301956508244,0.5196535093059949
1991,0.48829171720227565,0.0006994530140343019,0.5110088297836901
1992,0.4961533223302911,0.000816924506453212,0.5030297531632557
1993,0.5033915850480859,0.0009071574826271916,0.49570125746928684
1994,0.5100309088701741,0.0009676055714286055,0.48900148555839734
1995,0.5160976241706008,0.0009983575812649093,0.48290401824813434
1996,0.5216188564177047,0.0010015604344838559,0.47737958314781154
1997,0.526621728796347,0.0009809490708322685,0.47239732213282076
1998,0.5311328161373854,0.0009414637896946049,0.46792572007292
1999,0.5351777877550099,0.0008889385025762195,0.46393327374241383
2000,0.5387811884378056,0.0008298454349606575,0.46038896612723373
2001,0.5419663199713621,0.0007710849364443873,0.45726259509219347
2002,0.5447551954286413,0.0007198108481146943,0.45452499372324406
2003,0.547168542746149,0.0006832838618808781,0.4521481733919701
2004,0.5492258438455376,0.0006687471210751459,0.45010540903338725
2005,0.5509453948786646,0.000683319420342357,0.44837128570099316
2006,0.5523443805101763,0.0007339024851357086,0.4469217170046879
2007,0.5534389550980597,0.0008270999557386889,0.4457339449462016
2008,0.5542443254356171,0.0009691460081378576,0.44478652855624506
2009,0.5547748335548754,0.0011658425179054614,0.4440593239272191
2010,0.5550440352377183,0.0014225037260420272,0.44353346103623964
2011,0.5550647743026799,0.0017439081623187359,0.44319131753500146
2012,0.5548492504260761,0.0021342572158830194,0.4430164923580408
2013,0.5544090812605923,0.00259714071173228,0.4429937780276755
2014,0.5537553579772987,0.003135508928972908,0.44310913309372835
2015,0.5528986937992005,0.003751651772316978,0.44334965442848245
2016,0.5518492668434218,0.004447184552239905,0.4437035486043383
2017,0.5506168570597205,0.005223040850774441,0.44416010208950496
2018,0.5492108780379387,0.00607947214045024,0.44470964982161104
2019,0.5476404035002285,0.007016054376661762,0.4453435421231098
2020,0.5459141906680484,0.00803170096540186,0.4460541083665498
2021,0.5440406987376301,0.009124682134645415,0.4468346191277246
2022,0.5420281062067781,0.010292650282163234,0.4476792435110587
2023,0.5398843244578981,0.011532670435477873,0.44858300510662397
2024,0.5376170108317416,0.012841256065401832,0.44954173310285656
2025,0.5352335801503678,0.014214408516493983,0.45055201133313816
2026,0.5327412158245073,0.015647660540739832,0.4516111236347528
2027,0.5301468811497055,0.017136122178468903,0.4527169966718256
2028,0.5274573305752822,0.018674529057738316,0.45386814036697953
2029,0.5246791222833082,0.020257291842962346,0.4550635858737295
2030,0.5218186310767186,0.021878546437045742,0.4563028224862357
2031,0.5188820627333379,0.023532204317413985,0.4575857329492481
2032,0.5158754698972342,0.02521200198698974,0.4589125281157761
2033,0.5128047687080128,0.026911549718575248,0.4602836815734119
2034,0.5096757571764773,0.02862437821515637,0.46169986460836643
2035,0.5064941343213727,0.03034398406232465,0.4631618816163027
2036,0.5032655210145836,0.032063872042851875,0.4646706069425645
2037,0.49999548048255665,0.03377759581748632,0.466226923699957
2038,0.49668954068227156,0.035478795483634945,0.4678316638340934
2039,0.49335321578632724,0.037161233056185905,0.4694855511574868
2040,0.48999202773124145,0.038818824879699544,0.471189147389059
2041,0.4866115274028491,0.0404456718120723,0.47294280078507867
2042,0.4832173149460017,0.04203608687043856,0.4747465981835598
2043,0.47981505754551457,0.04358462100113978,0.4766003214533457
2044,0.47641050636853993,0.045086086369910225,0.47850340726154983
2045,0.4730095099362733,0.04653557850330552,0.48045491156042125
2046,0.46961802550301945,0.04792849604205938,0.48245347845492115
2047,0.4662421251457182,0.04926056001707689,0.48449731483720493
2048,0.462887999513989,0.0505278317641374,0.4865841687218736
2049,0.4595619556534952,0.0517267291939189,0.4887113151525859
2050,0.45627040983891937,0.052854043671565,0.4908755464895157
2051,0.45301987538765914,0.053906954941440155,0.49307316967090076
2052,0.4498169436271491,0.054883046484577716,0.49530000988827316
2053,0.4466682592717779,0.05578031960051124,0.4975514211277109
2054,0.44358048895143737,0.05659720753353966,0.49982230351502294
2055,0.4405602830838171,0.05733258903598339,0.5021071278801995
2056,0.43761423153539086,0.0579858003939238,0.5043999680706854
2057,0.4347488125860661,0.058556648178885014,0.5066945392350489
2058,0.43197033628040127,0.0590454194618392,0.5089842442577595
2059,0.4292848819176706,0.05945289220027162,0.5112622258820577
2060,0.42669823181202887,0.05978034282574797,0.5135214253622231
2061,0.4242158006857542,0.06002955392411801,0.5157546453901278
2062,0.4218425632744831,0.060202818167835175,0.5179546185576818
2063,0.4195829806253602,0.06030294232750472,0.5201140770471351
2064,0.41744092788567866,0.06033324712415609,0.5222258249901652
2065,0.4154196241715422,0.06029756668313014,0.5242828091453275
2066,0.4135215677274942,0.060200244325460846,0.526278187947045
2067,0.41174847729104236,0.060046127603295175,0.5282053951056624
2068,0.4101012438157162,0.059840560219063484,0.5300581959652203
2069,0.40857989318832355,0.05958937319512394,0.5318307336165525
2070,0.40718356274892475,0.059298874771121834,0.5335175624799534
2071,0.4059104948865152,0.058975839556145784,0.535113665557339
2072,0.40475804901414136,0.058627497803888484,0.5366144531819701
2073,0.4037227348605463,0.058261525763106954,0.5380157393763468
2074,0.4028002681531211,0.057886037615240846,0.5393136942316381
2075,0.4019856522699663,0.05750957979410658,0.540504767935927
2076,0.40127328582716454,0.05714112943200632,0.5415855847408292
2077,0.4006570993161203,0.05679009641205554,0.5425528042718241
2078,0.40013072106212993,0.05646633122076143,0.5434029477171085
2079,0.3996876747789051,0.05618013792211455,0.5441321872989804
2080,0.39932160917078513,0.05594229392363132,0.5447360969055834
2081,0.39902656050083835,0.05576407513833924,0.5452093643608225
2082,0.39879724971558966,0.05565728755887065,0.5455454627255397
2083,0.39862941307191957,0.055634303148644086,0.5457362837794364
2084,0.3985201682350031,0.055708098960755764,0.5457717328042411
2085,0.3984684132862865,0.0558922969517463,0.5456392897619672
2086,0.3984752586204856,0.05620120062344236,0.545323540756072
2087,0.39854448763659917,0.05664982438315786,0.544805687980243
2088,0.3986830430130109,0.05725390851844617,0.5440630484685429
2089,0.39890152825349345,0.05802991344969405,0.5430685582968124
2090,0.39921471641163314,0.058994982256687714,0.5417903013316793
2091,0.3996420478563164,0.06016686202418533,0.5401910901194983
2092,0.40020809672340996,0.06156376956345408,0.5382281337131359
2093,0.40094297599058937,0.06320418909827702,0.5358528349111337
2094,0.40188264625236986,0.06510658506795913,0.533010768679671
2095,0.40306908135847896,0.06728901718370114,0.52964190145782
2096,0.40455023777661964,0.06976864329637068,0.5256811189270097
2097,0.40637976762485883,0.07256110148571523,0.5210591308894259
2098,0.4086164086308056,0.07567976887729205,0.5157038224919023
2099,0.4113229892279783,0.07913490308171706,0.5095421076903046
