year,Model Uncertainty,Scenario Uncertainty,Inter-Annual Variability
1980,0.4997508832339359,0.0018925501477821335,0.4983565666182819
1981,0.4939193037535019,0.0012139218374083516,0.5048667744090897
1982,0.48818056398649323,0.000725315332822031,0.5110941206806847
1983,0.48253850222670647,0.00039272664677290653,0.5170687711265206
1984,0.47699591409396536,0.00018566650880876977,0.522818419397226
1985,0.47155479403428896,7.71514680302668e-05,0.5283680544976808
1986,0.46621654912107907,4.36162064947036e-05,0.5337398346724264
1987,0.46098218478594805,6.47667677760578e-05,0.5389530484462758
1988,0.45585246116104083,0.00012339175510665655,0.5440241470838526
1989,0.45082802108412606,0.0002051454267815257,0.5489668334890924
1990,0.4459094912869781,0.00029831398055069183,0.5537921947324713
1991,0.4410975593324892,0.0003935738111370069,0.5585088668563738
1992,0.4363930270287472,0.00048374842141350624,0.5631232245498393
1993,0.43179684489578124,0.000563569065588729,0.5676395860386301
1994,0.42731012790370027,0.0006294425201522376,0.5720604295761476
1995,0.4229341565729329,0.0006792286356282458,0.5763866147914389
1996,0.4186703652896242,0.0007120292221476782,0.580617605488228
1997,0.41452031923170296,0.0007279892574108156,0.5847516915108862
1998,0.41048568395273616,0.0007281112229883388,0.5887862048242755
1999,0.40656818739708717,0.0007140826663382685,0.5927177299365746
2000,0.40276957825014675,0.0006881171933043061,0.596542304556549
2001,0.3990915810976939,0.0006528089422899556,0.6002556099600161
2002,0.3955358510195635,0.0006110004467460419,0.6038531485336905
2003,0.39210392810025685,0.000565663750794786,0.6073304081489483
2004,0.38879719504906013,0.0005197946872178606,0.610683010263722
2005,0.3856168362015204,0.0004763201085730266,0.6139068436899067
2006,0.3825638026726798,0.0004380179004808106,0.6169981794268393
2007,0.3796387817160751,0.0004074495998753918,0.6199537686840495
2008,0.3768421717710047,0.00038690514742534005,0.62277092308157
2009,0.3741740647046488,0.00037835959035249675,0.6254475757049988
2010,0.37163423434018406,0.00038344115126971907,0.6279823245085462
2011,0.3692221317447334,0.00040341018310739306,0.6303744580721593
2012,0.36693688840124916,0.000439148385028212,0.6326239632137226
2013,0.36477732429983073,0.00049115753767003,0.6347315181624992
2014,0.36274196438681655,0.0005595669502311556,0.6366984686629523
2015,0.3608290588469093,0.0006441488261646609,0.6385267923269261
2016,0.3590366103139671,0.0007443405762697635,0.6402190491097631
2017,0.3573624041128153,0.0008592730633480173,0.6417783228238366
2018,0.35580404279892486,0.000987803920754434,0.6432081532803208
2019,0.3543589836468457,0.001128554850748815,0.6445124615024055
2020,0.353024577655769,0.0012799519876433814,0.6456954703565876
2021,0.35179810969934877,0.001440268286619363,0.646761622014032
2022,0.3506768392101335,0.001607667185445004,0.6477154936044216
2023,0.349658039797366,0.0017802465205180615,0.648561713682116
2024,0.3487390375315892,0.0019560819676469115,0.6493048805007638
2025,0.34791724790234724,0.002133269427138499,0.6499494826705142
2026,0.34719020860125016,0.0023099653589620244,0.6504998260397877
2027,0.3465556106841461,0.00248442484156454,0.6509599644742894
2028,0.346011324205525,0.0026550367537263326,0.6513336390407486
2029,0.3455554213643205,0.002820355539758788,0.6516242230959206
2030,0.34518619365015907,0.0029791292294385997,0.6518346771204024
2031,0.3449021648607922,0.0031303234508181566,0.6519675116883895
2032,0.3447020990948963,0.003273141292545446,0.6520247596125583
2033,0.3445850031021208,0.0034070385215692655,0.6520079583763099
2034,0.3445501242254388,0.0035317342056495685,0.6519181415689117
2035,0.3445969421750424,0.0036472167439851456,0.6517558410809724
2036,0.3447251559790181,0.0037537448572507025,0.6515210991637312
2037,0.34493466628487945,0.0038518438122340597,0.6512134899028865
2038,0.3452255519909147,0.003942296916302286,0.650832151092783
2039,0.345598043227475,0.004026131963653177,0.6503758248088717
2040,0.3460524884184988,0.004104603143726222,0.649842908437775
2041,0.34658931997945613,0.004179168224481609,0.6492315117960624
2042,0.34720901355989514,0.004251461438361061,0.6485395250017438
2043,0.3479120467446107,0.004323262102693374,0.647764691152696
2044,0.3486988542019618,0.004396459386960652,0.6469046864110776
2045,0.34956978107048037,0.0044730135884361545,0.6459572053410835
2046,0.3505250361974032,0.004554914239133169,0.6449200495634636
2047,0.3515646444366042,0.0046441358541935256,0.6437912197092023
2048,0.3526883994702986,0.004742591329027385,0.6425690092006741
2049,0.3538958190193582,0.004852084334383911,0.6412520966462579
2050,0.35518610127470207,0.004974260770926787,0.6398396379543712
2051,0.35655808516047555,0.005110560573928139,0.6383313542655964
2052,0.3580102148285147,0.00526217014226516,0.63672761502922
2053,0.3595405084675807,0.005429976770453513,0.6350295147619659
2054,0.3611465328512687,0.005614525497986256,0.633238941650745
2055,0.3628253847959998,0.005815979409414253,0.6313586357945858
2056,0.3645736785604131,0.006034084183612288,0.6293922372559746
2057,0.36638754144010355,0.006268137782643591,0.6273443207772528
2058,0.3682626163805603,0.006516965811916604,0.6252204178075231
2059,0.37019407230360896,0.006778903377543725,0.6230270243188473
2060,0.3721766235139743,0.007051783943417055,0.6207715925426087
2061,0.37420455498026595,0.007332935802247885,0.6184625092174861
2062,0.3762717569952302,0.007619186565316758,0.616109056439453
2063,0.37837176583313337,0.007906875816523778,0.6137213583503428
2064,0.38049781189925314,0.008191876581393476,0.6113103115193533
2065,0.38264287401804387,0.008469625591413668,0.6088875003905424
2066,0.3847997395433486,0.00873516256595509,0.6064650978906962
2067,0.3869610698962467,0.008983178879611099,0.6040557512241422
2068,0.3891194709895471,0.009208075919265049,0.601672453091188
2069,0.39126756838289456,0.009404033076788495,0.5993283985403169
2070,0.3933980865645542,0.009565086774755613,0.5970368266606902
2071,0.39550393238688114,0.009685220206554124,0.5948108474065648
2072,0.39757828391144484,0.009758465687950305,0.5926632504006047
2073,0.39961468264614025,0.009779020225724386,0.5906062971281354
2074,0.40160713244615687,0.009741376253499934,0.5886514913003432
2075,0.40355020440704226,0.009640469683463552,0.5868093259094942
2076,0.4054391495996428,0.009471847559075765,0.5850890028412815
2077,0.40727002109135424,0.009231858084384056,0.5834981208242617
2078,0.4090398068155814,0.008917867144004131,0.5820423260404144
2079,0.4107465753535244,0.0085285044794546,0.5807249201670212
2080,0.41238963830429026,0.008063944062301334,0.5795464176334085
2081,0.4139697281502221,0.007526223158073839,0.578504048691704
2082,0.4154891975653479,0.006919604435242753,0.5775911979994094
2083,0.4169522392745747,0.00625098496414021,0.5767967757612851
2084,0.4183651282348062,0.005530355428034725,0.5761045163371591
2085,0.41973648608087233,0.0047713104911371925,0.5754922034279905
2086,0.42107756532891677,0.003991608896480512,0.5749308257746027
2087,0.42240254925560916,0.003213777630239845,0.574383673114151
2088,0.4237288576008722,0.0024657480359409553,0.5738053943631869
2089,0.42507744658018687,0.0017815040615608126,0.5731410493582524
2090,0.426473082037797,0.001201711780118154,0.5723252061820849
2091,0.42794456024692906,0.000774285620261387,0.5712811541328096
2092,0.42952483869336827,0.0005548308606503692,0.5699203304459813
2093,0.43125103315349606,0.0006068833977855632,0.5681420834487184
2094,0.43316422548591793,0.0010018488793121472,0.56583392563477
2095,0.4353090200225292,0.001818526490398961,0.5628724534870719
2096,0.43773278327254356,0.003142091265220956,0.5591251254622355
2097,0.44048450479876206,0.005062409206291425,0.5544530859949466
2098,0.44361323194289504,0.007671577036762721,0.5487151910203423
2099,0.44716606002595,0.011060621196408604,0.5417733187776415
