year,Model Uncertainty,Scenario Uncertainty,Inter-Annual Variability
1980,0.6835164572035309,0.00105388100611388,0.31542966179035514
1981,0.6706312771331598,0.0007016038862149242,0.3286671189806253
1982,0.658196920200704,0.00043380292435708274,0.34136927687493895
1983,0.6462815697887756,0.00024142032153646925,0.35347700988968794
1984,0.6349402974070354,0.00011465760891961903,0.36494504498404495
1985,0.6242150274534167,4.338811914686548e-05,0.3757415844274365
1986,0.6141350880719589,1.753783691398463e-05,0.38584737409112707
1987,0.604718221880589,2.7416289056880147e-05,0.39525436183035423
1988,0.595971917428921,6.398621644350077e-05,0.4039640963546356
1989,0.587894922940798,0.00011906712454250895,0.41198600993465945
1990,0.5804788211926146,0.0001854733429932748,0.41933570546439203
1991,0.5737095626036421,0.00025709137016101705,0.42603334602619675
1992,0.5675688817618667,0.0003289041176446265,0.43210221412048866
1993,0.5620355459703567,0.000396970927397017,0.4375674831022463
1994,0.5570864104321912,0.0004583728708880477,0.4424552166969209
1995,0.5526972672988305,0.0005111321761366566,0.4467916005250329
1996,0.5488435000399722,0.0005541140110907049,0.4506023859489371
1997,0.5455005532774515,0.0005869175516365777,0.45391252917091196
1998,0.5426442463614061,0.0006097620346283514,0.45674599160396556
1999,0.5402509520507447,0.0006233725363393719,0.459125675412916
2000,0.5382976702637843,0.0006288688756315791,0.46107346086058404
2001,0.5367620218589174,0.0006276604405512147,0.4626103177005313
2002,0.5356221871285635,0.0006213487708312833,0.4637564641006052
2003,0.5348568088214126,0.0006116393389404612,0.46453155183964684
2004,0.5344448797525394,0.0006002632151554358,0.4649548570323052
2005,0.5343656289697576,0.0005889093261703388,0.46504546170407224
2006,0.534598417599913,0.0005791673125857312,0.4648224150875013
2007,0.5351226534607788,0.0005724809328718464,0.46430486560634926
2008,0.5359177292704357,0.0005701119231248321,0.46351215880643953
2009,0.5369629876052772,0.0005731134296392633,0.46246389896508355
2010,0.5382377139543348,0.0005823128849936229,0.46117997316067166
2011,0.5397211559786235,0.0005983032269664608,0.45968054079441006
2012,0.5413925661716552,0.0006214417301405813,0.45798599209820423
2013,0.5432312663367806,0.0006518555713064915,0.456116878091913
2014,0.5452167272185542,0.0006894529143634505,0.45409381986708247
2015,0.5473286599649425,0.0007339389307133318,0.45193740110434416
2016,0.5495471159410757,0.00078483516152709,0.4496680488973971
2017,0.5518525878683768,0.0008415019405543658,0.44730591019106886
2018,0.5542261112088587,0.0009031624063756801,0.4448707263847657
2019,0.5566493596579848,0.0009689275120606443,0.44238171282995464
2020,0.5591047343509638,0.0010378213265622113,0.439857444322474
2021,0.5615754426692565,0.0011088059869331947,0.43731575134381034
2022,0.564045566539366,0.0011808055975564991,0.4347736278630775
2023,0.5665001185993133,0.0012527289538980942,0.4322471524467886
2024,0.5689250844859137,0.0013234904240086475,0.42975142509007747
2025,0.5713074558978037,0.001392029186688608,0.4273005149155075
2026,0.5736352486658741,0.0014573262508372697,0.4249074250832887
2027,0.5758975117727674,0.0015184195754615523,0.4225840686517711
2028,0.5780843261996182,0.0015744169328609828,0.4203412568675207
2029,0.5801867948892169,0.001624506999009551,0.4181886981117736
2030,0.5821970254238187,0.0016679682857978074,0.4161350062903836
2031,0.5841081064577024,0.0017041764424770998,0.4141877170998206
2032,0.585914079548644,0.0017326096139186752,0.41235331083743726
2033,0.5876099073371712,0.0017528525045623817,0.41063724015826636
2034,0.589191438484826,0.0017645988836374165,0.40904396263153653
2035,0.5906553714389088,0.0017676526918364696,0.40757697586925473
2036,0.5919992173878539,0.001761928072210464,0.40623885453993563
2037,0.5932212619808767,0.0017474482148806714,0.4050312898042427
2038,0.5943205284412374,0.0017243432509719803,0.4039551283077905
2039,0.5952967391414842,0.0016928470087672553,0.40301041384974845
2040,0.5961502799536602,0.0016532929996505895,0.4021964270466891
2041,0.5968821642967408,0.0016061094360159643,0.4015117262672433
2042,0.5974939972660154,0.001551813386800075,0.40095418934718463
2043,0.5979879412531424,0.0014910040465446776,0.4005210547003129
2044,0.5983666801678345,0.0014243551252586617,0.4002089647069068
2045,0.5986333869361327,0.0013526063956591737,0.4000140066682082
2046,0.5987916864531937,0.0012765543844042084,0.39993175916240203
2047,0.5988456210813935,0.0011970421818499634,0.3999573367367565
2048,0.598799614279885,0.0011149483889005764,0.40008543733121443
2049,0.5986584323717029,0.001031175541331619,0.40031039208696545
2050,0.5984271461523479,0.000946637531677008,0.400626216315975
2051,0.5981110912814469,0.0008622466131410498,0.40102666210541205
2052,0.5977158254280609,0.0007789000382239295,0.4015052745337151
2053,0.597247087024175,0.0006974663688055557,0.4020554466070195
2054,0.5967107521947078,0.000618771787349109,0.4026704760179431
2055,0.5961127909064623,0.0005435867513338982,0.4033436223422038
2056,0.5954592259469874,0.00047261323572967627,0.40406816081728303
2057,0.5947560925564015,0.0004064729485645762,0.40483743449503395
2058,0.5940094014468352,0.0003456970919445498,0.40564490146122023
2059,0.593225107941908,0.00029071785509410887,0.4064841742029979
2060,0.5924090880104294,0.00024186248442235864,0.4073490495051483
2061,0.591567122190919,0.00019935032595285587,0.408233527483128
2062,0.590704892936888,0.00016329336838137237,0.40913181369473056
2063,0.5898279960774804,0.00013370102022660092,0.410038302902293
2064,0.5889419686113073,0.00011048973722536567,0.41094754165146724
2065,0.5880523389074364,9.34980591813078e-05,0.4118541630333823
2066,0.5871646990137386,8.250782141351068e-05,0.412752793164848
2067,0.5862848052461589,7.72721461624049e-05,0.4136379226076786
2068,0.5854187093146895,7.755090948658317e-05,0.414503739775824
2069,0.5845729236338989,8.315428744247935e-05,0.4153439220786586
2070,0.5837546236950747,9.39950645387526e-05,0.41615138124038653
2071,0.5829718911078428,0.00011015034495508066,0.4169179585472021
2072,0.5822340008931567,0.00013193307180007168,0.4176340660350433
2073,0.581551750758538,0.00015997391829836996,0.4182882753231635
2074,0.5809378398233737,0.00019531373871381846,0.41886684643791267
2075,0.5804072868342063,0.00023950647480776418,0.4193532066909859
2076,0.5799778942500294,0.0002947321618959402,0.41972737358807466
2077,0.5796707420458088,0.0003639188162473322,0.4199653391379439
2078,0.579510704243934,0.000450871200706593,0.42003842455535934
2079,0.5795269710778785,0.0005604033164582059,0.4199126256056633
2080,0.5797535463271853,0.0006984695483687994,0.41954798412444594
2081,0.5802296885283342,0.0008722876550660633,0.4188980238165997
2082,0.5810002453371782,0.0010904439168897102,0.4179093107459321
2083,0.5821158212686626,0.0013629678573413182,0.4165212108739962
2084,0.5836327040469842,0.0017013607276339948,0.41466593522538175
2085,0.585612462268786,0.002118558591441508,0.4122689791397724
2086,0.5881211182811096,0.002628808373464661,0.40925007334542585
2087,0.5912277987875616,0.0032474335729591485,0.40552476763947914
2088,0.5950027793736035,0.003990468204060654,0.4010067524223359
2089,0.5995148632607318,0.004874141324839391,0.3956109954144289
2090,0.6048280908172381,0.00591420515626365,0.3892577040264983
2091,0.6109978493203114,0.007125113752619136,0.3818770369270694
2092,0.6180665480607254,0.008519080770637268,0.3734143711686374
2093,0.6260591431048176,0.010105069141901204,0.3638357877532813
2094,0.6349788948265118,0.011887790617460566,0.35313331455602753
2095,0.6448038343500893,0.013866816006258949,0.34132934964365186
2096,0.6554844327660408,0.016035905585631265,0.328479661648328
2097,0.6669429273590809,0.018382667004794385,0.31467440563612475
2098,0.6790746138935939,0.020888622775645623,0.3000367633307605
2099,0.69175119915004,0.023529726326791803,0.284719074523168
