year,Model Uncertainty,Scenario Uncertainty,Inter-Annual Variability
1980,0.602156805447708,0.0012224382133154531,0.3966207563389766
1981,0.6038743896399313,0.0008661246562282447,0.39525948570384045
1982,0.6053331230757926,0.0005892097925591565,0.39407766713164827
1983,0.6065191096384095,0.0003793204504284508,0.39310156991116196
1984,0.6074232793895809,0.00022564431905467962,0.3923510762913644
1985,0.6080404914046393,0.00011879271168446011,0.39184071588367625
1986,0.6083687799502506,5.0659708627281356e-05,0.39158056034112193
1987,0.6084087288926742,1.4284291462607727e-05,0.3915769868158631
1988,0.6081629599722648,3.7195832245556223e-06,0.3918333204445106
1989,0.6076357185104284,1.39116369819804e-05,0.3923503698525894
1990,0.6068325420497805,4.05889766626345e-05,0.3931268689735569
1991,0.6057599983027366,8.016322749301696e-05,0.39415983846977026
1992,0.6044254811191488,0.0001296406427161903,0.39544487823813496
1993,0.6028370522918016,0.00018654395591885485,0.3969764037522795
1994,0.6010033222980834,0.00024884384991421236,0.39874783385200235
1995,0.5989333611552476,0.0003148991524559904,0.4007517396922964
1996,0.5966366323518894,0.00038340496800430855,0.40297996268010633
1997,0.5941229461048086,0.00045334784559223533,0.40542370604959915
1998,0.591402425706361,0.000523967280708191,0.40807360701293094
1999,0.5884854840411124,0.00059472266889964,0.4109197932899878
2000,0.585382806852667,0.0006652653408632488,0.41395192780646983
2001,0.5821053401047697,0.0007354147645494497,0.417159245130681
2002,0.5786642792838057,0.0008051386828342008,0.42053058203336
2003,0.5750710590466787,0.0008745365944366854,0.4240544043588847
2004,0.5713373414663302,0.0009438262074226296,0.42771883232624724
2005,0.5674750017576371,0.0010133325639981234,0.43151166567836474
2006,0.5634961113885071,0.001083479551589319,0.4354204090599036
2007,0.5594129167725108,0.0011547834240853438,0.4394322998034038
2008,0.5552378138753715,0.0012278483086064131,0.4435343378160221
2009,0.5509833182796124,0.0013033632452835954,0.4477133184751039
2010,0.5466620320969912,0.0013821008636112824,0.4519558670393975
2011,0.5422866044657965,0.0014649172000323403,0.4562484783341713
2012,0.5378696901260748,0.001552752799410525,0.46057755707451475
2013,0.5334239043450512,0.0016466347354111162,0.46492946091953774
2014,0.5289617736213311,0.0017476794855127166,0.4692905468931562
2015,0.5244956865610692,0.0018570964510252056,0.4736472169879057
2016,0.5200378422169682,0.001976192122556871,0.4779859656604749
2017,0.5156001972578851,0.002106374433264381,0.4822934283088504
2018,0.5111944160625721,0.0022491574119255864,0.48655642652550235
2019,0.5068318195532392,0.00240616601369494,0.49076201443306594
2020,0.5025233371200879,0.0025791404253804264,0.49489752245453167
2021,0.4982794630165143,0.0027699405191745365,0.4989505964643113
2022,0.49411021289440726,0.002980549384679179,0.5029092377209137
2023,0.49002508840040315,0.0032130764274634054,0.5067618351721335
2024,0.4860330437409451,0.0034697596773634173,0.5104971965816915
2025,0.48214245872351014,0.0037529665322412853,0.5141045747442485
2026,0.4783611166012368,0.004065194067064742,0.5175736893316984
2027,0.47469618725546225,0.004409067170481551,0.5208947455740561
2028,0.47115421581481337,0.004787335610974246,0.5240584485742122
2029,0.4677411164970015,0.0052028692044187655,0.5270560142985797
2030,0.464462170775652,0.005658651020375085,0.529879178203973
2031,0.46132203049796633,0.006157768827739944,0.5325202006742937
2032,0.45832472405409114,0.00670340455162776,0.534971871394281
2033,0.4554736663982188,0.007298820991129826,0.5372275126106515
2034,0.4527716715448715,0.007947347267992564,0.5392809811871359
2035,0.4502209667655187,0.008652361297321306,0.5411266719371601
2036,0.44782320801065195,0.00941727059412711,0.5427595213952209
2037,0.4455794966687399,0.01024549085195932,0.5441750124793007
2038,0.4434903952328018,0.011140422480384419,0.5453691822868137
2039,0.44155594351821287,0.012105425471033557,0.5463386310107535
2040,0.43977567389723515,0.013143792679385181,0.5470805334233798
2041,0.43814862516565045,0.014258721489360129,0.5475926533449895
2042,0.43667335454426537,0.015453284904553938,0.5478733605511807
2043,0.43534794954685546,0.016730401429133037,0.5479216490240114
2044,0.43417003740555143,0.01809280509586549,0.5477371574985831
2045,0.4331367933343226,0.019543015094787727,0.5473201915708896
2046,0.43224494815169073,0.021083306360118445,0.5466717454881906
2047,0.4314907952228134,0.022715681135847484,0.545793523641339
2048,0.4308701970781826,0.02444184150347732,0.5446879614183402
2049,0.43037859214518903,0.026263164508048036,0.543358243346763
2050,0.4300110030123124,0.028180679365183037,0.5418083176225046
2051,0.4297620458140267,0.03019504734481621,0.5400429068411571
2052,0.42962594194908793,0.0323065450658777,0.5380675129850344
2053,0.4295965322222316,0.03451505120608688,0.5358884165716816
2054,0.42966729524665076,0.03682003675984298,0.5335126679935063
2055,0.4298313689484846,0.03922055959578396,0.5309480714557314
2056,0.4300815775344954,0.04171526202483716,0.5282031604406675
2057,0.43041046143485756,0.04430237358866532,0.5252871649764771
2058,0.43081031568439687,0.04697971615721031,0.5222099681583928
2059,0.4312732310450134,0.0497447131986362,0.5189820557563504
2060,0.43179114259265067,0.052594401890809335,0.51561445551654
2061,0.4323558837262514,0.055525447579833326,0.5121186686939152
2062,0.4329592463591479,0.05853416033509432,0.5085065933057576
2063,0.4335930479913697,0.06161651247541209,0.5047904395332182
2064,0.43424920432960495,0.06476815617737222,0.5009826394930228
2065,0.4349198085193239,0.0679844413097667,0.49709575017090946
2066,0.43559721732720774,0.07126043134945714,0.49314235132333495
2067,0.4362741436656651,0.0745909167886927,0.48913493954564224
2068,0.4369437562692501,0.07797042532316642,0.48508581840758347
2069,0.4375997867045725,0.08139322789019184,0.48100698540523557
2070,0.4382366440533505,0.08485333900924298,0.47691001693740653
2071,0.43884953904945195,0.08834451072134512,0.4728059502292028
2072,0.43943461609336043,0.09186021960408221,0.46870516430255743
2073,0.4399890969777396,0.09539364461924502,0.4646172584030154
2074,0.4405114351465702,0.09893763748680681,0.460550927366623
2075,0.44100148295875724,0.10248468094385972,0.45651383609738294
2076,0.4414606729570604,0.10602683828725287,0.4525124887556867
2077,0.44189221407875817,0.10955569063021281,0.44855209529102913
2078,0.4423013043025805,0.11306226266807778,0.4446364330293418
2079,0.44269536144295163,0.11653693708895108,0.4407677014680972
2080,0.4430842710214534,0.11996935629473565,0.43694637268381104
2081,0.4434806534618948,0.12334831350874953,0.4331710330293556
2082,0.4439001483476256,0.126661632302287,0.4294382193500875
2083,0.44436171350350306,0.12989603855285206,0.42574224794364485
2084,0.44488793744422434,0.1330370240102234,0.4220750385455523
2085,0.4455053570707391,0.13606870724309716,0.41842593568616376
2086,0.4462447736882313,0.1389736955719149,0.41478153073985385
2087,0.447141555515199,0.14173295364549157,0.4111254908393095
2088,0.44823591038771826,0.14432568711805388,0.4074384024942279
2089,0.4495731089016991,0.14672925140068924,0.40369763969761174
2090,0.4512036317531759,0.14891909687809177,0.39987727136873236
2091,0.4531832091281291,0.15086876654125558,0.3959480243306154
2092,0.455572714631953,0.15254996291046863,0.3918773224575784
2093,0.45843786992438723,0.15393270332936757,0.3876294267462453
2094,0.4618487122802957,0.15498558565337117,0.38316570206633305
2095,0.4658787727093291,0.15567618591578244,0.3784450413748885
2096,0.4706039183506267,0.15597160762108792,0.37342447402828527
2097,0.4761008124299467,0.1558392017983751,0.36805998577167826
2098,0.4824449641660131,0.15524746614175258,0.3623075696922344
2099,0.4897083592857674,0.15416712426857368,0.35612451644565896
