year,Model Uncertainty,Scenario Uncertainty,Inter-Annual Variability
1980,0.6282159395998659,0.00016845038194883308,0.3716156100181853
1981,0.6248675537579406,8.146522780970803e-05,0.3750509810142497
1982,0.6221062987610042,3.0757853676985524e-05,0.37786294338531884
1983,0.6198766525720172,7.721493212469566e-06,0.3801156259347702
1984,0.6181249894870127,4.7408414203639644e-06,0.38187026967156695
1985,0.6168007977213839,1.5249117917925459e-05,0.3831839531606983
1986,0.6158574841287037,3.3735676951724726e-05,0.38410878019434463
1987,0.6152528313099794,5.571640371298871e-05,0.38469145228630763
1988,0.6149491740645913,7.767777629765742e-05,0.38497314815911093
1989,0.6149133599498978,9.700356865707723e-05,0.384989636481445
1990,0.615116552015566,0.00011189149090120385,0.38477155649353273
1991,0.6155339202779764,0.00012126498198448301,0.3843448147400392
1992,0.6161442645907634,0.00012468432677208862,0.3837310510824645
1993,0.6169295991118552,0.00012225959388404543,0.38294814129426075
1994,0.6178747222098006,0.0001145672319764522,0.38201071055822294
1995,0.6189667915826986,0.00010257139074746027,0.38093063702655394
1996,0.6201949158545986,8.755046195033904e-05,0.3797175336834509
1997,0.6215497737566464,7.102912516551898e-05,0.37837919711818807
1998,0.6230232651523226,5.471593383564008e-05,0.3769220189138417
1999,0.624608199052922,4.044635001027664e-05,0.37535135459706787
2000,0.6262980192914069,3.0131137647895662e-05,0.37367184957094524
2001,0.6280865705317866,2.5709989417458554e-05,0.3718877194787959
2002,0.6299679007355937,2.9110228616899684e-05,0.37000298903578943
2003,0.6319361029485826,4.221056009871875e-05,0.36802168649131856
2004,0.6339851906274918,6.680966883706087e-05,0.36594799970367115
2005,0.6361090071212566,0.00010459964122192379,0.3637863932375214
2006,0.6383011648669145,0.00015714409506137884,0.36154169103802414
2007,0.6405550114626803,0.00022586077162807026,0.35921912776569165
2008,0.6428636200929936,0.000312008610178226,0.3568243712968282
2009,0.64521979979097,0.00041667887594265004,0.35436352133308746
2010,0.6476161234715154,0.0005407902798138367,0.35184308624867083
2011,0.6500449693557213,0.0006850875922025351,0.34926994305207626
2012,0.6524985719862363,0.0008501436263099225,0.3466512843874537
2013,0.654969082199988,0.0010363640185148445,0.34399455378149724
2014,0.6574486301547886,0.0012439945831099395,0.3413073752621014
2015,0.6599293911013345,0.0014731306000274522,0.33859747829863784
2016,0.6624036496775879,0.0017237279328914926,0.3358726223895206
2017,0.6648638639814942,0.0019956152644150854,0.3331405207540907
2018,0.6673027239648721,0.0022885072105498397,0.33040876882457804
2019,0.6697132054269544,0.002602017946098793,0.3276847766269468
2020,0.6720886184855301,0.0029356749436656505,0.32497570657080427
2021,0.6744226492603751,0.0032889325727526006,0.3222884181668722
2022,0.6767093951047232,0.0036611852316171013,0.3196294196636597
2023,0.6789433921717403,0.004051779964878504,0.31700482786338124
2024,0.6811196377328241,0.0044600281293420896,0.3144203341378337
2025,0.6832336047692857,0.0048852161957438755,0.31188117903497026
2026,0.6852812514292338,0.0053266154988331,0.30939213307193325
2027,0.6872590245386305,0.005783490945062688,0.3069574845163067
2028,0.6891638588739665,0.006255108431914468,0.3045810326941191
2029,0.690993171224208,0.006740741356085258,0.3022660874197069
2030,0.6927448516520173,0.007239675775561901,0.30001547257242067
2031,0.6944172509990307,0.007751214845802247,0.2978315341551669
2032,0.6960091659361721,0.008274681723672541,0.2957161523401552
2033,0.6975198222633671,0.008809422159963203,0.2936707555766699
2034,0.6989488560304951,0.009354805591429774,0.2916963383780752
2035,0.7002962932892015,0.00991022597809375,0.2897934807327047
2036,0.7015625295871049,0.010475101530959086,0.28796236888193594
2037,0.7027483081067434,0.011048874041627008,0.2862028178516295
2038,0.703854697453821,0.011631007547121909,0.28451429499905695
2039,0.7048830689634378,0.012220986724551243,0.28289594431201104
2040,0.7058350746578768,0.012818314486975756,0.2813466108551475
2041,0.7067126231468357,0.013422509842817352,0.27986486701034696
2042,0.7075178577848258,0.014033104938981002,0.2784490372761931
2043,0.7082531328938398,0.014649642495508564,0.27709722461065156
2044,0.7089209908395877,0.015271672656680123,0.2758073365037321
2045,0.7095241385846823,0.015898750064241005,0.27457711135107665
2046,0.7100654242755714,0.016530431060595728,0.2734041446638327
2047,0.7105478143408449,0.017166270450581188,0.2722859152085738
2048,0.7109743692300756,0.01780581915136758,0.27121981161855696
2049,0.7113482208586978,0.01844862121434348,0.27020315792695887
2050,0.7116725481824814,0.019094211731765662,0.26923324008575295
2051,0.7119505551183982,0.01974211445317531,0.2683073304284265
2052,0.712185446986312,0.020391840055275043,0.26742271295841297
2053,0.712380408631976,0.021042884186647317,0.2665767071813767
2054,0.712538583032924,0.02169472637361925,0.2657666905934569
2055,0.712663050737028,0.02234682901361155,0.2649901202493604
2056,0.7127568116297044,0.02299863621244493,0.26424455215785075
2057,0.7128227676970904,0.02364957347382488,0.2635276588290847
2058,0.7128637087043896,0.024299047233113023,0.2628372440624975
2059,0.7128823005381596,0.02494644485881664,0.2621712546030237
2060,0.7128810772950581,0.02559113433907273,0.26152778836586915
2061,0.7128624372554727,0.026232464084365293,0.26090509866016187
2062,0.7128286431975074,0.02686976353532572,0.2603015932671668
2063,0.7127818291696515,0.027502342214019922,0.25971582861632864
2064,0.7127240121872578,0.028129489657228172,0.259146498155514
2065,0.7126571115322763,0.028750474795254003,0.2585924136724697
2066,0.712582975573264,0.02936454422533152,0.25805248020140453
2067,0.7125034170259038,0.02997092084010345,0.25752566213399275
2068,0.7124202573661199,0.030568801050148087,0.257010941583732
2069,0.7123353817092636,0.031157351368280316,0.25650726692245607
2070,0.712250803721728,0.031735704166776624,0.25601349211149543
2071,0.7121687437451026,0.03230295204883919,0.2555283042060582
2072,0.7120917180900218,0.03285814117262435,0.25505014073735377
2073,0.7120226427603533,0.03340026302268048,0.2545770942169661
2074,0.7119649502835852,0.03392824554369573,0.254106804172719
2075,0.7119227219959796,0.034440941562508896,0.25363633644151135
2076,0.7119008351153656,0.03493711701482053,0.25316204786981383
2077,0.711905124311154,0.0354154371717298,0.25267943851711616
2078,0.7119425589125132,0.03587445185698459,0.25218298923050225
2079,0.7120214327892482,0.036312579690786655,0.251665987519965
2080,0.7121515666819928,0.03672809204503448,0.2511203412729727
2081,0.7123445191988428,0.037119096317102744,0.2505363844840544
2082,0.7126138016555276,0.03748352083796952,0.24990267750650283
2083,0.7129750912163416,0.03781910088557921,0.2492058078980792
2084,0.7134464318777413,0.038123367979874215,0.2484302001423844
2085,0.7140484136708185,0.0383936437851631,0.24755794254401844
2086,0.7148043125299078,0.03862704064829585,0.24656864682179633
2087,0.715740173360594,0.03882047053936401,0.245439356100042
2088,0.7168848130882891,0.03897066609006623,0.24414452082164464
2089,0.7182697153234826,0.03907421554326,0.24265606913325732
2090,0.719928788992733,0.03912761530205251,0.2409435957052145
2091,0.7218979565499808,0.03912734227411523,0.23897470117590391
2092,0.7242145422356797,0.039069949155195786,0.23671550860912444
2093,0.726916431111205,0.03895218353068432,0.23413138535811073
2094,0.7300409829233604,0.0387711309082977,0.23118788616834193
2095,0.7336236936278983,0.03852437974621305,0.2278519266258886
2096,0.7376966244242048,0.038210203433974445,0.22409317214182084
2097,0.7422866404647129,0.037827751167472314,0.21988560836781482
2098,0.7474135362340504,0.03737723657013119,0.21520922719581848
2099,0.7530881564588853,0.03686010956237018,0.2100517339787445
