year,Model Uncertainty,Scenario Uncertainty,Inter-Annual Variability
1980,0.6381505211124522,0.002030130984618422,0.3598193479029293
1981,0.6186969680290804,0.0012328592804738163,0.38007017269044574
1982,0.5993361099319987,0.0006606318741306152,0.40000325819387067
1983,0.5802541683032449,0.0002870584892083698,0.4194587732075466
1984,0.5616319053124317,8.259866864002038e-05,0.43828549601892824
1985,0.5436401099826617,1.5923839718815064e-05,0.4563439661776195
1986,0.5264357989303914,5.52984836352361e-05,0.4735089025859732
1987,0.5101592594351724,0.0001698906588875941,0.48967084990593995
1988,0.49493197935158667,0.0003309363299919371,0.5047370843184212
1989,0.48085543532075103,0.0005127010567932875,0.5186318636224557
1990,0.46801064672301845,0.0006932045866010403,0.5312961486903804
1991,0.4564583746098731,0.0008546945341214702,0.5426869308560055
1992,0.4462398227664774,0.000983874019952285,0.5527763032135703
1993,0.4373777031676621,0.0010719022399900777,0.5615503945923479
1994,0.42987754344857715,0.0011141976439478485,0.5690082589074751
1995,0.42372913643827065,0.0011100793630016235,0.5751607841987277
1996,0.41890805939545606,0.0010622849854359099,0.5800296556191081
1997,0.41537721239655684,0.000976403388717887,0.5836463842147253
1998,0.41308834530473526,0.0008602589217821322,0.5860513957734826
1999,0.41198356420111126,0.0007232797771641189,0.5872931560217247
2000,0.4119968056687415,0.0005758797965319095,0.5874273145347266
2001,0.4130552840715307,0.0004288774952673901,0.5865158384332019
2002,0.41508090542305015,0.00029297162380255296,0.5846261229531472
2003,0.417991645967198,0.0001782873377306593,0.5818300666950713
2004,0.4217028903080005,9.400212067389454e-05,0.5782031075713255
2005,0.4261287084166452,4.805608132855061e-05,0.5738232355020263
2006,0.43118306664518585,4.694669440291596e-05,0.5687699866604112
2007,0.4367809462756009,9.56046515130787e-05,0.563123449072886
2008,0.4428393590668899,0.00019734423504488784,0.5569632966980652
2009,0.44927824013367396,0.00035387930977070874,0.5503678805565553
2010,0.45602121023241754,0.0005653946212872426,0.5434133951462953
2011,0.46299619570982087,0.0008306611462810607,0.5361731431438981
2012,0.47013590891005025,0.0011471842820490999,0.5287169068079006
2013,0.4773781857659293,0.0015113739861548556,0.521110440247916
2014,0.4846661898501331,0.0019187270503117433,0.5134150830995551
2015,0.4919484954137314,0.002364013100938504,0.5056874914853301
2016,0.499179058860067,0.0028414571935467124,0.4979794839463863
2017,0.5063170966270731,0.003344913271142664,0.4903379901017841
2018,0.5133268839887362,0.003868024737657643,0.48280509127360627
2019,0.5201774930079335,0.004404369375256247,0.4754181376168104
2020,0.5268424836939674,0.004947587343812616,0.4682099289622201
2021,0.5332995651884059,0.005491491658543029,0.4612089431530511
2022,0.5395302329454671,0.006030161522000921,0.45443960553253204
2023,0.5455194064045412,0.006558020044247775,0.44792257355121107
2024,0.5512550615950742,0.007069897490394135,0.4416750409145318
2025,0.5567278758822259,0.007561081423315799,0.4357110426944583
2026,0.561930887947413,0.00802735669220694,0.43004175536038
2027,0.5668591766063162,0.008465035907343052,0.42467578748634077
2028,0.5715095616843022,0.008870983638491897,0.41961945467720596
2029,0.5758803294684648,0.009242635090405068,0.4148770354411302
2030,0.5799709830818912,0.009578011132901305,0.4104510057852076
2031,0.583782015827574,0.009875731487766536,0.40634225268465934
2032,0.5873147130865534,0.01013502735633852,0.402550259557108
2033,0.5905709728374761,0.010355753953470423,0.39907327320905356
2034,0.593553151952593,0.01053840462554261,0.39590844342186443
2035,0.5962639313704896,0.01068412677813831,0.39305194185137216
2036,0.5987062030266594,0.010794740849463812,0.3904990561238768
2037,0.6008829711088945,0.010872761404180831,0.38824426748692464
2038,0.6027972743345458,0.010921422225388997,0.3862813034400653
2039,0.6044521192565128,0.010944704145578313,0.38460317659790894
2040,0.6058504303910978,0.01094736603663204,0.3832022035722702
2041,0.6069950121500042,0.010934978532844586,0.3820700093171511
2042,0.6078885224418363,0.010913960106320779,0.38119751745184277
2043,0.6085334571474055,0.010891614249537445,0.3805749286030571
2044,0.6089321448477367,0.01087616765140803,0.38019168750085514
2045,0.6090867511578707,0.010876807179026084,0.3800364416631033
2046,0.6089992910283595,0.010903715144983374,0.3800969938266571
2047,0.6086716502812564,0.010968100851088916,0.38036024886765474
2048,0.6081056142308212,0.011082225904256384,0.38081215986492245
2049,0.6073029029629252,0.01125942202070623,0.3814376750163686
2050,0.6062652143227247,0.011514098405083287,0.38222068727219194
2051,0.6049942718651825,0.011861736304499873,0.38314399183031755
2052,0.6034918789779825,0.01231886772072681,0.3841892533012908
2053,0.6017599764185438,0.012903035462325903,0.38533698811913036
2054,0.5998007050178092,0.013632732529612087,0.38656656245257875
2055,0.5976164696738215,0.014527317255579549,0.3878562130705989
2056,0.5952100053756851,0.015606902343113458,0.3891830922812014
2057,0.5925844440323298,0.016892216083407303,0.39052333988426297
2058,0.5897433789908749,0.018404434456993298,0.39185218655213194
2059,0.5866909289200012,0.020164983477793153,0.39314408760220565
2060,0.5834317958147581,0.02219531355365351,0.39437289063158826
2061,0.579971320548508,0.024516645616756726,0.39551203383473527
2062,0.5763155304242714,0.027149694403396187,0.39653477517233243
2063,0.5724711808879723,0.030114371445580407,0.39741444766644735
2064,0.5684457918989926,0.03342947393975668,0.3981247341612508
2065,0.5642476757907003,0.0371123668266731,0.3986399573826266
2066,0.5598859612190318,0.04117866344119241,0.3989353753397758
2067,0.5553706143975604,0.04564191510797586,0.39898747049446387
2068,0.5507124576718141,0.05051331682269075,0.39877422550549513
2069,0.5459231925068069,0.0558014354155049,0.39827537207768826
2070,0.5410154293190024,0.06151196916230562,0.39747260151869196
2071,0.5360027274067352,0.06764754149973295,0.39634973109353183
2072,0.5308996531010952,0.07420753440449483,0.3948928124944099
2073,0.525721858644988,0.08118796079429441,0.39309018056071754
2074,0.5204861892185725,0.08858137461516014,0.39093243616626744
2075,0.5152108190942147,0.09637681559496207,0.38841236531082324
2076,0.5099154233251556,0.10455978052262131,0.3855247961522231
2077,0.5046213848030688,0.11311221455550202,0.38226640064142914
2078,0.4993520370062172,0.12201251209888923,0.37863545089489353
2079,0.4941329383940547,0.13123551695830107,0.3746315446476442
2080,0.488992172676311,0.14075251370858816,0.37025531361510083
2081,0.48396066690803025,0.15053120033341466,0.36550813275855515
2082,0.47907251048723226,0.16053564014167795,0.36039184937108976
2083,0.474365257927729,0.17072618865150707,0.354908553420764
2084,0.4698801944017226,0.18105940208636898,0.3490604035119084
2085,0.46566253159491405,0.19148793436710662,0.3428495340379793
2086,0.46176150501556196,0.20196044245839123,0.3362780525260467
2087,0.45823033490890214,0.21242152079823803,0.32934814429285986
2088,0.4551260099999818,0.22281169548799865,0.32206229451201956
2089,0.45250885724844164,0.23306751474378912,0.31442362800776924
2090,0.45044185737186376,0.24312177634038026,0.3064363662877559
2091,0.44898967602892925,0.2529039345185913,0.29810638945247936
2092,0.4482173921334742,0.2623407249815708,0.2894418828849549
2093,0.4481889171153194,0.27135704439719055,0.28045403848749
2094,0.44896512473512223,0.2798771066844802,0.27115776858039764
2095,0.4506017375811967,0.2878258791214669,0.26157238329733623
2096,0.4531470455837438,0.29513077990318715,0.2517221745130691
2097,0.4566395615930576,0.30172359287722267,0.24163684552971976
2098,0.4611057494785355,0.3075425228297956,0.23135172769166895
2099,0.466557975748707,0.31253428871533045,0.22090773553596255
