year,Model Uncertainty,Scenario Uncertainty,Inter-Annual Variability
1980,0.3302042458821839,0.0022604261440333203,0.6675353279737828
1981,0.3357281088270243,0.0013196158196380758,0.6629522753533376
1982,0.3413275342975178,0.0006999306972958971,0.6579725350051864
1983,0.3468879215612211,0.0003248936787331308,0.6527871847600458
1984,0.3523202298468488,0.00013029271872762343,0.6475494774344235
1985,0.35755745795632987,6.330555832082123e-05,0.6423792364853494
1986,0.3625511942152587,8.135990874187199e-05,0.6373674458759994
1987,0.3672684306484528,0.00015088999858966031,0.6325806793529575
1988,0.3716887361692058,0.0002460958526022783,0.6280651679781919
1989,0.37580182188237976,0.00034776988448220644,0.623850408233138
1990,0.37960548790349163,0.000442225376150787,0.6199522867203577
1991,0.3831039220807276,0.0005203411195802153,0.616375736799692
1992,0.38630630823549594,0.0005767236804635085,0.6131169680840405
1993,0.3892256974348237,0.0006089807622603264,0.610165321802916
1994,0.39187809890145714,0.0006170956182788106,0.6075048054802641
1995,0.3942817508141464,0.0006028905861089587,0.6051153585997446
1996,0.3964565333648466,0.0005695677616229099,0.6029738988735305
1997,0.39842349677599326,0.0005213161904901133,0.6010551870335167
1998,0.4002044771753386,0.00046297552958318006,0.5993325472950782
1999,0.40182178147120484,0.00039974821454191967,0.5977784703142532
2000,0.4032979221592766,0.00033695333991544244,0.5963651245008079
2001,0.404655393399432,0.0002798170197655715,0.5950647895808023
2002,0.4059164744986117,0.00023329510381122726,0.5938502303975771
2003,0.40710305694585947,0.0002019252306280152,0.5926950178235125
2004,0.40823648722267813,0.00018970600284011217,0.5915738067744818
2005,0.4093374253686549,0.0002000017472904501,0.5904625728840547
2006,0.4104257134603178,0.00023547160138654154,0.5893388149382957
2007,0.41152025671625597,0.00029802224125612326,0.5881817210424879
2008,0.4126389149295,0.00038878328102972046,0.5869723017894701
2009,0.4137984052842093,0.00050810466746726,0.5856934900483234
2010,0.415014218675464,0.0006555751695789613,0.5843302061549569
2011,0.4163005474320327,0.0008300607596453988,0.582869391808322
2012,0.4176702278620908,0.0010297616642402601,0.5813000104736691
2013,0.41913469855197516,0.0012522863583676518,0.5796130150896572
2014,0.4207039710978989,0.0014947407564357101,0.5778012881456653
2015,0.422386618090981,0.0017538304561999006,0.5758595514528192
2016,0.42418977421931947,0.002025973820736045,0.5737842519599444
2017,0.4261191520810751,0.002307423513049851,0.5715734244058751
2018,0.4281790701841108,0.002594394005982492,0.5692265358099067
2019,0.43037249127606625,0.0028831928803518545,0.5667443158435819
2020,0.4327010716152592,0.0031703532753561813,0.5641285751093846
2021,0.43516521657809887,0.0034527654325076044,0.5613820179893936
2022,0.43776414169100114,0.003727805425749301,0.5585080528832496
2023,0.4404959373439405,0.003993458866706071,0.5555106037893534
2024,0.44335763473502177,0.004248438555944386,0.5523939267090339
2025,0.4463452715267583,0.004492293714626739,0.5491624347586149
2026,0.4494539545415923,0.004725510763918817,0.5458205346944889
2027,0.4526779193188272,0.004949603747548249,0.5423724769336244
2028,0.45601058580024095,0.005167193508515036,0.538822220691244
2029,0.45944460680490623,0.005382075565431801,0.5351733176296621
2030,0.4629719114400889,0.005599275258622063,0.5314288133012889
2031,0.4665837423648358,0.005825089797886728,0.5275911678372774
2032,0.4702706869767794,0.006067116690780295,0.5236621963324403
2033,0.47402270227244026,0.006334267577581738,0.5196430301499779
2034,0.4778291361713067,0.006636767241595468,0.5155340965870978
2035,0.48167874442732156,0.0069861365969674065,0.5113351189757109
2036,0.4855597050406523,0.007395159408369419,0.5070451355509783
2037,0.4894596320892256,0.00787783158208163,0.5026625363286927
2038,0.493365589551957,0.008449292712206093,0.4981851177358368
2039,0.4972641083377869,0.0091257388794087,0.49361015278280435
2040,0.5011412064640295,0.00992431668948309,0.4889344768464875
2041,0.5049824155703181,0.010862997850744916,0.484154586578937
2042,0.5087728146956001,0.011960434382338373,0.4792667509220616
2043,0.51249707310566,0.013235795119046804,0.4742671317752932
2044,0.5161395033323125,0.01470858373628517,0.46915191293140235
2045,0.5196841255541261,0.01639844010013596,0.46391743434573784
2046,0.5231147441027147,0.018324926435512538,0.45856032946177283
2047,0.5264150364516723,0.02050730065320842,0.4530776628951193
2048,0.5295686538338251,0.022964280332646463,0.4474670658335284
2049,0.5325593347143326,0.025713800116657803,0.4417268651690096
2050,0.5353710278849211,0.028772767591776296,0.43585620452330265
2051,0.5379880252764954,0.032156821639349555,0.429855153084155
2052,0.5403951009328188,0.0358800982883859,0.42372480077879526
2053,0.5425776558608952,0.039955009534436724,0.4174673346046681
2054,0.5445218634595923,0.04439203998445612,0.41108609655595163
2055,0.5462148140421272,0.04919956668593475,0.40458561927193804
2056,0.5476446544601781,0.05438370676258605,0.3979716387772358
2057,0.5488007205165062,0.059948196266403554,0.39125108321709035
2058,0.549673657133627,0.06589430524425723,0.3844320376221158
2059,0.5502555255460477,0.07222078932220904,0.3775236851317431
2060,0.5505398927818261,0.07892388112547065,0.3705362260927032
2061,0.5505219035054858,0.08599732037918693,0.3634807761153273
2062,0.5501983307619563,0.09343242227951538,0.3563692469585283
2063,0.5495676056986459,0.10121818216367622,0.34921421213767784
2064,0.5486298264755599,0.10934141250831982,0.34202876101612034
2065,0.5473867461480084,0.11778690920204751,0.334826344649944
2066,0.5458417408947186,0.12653764109681168,0.32762061800846964
2067,0.543999760882243,0.13557495753337875,0.3204252815843782
2068,0.5418672658095758,0.14487880804148098,0.31325392614894326
2069,0.5394521477604748,0.15442796873587594,0.30611988350364927
2070,0.5367636450356722,0.16420026735674134,0.2990360876075865
2071,0.5338122494449175,0.17417280419647949,0.29201494635860303
2072,0.5306096118148399,0.1843221603684255,0.28506822781673463
2073,0.5271684472580986,0.19462459138655788,0.27820696135534345
2074,0.5235024447708089,0.20505620095506816,0.27144135427412286
2075,0.519626183819922,0.21559309050339423,0.26478072567668376
2076,0.5155550599663802,0.2262114851012411,0.2582334549323787
2077,0.5113052231754839,0.23688782981370374,0.2518069470108124
2078,0.5068935284614717,0.24759885945172005,0.2455076120868083
2079,0.5023375035646376,0.25832163889248316,0.23934085754287932
2080,0.49765533126771433,0.26903357505314474,0.23331109367914096
2081,0.4928658496813534,0.27971240189045093,0.2274217484281957
2082,0.4879885699683468,0.2903361382719962,0.221675291759657
2083,0.4830437113386382,0.30088302139878903,0.21607326726257273
2084,0.4780522524506537,0.31133141805773734,0.21061632949160902
2085,0.47303599961091075,0.32165971462598997,0.2053042857630994
2086,0.4680176697720465,0.3318461891983544,0.20013614102959915
2087,0.4630209868452092,0.341868868523942,0.19511014463084894
2088,0.4580707902664936,0.35170537152050885,0.19022383821299754
2089,0.4531931522637893,0.36133274413864375,0.18547410359756697
2090,0.44841550188340645,0.3707272876085378,0.18085721050805575
2091,0.4437667526867875,0.37986438396877154,0.17636886334444102
2092,0.4392774287690453,0.3887183241502632,0.1720042470806914
2093,0.43497978663582376,0.3972621412040422,0.16775807216013405
2094,0.4309079253755897,0.4054674562411713,0.16362461838323894
2095,0.42709788022834355,0.4133043410917264,0.15959777867993005
2096,0.42358769172188104,0.4207412057934288,0.1556711024846901
2097,0.42041744270291165,0.42774471713256673,0.15183784016452156
2098,0.41762925320454475,0.43427975819124437,0.14809098860421094
2099,0.41526722399461313,0.4403094369501471,0.14442333905523969
