year,Model Uncertainty,Scenario Uncertainty,Inter-Annual Variability
1980,0.5133608985389921,0.0027683637013931105,0.4838707377596148
1981,0.5192303151826262,0.001852457502543576,0.4789172273148302
1982,0.5258555527869634,0.0011703748643230782,0.4729740723487135
1983,0.5327912338868067,0.0006831188193743215,0.466525647293819
1984,0.5396896015325613,0.00035410472582024955,0.45995629374161845
1985,0.5462897740302524,0.00015063379690552899,0.45355959217284214
1986,0.5524036395272176,4.4478160638729766e-05,0.44755188231214377
1987,0.5579013995508023,1.18910189933603e-05,0.4420867094302043
1988,0.5626984043058721,3.328710233429451e-05,0.43726830859179366
1989,0.5667439883994617,9.276496412572367e-05,0.4331632466364125
1990,0.5700124558939843,0.00017758070241195335,0.4298099634036038
1991,0.5724960575847734,0.0002776369401684179,0.42722630547505813
1992,0.5741996790255884,0.00038501976741634185,0.4254153012069952
1993,0.5751369323437349,0.0004935970136685387,0.42436947064259667
1994,0.5753273510853237,0.0005986797226151087,0.42407396919206114
1995,0.5747944473878089,0.0006967427624413742,0.4245088098497496
1996,0.5735644178940134,0.0007851977415918495,0.42565038436439473
1997,0.5716653394677313,0.0008622105130411719,0.42747245001922735
1998,0.5691267254587465,0.0009265558572863843,0.42994671868396706
1999,0.5659793457781809,0.000977502512560232,0.4330431517092589
2000,0.5622552359701392,0.0010147227010567233,0.4367300413288041
2001,0.5579878344323054,0.0010382212651019716,0.44097394430259274
2002,0.5532122024379797,0.001048279856201529,0.4457395177058187
2003,0.5479652902889148,0.0010454131341417273,0.4509892965769435
2004,0.5422862156309916,0.0010303337657475706,0.4566834506032609
2005,0.5362165270367003,0.0010039239405639085,0.46277954902273577
2006,0.5298004279117657,0.0009672114902240628,0.4692323605980102
2007,0.5230849381479801,0.0009213488591192023,0.47599371299290083
2008,0.5161199697994634,0.0008675936346850213,0.4830124365658516
2009,0.5089583024497015,0.0008072896006651528,0.4902344079496333
2010,0.5016554376448774,0.0007418474728347453,0.49760271488228774
2011,0.49426932372401144,0.0006727248150879142,0.5050579514609006
2012,0.48685994244536746,0.0006014045974747504,0.5125386529571577
2013,0.479488755387825,0.0005293725143995145,0.5199818720977756
2014,0.47221801961416626,0.00045809325346569577,0.527323887132368
2015,0.4651099800259373,0.0003889856633768461,0.5345010343106859
2016,0.4582259678197446,0.0003233980338742328,0.5414506341463812
2017,0.45162542775137066,0.0002625835320924951,0.5481119887165368
2018,0.4453649137561827,0.00020767725298652783,0.5544274089908308
2019,0.43949709237247025,0.00015967534275963233,0.5603432322847701
2020,0.43406979797206335,0.00011941736405889707,0.5658107846638777
2021,0.4291251813640482,8.757260415548369e-05,0.5707872460317963
2022,0.4246989935627354,6.463098370106044e-05,0.5752363754535634
2023,0.42082003698532794,5.089911748366829e-05,0.5791290638971883
2024,0.41750980833875045,4.650156226412484e-05,0.5824436900989853
2025,0.4147823512528895,5.1387338093847936e-05,0.5851662614090166
2026,0.41264431737458573,6.534127913639684e-05,0.5872903413462778
2027,0.41109523308663404,8.799971012708303e-05,0.5888167672032389
2028,0.41012794909831,0.00011886958082054824,0.5897531813208694
2029,0.409729249374917,0.00015735023956298404,0.5901134003855201
2030,0.4098805865024485,0.0002027567680381894,0.5899166567295133
2031,0.4105589037483419,0.0002543439978892734,0.5891867522537689
2032,0.41173750981420576,0.00031133014848919307,0.5879511600373052
2033,0.4133869685357652,0.00037291932826587156,0.5862401121359689
2034,0.4154759687360661,0.0004383222154020765,0.5840857090485317
2035,0.4179721491192905,0.0005067743524903371,0.581521076528219
2036,0.420842852155108,0.0005775516521954277,0.5785795961926966
2037,0.4240557922699474,0.0006499830147027946,0.5752942247153499
2038,0.4275796261210027,0.0007234597888190171,0.5716969140901782
2039,0.4313844214032063,0.0007974423896670745,0.5678181362071266
2040,0.43544201939646543,0.0008714639056385642,0.563686516697896
2041,0.4397262978673037,0.000945131132431756,0.5593285710002645
2042,0.44421333925640577,0.001018123274707458,0.5547685374688868
2043,0.4488815108446807,0.0010901885184722065,0.5500283006368472
2044,0.45371146730305445,0.0011611387262722682,0.5451273939706732
2045,0.45868608691666657,0.0012308428009767927,0.5400830702823566
2046,0.46379034976895467,0.0012992188250079927,0.5349104314060373
2047,0.4690111695200311,0.0013662251590172414,0.5296226053209517
2048,0.47433718941428277,0.00143185124898221,0.524230959336735
2049,0.47975855025282,0.0014961076353360054,0.518745342111844
2050,0.4852666413146176,0.001559016275949542,0.5131743424094329
2051,0.4908538406899474,0.0016206007561043881,0.5075255585539481
2052,0.49651325394936197,0.0016808769686570938,0.5018058690819809
2053,0.5022384569780742,0.0017398442875138375,0.496021698734412
2054,0.5080232504462296,0.0017974776282261176,0.4901792719255443
2055,0.5138614296798104,0.0018537204264667453,0.48428484989372284
2056,0.5197465777439122,0.0019084787881264535,0.4783449434679613
2057,0.5256718810965024,0.0019616170821066996,0.4723665018213908
2058,0.5316299760342462,0.0020129548725675963,0.4663570690931862
2059,0.537612825288043,0.002062265264158007,0.4603249094477989
2060,0.5436116266468944,0.0021092755311123514,0.45427909782199316
2061,0.549616754273464,0.0021536687891113406,0.4482295769374247
2062,0.5556177333693979,0.002195087894094774,0.44218717873650737
2063,0.5616032447181646,0.0022331410067154053,0.43616361427511985
2064,0.5675611593628187,0.002267408837434765,0.43017143179974654
2065,0.5734785980022902,0.002297453807249099,0.42422394819046083
2066,0.5793420144464795,0.002322830767263845,0.4183351547862567
2067,0.5851372966259532,0.0023430995718132265,0.4125196038022337
2068,0.5908498831637741,0.0023578390981629925,0.406792277738063
2069,0.5964648897340227,0.0023666631648572517,0.40116844710112004
2070,0.6019672425778143,0.002369237950036953,0.39566351947214873
2071,0.6073418150250858,0.002365301443143616,0.3902928835317706
2072,0.612573564145764,0.0023546847258199854,0.3850717511284161
2073,0.6176476654849036,0.0023373355434111918,0.38001499897168517
2074,0.6225496444365618,0.002313344694448672,0.37513701086898954
2075,0.6272655044301475,0.0022829750944926793,0.37045152047535984
2076,0.6317818519839414,0.0022466948949859396,0.3659714531210726
2077,0.6360860223194086,0.0022052146036820658,0.3617087630769093
2078,0.6401662074626552,0.0021595295079012288,0.35767426302944355
2079,0.6440115922000643,0.0021109682804042605,0.3538774395195314
2080,0.6476125062312663,0.002061248492550852,0.3503262452761829
2081,0.6509605970032232,0.00201254051494733,0.3470268624818295
2082,0.6540490362055471,0.0019675408960223304,0.34398342289843065
2083,0.6568727704776685,0.0019295561765576767,0.3411976733457739
2084,0.6594288290942661,0.0019025983282170559,0.33866857257751687
2085,0.6617167049317888,0.0018914919183987164,0.33639180314981254
2086,0.6637388244253272,0.001901993875805308,0.3343591816988675
2087,0.6655011247440535,0.001940923710130674,0.3325579515458158
2088,0.6670137551015014,0.0020163024359328126,0.3309699424625658
2089,0.6682919177358552,0.0021374948924871894,0.3295705873716576
2090,0.6693568584140537,0.0023153473973167352,0.3283277941886297
2091,0.670237007888701,0.002562308570600123,0.3272006835406989
2092,0.6709692591755066,0.002892514590505795,0.32613822623398747
2093,0.6716003402993636,0.0033218141397804712,0.325077845560856
2094,0.6721882078554787,0.003867699165087804,0.3239440929794335
2095,0.6728033392543143,0.004549099180470119,0.3226475615652155
2096,0.6735297362817556,0.005385989067082922,0.3210842746511614
2097,0.6744653861479253,0.006398755949617899,0.3191358579024568
2098,0.6757218517032044,0.007607273748110222,0.31667087454868537
2099,0.6774226056596413,0.009029649219074938,0.31354774512128375
