year,Model Uncertainty,Scenario Uncertainty,Inter-Annual Variability
1980,0.6330196338480539,8.987903355877036e-06,0.3669713782485901
1981,0.6269248598605468,5.740445355946848e-06,0.37306939969409725
1982,0.6214494711592524,3.893661020612638e-06,0.3785466351797269
1983,0.6165325953087927,2.9818405697074128e-06,0.3834644228506376
1984,0.6121112534865182,2.642960838282222e-06,0.3878861035526437
1985,0.6081226040701401,2.6108905291763947e-06,0.3918747850393308
1986,0.6045057212689957,2.704820213998775e-06,0.39549157391079043
1987,0.6012029282630043,2.8171024895696903e-06,0.3987942546345062
1988,0.5981607291420852,2.9004669652699586e-06,0.4018363703909495
1989,0.5953303980487861,2.9553529934636834e-06,0.40466664659822044
1990,0.592668286974477,3.017876440101268e-06,0.4073286951490828
1991,0.5901359132574454,3.1487811344300727e-06,0.40986093796142015
1992,0.5876998809810094,3.4235656400396653e-06,0.41229669545335057
1993,0.5853316829035288,3.923879161064569e-06,0.4146643932173102
1994,0.5830074226423027,4.730197563777146e-06,0.4169878471601335
1995,0.5807074859929742,5.915746721242991e-06,0.41928659826030457
1996,0.5784161859975332,7.541613073244323e-06,0.4215762723893937
1997,0.5761213982309047,9.652963218125696e-06,0.4238689488058772
1998,0.573814198454056,1.2276300561600555e-05,0.42617352524538243
1999,0.5714885106813676,1.5417684390632397e-05,0.42849607163424175
2000,0.5691407707306569,1.906184281317081e-05,0.43084016742652986
2001,0.5667696076284116,2.317212864749493e-05,0.433207220242941
2002,0.5643755450063969,2.7691255066411622e-05,0.43559676373853684
2003,0.561960721078378,3.2542781303209156e-05,0.4380067361403187
2004,0.5595286283428637,3.763329302574569e-05,0.44043373836411054
2005,0.5570838710582512,4.285524305816157e-05,0.44287327369869056
2006,0.5546319400908207,4.809040928053378e-05,0.44531996949989877
2007,0.5521790039743696,5.3213925592684244e-05,0.4477677821000378
2008,0.5497317157144556,5.809883706793041e-05,0.4502101854484763
2009,0.5472970346101353,6.262112086219937e-05,0.4526403442690024
2010,0.5448820625554862,6.666511497469639e-05,0.45505127232953907
2011,0.5424938945280056,7.012927942383436e-05,0.4574359761925706
2012,0.5401394843653439,7.293222585891302e-05,0.45978758340879733
2013,0.5378255239451933,7.501892983656841e-05,0.46209945712497
2014,0.535558337554345,7.636701875074244e-05,0.46436529542690436
2015,0.5333437912169154,7.699309918844252e-05,0.46657921568389604
2016,0.5311872162678982,7.695896821425571e-05,0.4687358247638874
2017,0.5290933488042643,7.637767747229065e-05,0.4708302735182633
2018,0.5270662831062233,7.541932524777978e-05,0.472858297568529
2019,0.5251094406715444,7.431651132872089e-05,0.47481624281712703
2020,0.523225552717868,7.336937318122738e-05,0.47670107790895083
2021,0.5214166570764116,7.29501345481345e-05,0.4785103927890404
2022,0.519684107854608,7.350710183805197e-05,0.480242385043554
2023,0.5180285965617012,7.556806017450196e-05,0.4818958353781242
2024,0.5164501854564257,7.97430143195778e-05,0.4834700715292547
2025,0.5149483490056771,8.672624276353034e-05,0.4849649247515592
2026,0.513522025077579,9.729763692149582e-05,0.48638067728549955
2027,0.5121696721505509,0.00011232328600144701,0.48771800456344755
2028,0.5108893321817175,0.00013275531663860674,0.4889779125016439
2029,0.5096786976575436,0.00015963092328106463,0.4901616714191752
2030,0.5085351805583006,0.00019407064113840624,0.491270748800561
2031,0.5074559828304415,0.00023727578500746155,0.49230674138455127
2032,0.5064381662375808,0.00029052507874614565,0.4932713086836731
2033,0.5054787207094282,0.0003551704620691226,0.4941661088285027
2034,0.5045746295990015,0.0004326320293626796,0.4949927383716359
2035,0.5037229313322482,0.0005243921443772434,0.49575267652337446
2036,0.5029207761993486,0.0006319886359633142,0.496447235164688
2037,0.502165477392082,0.0007570071388626293,0.4970775154690555
2038,0.5014545556229579,0.0009010725285678433,0.49764437184847427
2039,0.500785777171387,0.0010658394110993818,0.4981483834175136
2040,0.500157184161146,0.0012529817409687,0.4985898340978852
2041,0.4995671173415017,0.0014641815218891558,0.4989687011366091
2042,0.49901423071543544,0.001701116599305907,0.4992846526852588
2043,0.49849749867237236,0.00196544759804865,0.4995370537295789
2044,0.4980162141780542,0.0022588040629427024,0.4997249817590031
2045,0.4975699796724208,0.002582769875190981,0.49984725045238826
2046,0.49715868999905244,0.0029388679526271963,0.4999024420483203
2047,0.4967825076554978,0.0033285444946730886,0.49988894784982907
2048,0.49644183137221537,0.0037531527939579624,0.49980501583382675
2049,0.49613725819391435,0.004213936802881342,0.49964880500320413
2050,0.49586953922217625,0.004712014711329587,0.4994184460664942
2051,0.4956395309872102,0.005248362638611746,0.4991121063741781
2052,0.4954481425813954,0.005823798778921965,0.49872805863968256
2053,0.4952962792264637,0.006438968107165548,0.4982647526663707
2054,0.4951847846732333,0.0070943280941875375,0.4977208872325791
2055,0.49511438242485717,0.0077901354912769845,0.49709548208386595
2056,0.49508561771815496,0.008526434452970882,0.49638794782887424
2057,0.49509880186543787,0.009303046383641109,0.49559815175092087
2058,0.4951539602202875,0.010119561450826878,0.4947264783288857
2059,0.49525078453096233,0.010975332161698078,0.4937738833073396
2060,0.49538859353304193,0.011869468845525057,0.4927419376214329
2061,0.49556630026419013,0.012800837379340336,0.49163286235646947
2062,0.4957823896584641,0.013768058916050456,0.4904495514254854
2063,0.4960349079449536,0.014769511547744467,0.48919558050730183
2064,0.4963214634107584,0.01580333386095617,0.48787520272828544
2065,0.4966392424767475,0.016867429969770146,0.4864933275534822
2066,0.49698503944469524,0.01795947587274416,0.4850554846825605
2067,0.49735530348153095,0.01907692652172784,0.48356776999674117
2068,0.49774620259630675,0.020217023385431136,0.48203677401826206
2069,0.49815370579921925,0.021376801638031427,0.4804694925627493
2070,0.4985736851237875,0.02255309688157911,0.4788732179946332
2071,0.49900203758123246,0.023742550148020486,0.4772554122707469
2072,0.49943482915499593,0.024941611158946966,0.47562355968605713
2073,0.4998684613866086,0.026146538789111794,0.4739849998242796
2074,0.5002998624627074,0.027353398118185077,0.4723467394191074
2075,0.50072670405861,0.028558053836744684,0.4707152421046454
2076,0.5011476462475273,0.029756158739703904,0.4690961950127689
2077,0.5015626119219811,0.030943137788359745,0.467494250289659
2078,0.5019730932435791,0.03211416616095504,0.465912740595466
2079,0.5023824924279826,0.03326414243059942,0.46435336514141806
2080,0.5027964987072215,0.03438765559802964,0.4628158456947488
2081,0.5032235029751665,0.035478947168585726,0.4612975498562477
2082,0.5036750514084432,0.036531868402172214,0.4597930801893846
2083,0.5041663366050575,0.037539833855551076,0.45829382953939163
2084,0.5047167247290152,0.03849577287447425,0.4567875023965105
2085,0.5053503103248677,0.03939208158364247,0.4552576080914899
2086,0.5060964913357825,0.04022057824499192,0.45368293041922564
2087,0.5069905447651337,0.040972466675991706,0.45203698855887464
2088,0.5080741805896941,0.041638313321709676,0.45028750608859636
2089,0.5093960396807089,0.042208044691270374,0.44839591562802084
2090,0.5110120873987708,0.042670974792920945,0.4463169378083082
2091,0.5129858465652872,0.04301587150136858,0.4439982819333441
2092,0.5153883919339582,0.04323107455483959,0.44138053351120227
2093,0.5182980191880459,0.043304677836105254,0.43839730297584883
2094,0.5217994860672085,0.0432247870728869,0.4349757268599047
2095,0.5259827177241558,0.04297986561774712,0.43103741665809703
2096,0.5309408712462335,0.04255917471805722,0.4264999540357093
2097,0.5367676723205846,0.04195330979529967,0.42127901788411576
2098,0.5435539747677465,0.041154824719788,0.4152912005124656
2099,0.5513835558290963,0.040158923486396575,0.40845752068450714
