year,Model Uncertainty,Scenario Uncertainty,Inter-Annual Variability
1980,0.49170416897560565,0.0011456005716329065,0.5071502304527614
1981,0.4839976510693022,0.0008537020640770445,0.5151486468666209
1982,0.477151030753265,0.000613172858182077,0.5222357963885529
1983,0.4711072658353614,0.00042018523157877195,0.5284725489330598
1984,0.4658056107264723,0.00027068211958758924,0.5339237071539402
1985,0.46118402625236626,0.00016052252764286993,0.538655451219991
1986,0.4571811645059596,8.560104142145841e-05,0.542733234452619
1987,0.4537379270552201,4.19415782124156e-05,0.5462201313665676
1988,0.45079862068845183,2.5766920547457005e-05,0.5491756123910008
1989,0.448311751380894,3.3546670383949715e-05,0.5516547019487219
1990,0.4462305095058341,6.202678680978659e-05,0.5537074637073561
1991,0.44451299724910975,0.0001082439907435857,0.5553787587601468
1992,0.44312225214178413,0.0001695282151672715,0.5567082196430486
1993,0.4420261126690435,0.00024349593982110398,0.5577303913911353
1994,0.44119696892586335,0.00032803695119777997,0.5584749941229388
1995,0.4406114317849114,0.0004212966146723738,0.5589672716004161
1996,0.4402499504486676,0.0005216553120975557,0.559228394239235
1997,0.44009640095254876,0.0006277064495658286,0.5592758925978853
1998,0.44013766383122527,0.0007382340717457366,0.559124102097029
1999,0.4403632041288746,0.0008521907557644228,0.558784605115361
2000,0.4407646648515934,0.0009686764656419009,0.5582666586827648
2001,0.4413354809537656,0.0010869186428882252,0.5575776004033461
2002,0.4420705180731477,0.0012062538602692933,0.556723228066583
2003,0.44296574235608793,0.0013261111104958332,0.5557081465334163
2004,0.4440179200100225,0.001445996895730386,0.5545360830942471
2005,0.4452243511491118,0.0015654820432235302,0.5532101668076648
2006,0.44658263603183457,0.0016841902233671589,0.5517331737447984
2007,0.44809047447770695,0.0018017882218488949,0.550107737300444
2008,0.4497454981250253,0.0019179776712392525,0.5483365242037355
2009,0.45154513328085,0.002032488506278617,0.5464223782128715
2010,0.4534864941247032,0.002145073640903443,0.5443684322343932
2011,0.45556630307228985,0.0022555049466003764,0.5421781919811096
2012,0.45778083802699676,0.0023635705531037813,0.5398555914198995
2013,0.460125901822661,0.002469073093000248,0.5374050250843387
2014,0.46259681449657325,0.002571828947670434,0.5348313565557563
2015,0.46518842262720905,0.0026716683936495204,0.5321399089791415
2016,0.46789512537015376,0.002768436404191372,0.5293364382256549
2017,0.47071091357837563,0.0028619942428015524,0.5264270921788228
2018,0.4736294196606076,0.002952221358478329,0.5234183589809139
2019,0.4766439749874025,0.003039017988107163,0.5203170070244904
2020,0.47974767393358553,0.0031223080852999276,0.5171300179811145
2021,0.4829334400839418,0.0032020422981484105,0.5138645176179097
2022,0.4861940945377255,0.0032782015668919706,0.5105277038953825
2023,0.4895224235735249,0.0033508006395064397,0.5071267757869687
2024,0.49291124344094783,0.0034198916166783763,0.5036688649423738
2025,0.4963534626811505,0.003485567939719837,0.5001609693791296
2026,0.4998421384691684,0.0035479679560412856,0.49660989357479035
2027,0.5033705282809563,0.0036072787513456647,0.49302219296769795
2028,0.5069321349253236,0.0036637399130545383,0.48940412516162185
2029,0.5105207448772152,0.003717647187813888,0.4857616079349708
2030,0.5141304595816752,0.0037693559848509463,0.48210018443347374
2031,0.517755719520917,0.0038192849740931096,0.4784249955049899
2032,0.521391322027005,0.0038679193134889597,0.47474075865950605
2033,0.5250324311430653,0.003915814011335573,0.4710517548455992
2034,0.5286745819527899,0.003963596834927303,0.4673618212122828
2035,0.5323136783388911,0.004011971326648665,0.4636743503344603
2036,0.535945984872622,0.0040617194548274995,0.4599922956725505
2037,0.5395681141744494,0.004113704146931185,0.4563181816786194
2038,0.5431770090978683,0.004168871461697455,0.4526541194404342
2039,0.5467699207561092,0.004228252799587369,0.4490018264443035
2040,0.5503443835186006,0.004292966424556845,0.44536265005684256
2041,0.5538981865136815,0.004364219158360217,0.44173759432795817
2042,0.5574293431294658,0.004443307367422504,0.4381273495031117
2043,0.5609360583738465,0.004531617914804582,0.4345323237113489
2044,0.5644166951553379,0.004630628569434405,0.43095267627522776
2045,0.5678697396991215,0.004741908187544849,0.42738835211333365
2046,0.5712937664444789,0.004867116376889512,0.4238391171786316
2047,0.5746874040328183,0.005008003016127535,0.42030459295105416
2048,0.5780493008279566,0.0051664071133948886,0.41678429205864853
2049,0.5813780926519421,0.005344255453364617,0.41327765189469345
2050,0.5846723717342315,0.005543560891671678,0.40978406737409684
2051,0.5879306575111439,0.005766420152629432,0.40630292233622656
2052,0.5911513703817193,0.006015011430183432,0.4028336181880974
2053,0.5943328079296911,0.0062915916828311155,0.3993756003874778
2054,0.5974731243595115,0.006598493520544843,0.39592838211994363
2055,0.6005703138117972,0.006938122003287623,0.3924915641849151
2056,0.6036221966802251,0.007312951231435382,0.3890648520883395
2057,0.6066264108446066,0.0077255207266673665,0.3856480684287262
2058,0.609580406498825,0.008178431670481224,0.38224116183069395
2059,0.6124814457595447,0.00867434324642587,0.3788442109940294
2060,0.6153266068861742,0.009215968796052793,0.37545742431777296
2061,0.6181127929622217,0.009806071915437338,0.37208113512234103
2062,0.6208367456151866,0.010447462726389878,0.3687157916584236
2063,0.6234950635925552,0.011142993856689326,0.3653619425507555
2064,0.6260842264585249,0.011895556560136212,0.3620202169813389
2065,0.6286006230448933,0.012708076565860683,0.35869130038924607
2066,0.6310405850062588,0.013583509686238643,0.3553759053075026
2067,0.6334004259386905,0.014524837049306868,0.3520747370120027
2068,0.6356764850536545,0.015535059646115424,0.34878845530023006
2069,0.6378651769033177,0.016617192075624884,0.34551763102105737
2070,0.6399630458762023,0.01777425517727813,0.3422626989465196
2071,0.6419668270429998,0.01900926681423735,0.33902390614276295
2072,0.6438735123194335,0.020325231246556982,0.33580125643400954
2073,0.645680423382854,0.021725125169046653,0.33259445144809924
2074,0.6473852905944811,0.02321188123297032,0.32940282817254846
2075,0.648986339213143,0.0247883674994377,0.3262252932874194
2076,0.6504823826809045,0.02645736211735207,0.32306025520174336
2077,0.6518729239119371,0.028221522588371486,0.3199055534996915
2078,0.653158264318462,0.030083348597391316,0.3167583870841468
2079,0.6543396212904318,0.032045137039009935,0.31361524167055826
2080,0.6554192544574455,0.03410892877436353,0.3104718167681909
2081,0.6564006000091065,0.03627644504282908,0.30732295494806444
2082,0.657288413052905,0.03854901363459983,0.30416257331249513
2083,0.6580889170901977,0.04092748271593368,0.30098360019386866
2084,0.658809959595988,0.04341212151400298,0.2977779188900091
2085,0.6594611698607411,0.046002508021603314,0.2945363221176556
2086,0.6600541184390957,0.048697402069512064,0.2912484794913922
2087,0.6606024710504773,0.05149460520660875,0.2879029237429141
2088,0.6611221336200006,0.05439080705670569,0.2844870593232937
2089,0.6616313795580555,0.057381420733763774,0.2809871997081808
2090,0.6621509512945642,0.06046040969710455,0.27738863900833116
2091,0.6627041244298372,0.06362011042256159,0.2736757651476012
2092,0.6633167236527853,0.06685105619019123,0.2698322201570236
2093,0.6640170742191042,0.07014181047068649,0.2658411153102095
2094,0.6648358762629254,0.07347881802024114,0.2616853057168334
2095,0.6658059848362882,0.07684628621702308,0.25734772894668884
2096,0.6669620820669797,0.08022610851028432,0.25281180942273596
2097,0.6683402275524098,0.08359784551744372,0.24806192693014642
2098,0.6699772792964781,0.08693877711756114,0.24308394358596078
2099,0.6719101798181402,0.09022404196561239,0.2378657782162475
