year,Model Uncertainty,Scenario Uncertainty,Inter-Annual Variability
1980,0.48179430350543134,0.0033661091492648808,0.5148395873453039
1981,0.4774399304411511,0.0019817488231356237,0.5205783207357133
1982,0.47311825368423255,0.0010430622041319216,0.5258386841116355
1983,0.46882599183953794,0.0004583922842132746,0.5307156158762487
1984,0.4645574828035561,0.00014655571187683158,0.5352959614845672
1985,0.4603052999165105,3.7064588082931036e-05,0.5396576354954066
1986,0.4560608033664124,6.991299002482409e-05,0.5438692836435628
1987,0.45181462042559717,0.0001950598900346756,0.5479903196843682
1988,0.44755705781478816,0.0003717173402425894,0.5520712248449693
1989,0.44327844675401923,0.000567528766709447,0.5561540244792712
1990,0.43896943196015875,0.0007577005511015852,0.5602728674887396
1991,0.43462120811791716,0.0009241313741091368,0.5644546605079737
1992,0.4302257154468377,0.001054569001244216,0.568719715551918
1993,0.42577579668458204,0.0011418124716997475,0.5730823908437181
1994,0.4212653259037433,0.001182968793729081,0.5775517053025275
1995,0.41668931139587867,0.0011787679483152731,0.5821319206558059
1996,0.4120439762790552,0.0011329352709584224,0.5868230884499863
1997,0.40732682015292615,0.0010516181106677523,0.5916215617364061
1998,0.4025366644464381,0.0009428628892525009,0.5965204726643094
1999,0.3976736802583668,0.000816137303637103,0.6015101824379963
2000,0.39273940149481457,0.000681893682906138,0.6065787048222793
2001,0.3877367214077408,0.0005511692439877884,0.6117121093482715
2002,0.3826698740443575,0.0004352203443864874,0.616894905611256
2003,0.3775443993889763,0.0003451882372711133,0.6221104123737526
2004,0.37236709177310257,0.00029179510279566805,0.6273411131241018
2005,0.36714593281948105,0.0002850699228817012,0.6325689972576373
2006,0.3618900078759293,0.00033410401439001744,0.6377758881096807
2007,0.3566094076175486,0.0004468372943239934,0.6429437550881274
2008,0.35131511489684764,0.0006298760955277737,0.6480550090076247
2009,0.34601887970599104,0.0008883438246886039,0.6530927764693203
2010,0.3407330829409317,0.0012257657181747623,0.6580411513408935
2011,0.3354705922502459,0.0016439885235271718,0.662885419226227
2012,0.3302446125227807,0.0021431359766661724,0.6676122515005531
2013,0.3250685324820023,0.002721599880220152,0.6722098676377775
2014,0.3199557741460497,0.0033760665343806513,0.6766681593195696
2015,0.3149196437672081,0.004101577158430582,0.6809787790743613
2016,0.3099731905396868,0.004891620722030618,0.6851351887382825
2017,0.30512907460832106,0.005738256482599351,0.6891326689090795
2018,0.30039944635550764,0.006632263506938969,0.6929682901375533
2019,0.2957958409198994,0.007563313293557602,0.696640845786543
2020,0.2913290869216517,0.008520162065055454,0.7001507510132928
2021,0.28700923200584105,0.009490858692082365,0.7034999093020765
2022,0.28284548679133603,0.010462963616017973,0.706691549592646
2023,0.27884618312085235,0.011423775801139032,0.7097300410780086
2024,0.27501875070549203,0.01236056286884455,0.7126206864256635
2025,0.27136970795426574,0.013260791567198246,0.715369500478536
2026,0.2679046665659895,0.014112355508040195,0.7179829779259703
2027,0.26462834810395625,0.014903797132919467,0.7204678547631242
2028,0.2615446104810866,0.015624521924148307,0.7228308675947651
2029,0.25865648113153117,0.016265003216062286,0.7250785156524066
2030,0.25596619713277485,0.01681697582331147,0.7272168270439137
2031,0.25347524596231913,0.017273618025153384,0.7292511360125274
2032,0.251184408585956,0.017629720994429544,0.7311858704196146
2033,0.2490938004465466,0.017881844402909203,0.7330243551505441
2034,0.24720290913979964,0.018028458721440647,0.7347686321387596
2035,0.24551062712565466,0.01807007339162826,0.7364192994827171
2036,0.24401527702480447,0.018009349354330555,0.737975373620865
2037,0.24271463054962095,0.017851196938752117,0.739434172511627
2038,0.24160591710396517,0.017602856042776054,0.7407912268532587
2039,0.2406858243480999,0.01727395845427291,0.7420402171976271
2040,0.23995048905465752,0.016876570115106855,0.7431729408302356
2041,0.23939547823534088,0.016425211142618974,0.7441793106220402
2042,0.23901576192077698,0.015936851173580374,0.7450473869056427
2043,0.2388056776314785,0.015430877123456064,0.7457634452450654
2044,0.2387588885285423,0.014929030677179433,0.7463120807942782
2045,0.2388683359628438,0.01445531212482347,0.7466763519123327
2046,0.23912619009043304,0.014035847418352645,0.7468379624912144
2047,0.2395237978098969,0.013698716300683702,0.7467774858894194
2048,0.24005163420917677,0.01347373895965316,0.7464746268311702
2049,0.2406992586707256,0.013392219845095659,0.7459085214841787
2050,0.2414552765941622,0.013486648385822869,0.745058075020015
2051,0.24230731499006447,0.013790357417005452,0.7439023275929301
2052,0.24324200971794874,0.014337141482433346,0.742420848799618
2053,0.24424500993727655,0.01516083981341695,0.7405941502493065
2054,0.2453010027718743,0.016294888823999782,0.738404108404126
2055,0.2463937580608242,0.017771852388264942,0.7358343895509107
2056,0.2475061973465527,0.01962293942652212,0.7328708632269252
2057,0.24862048616741428,0.021877518708857378,0.7295019951237283
2058,0.2497181499123033,0.024562644673455154,0.7257192054142416
2059,0.2507802132311089,0.02770260479550575,0.7215171819733853
2060,0.25178736012873704,0.03131850387472937,0.7168941359965336
2061,0.2527201126855916,0.03542789627947038,0.7118519910349381
2062,0.25355902477023334,0.04004447862957666,0.70639649660019
2063,0.2542848866987204,0.045177852557570446,0.7005372607437093
2064,0.25487893583080523,0.050833365651064326,0.6942876985181303
2065,0.2553230701556573,0.05701203441317023,0.6876648954311725
2066,0.25560005679225223,0.0637105543340081,0.6806893888737398
2067,0.2556937355389803,0.07092139113068469,0.673384873330335
2068,0.2555892091763083,0.07863295348044258,0.6657778373432491
2069,0.2552730210949731,0.08682983668138378,0.6578971422236431
2070,0.2547333167309453,0.09549312893627747,0.6497735543327773
2071,0.25395998764026056,0.10460076689519608,0.6414392454645433
2072,0.2529448002620691,0.11412792878272876,0.6329272709552021
2073,0.25168150895875496,0.12404744757676595,0.624271043464479
2074,0.25016595768542504,0.1343302328555481,0.6155038094590267
2075,0.24839617349501744,0.14494568443754843,0.6066581420674341
2076,0.2463724562887326,0.1558620854478084,0.5977654582634591
2077,0.24409747063833406,0.16704696243428316,0.5888555669273828
2078,0.24157634620069246,0.17846740140028555,0.5799562523990219
2079,0.23881679169701414,0.19009031201643858,0.5710928962865472
2080,0.2358292298466477,0.20188263217417277,0.5622881379791796
2081,0.2326269593402794,0.21381146820587973,0.5535615724538409
2082,0.22922634916444917,0.2258441672355849,0.544929483599966
2083,0.22564707038480333,0.23794832003850278,0.5364046095766938
2084,0.22191237023083601,0.25009169475588044,0.5279959350132836
2085,0.2180493888461359,0.26224210285802896,0.5197085082958351
2086,0.21408952279190646,0.2743671996035033,0.5115432776045904
2087,0.21006882791516857,0.2864342241597682,0.5034969479250633
2088,0.2060284608690739,0.29840968561801445,0.49556185351291154
2089,0.20201514707852422,0.3102590034762576,0.48772584944521813
2090,0.1980816574089448,0.3219461119802022,0.4799722306108531
2091,0.1942872764159073,0.3334330459648982,0.47227967761919454
2092,0.1906982258636589,0.3446795220742414,0.4646222520620998
2093,0.1873880073446648,0.3556425423039738,0.45696945035136133
2094,0.1844376118289927,0.3662760457743127,0.4492863423966946
2095,0.18193553412903576,0.3765306450462559,0.4415338208247084
2096,0.17997752024964492,0.3863534884531831,0.43366899129717196
2097,0.1786659641813856,0.39568829455617205,0.4256457412624423
2098,0.1781088668359324,0.40447561353673883,0.41741551962732876
2099,0.1784182694474904,0.41265336705713423,0.40892836349537537
