year,Model Uncertainty,Scenario Uncertainty,Inter-Annual Variability
1980,0.4289890722127577,0.0005655437810061464,0.5704453840062361
1981,0.41917741544801745,0.00035537262708133067,0.5804672119249012
1982,0.41019954047211826,0.00020489834868666677,0.5895955611791951
1983,0.4020044118525917,0.00010397121442085257,0.5978916169329874
1984,0.39453601753995166,4.3160273887509006e-05,0.6054208221861609
1985,0.3877357858775268,1.3898553559268576e-05,0.612250315568914
1986,0.3815446475840697,8.570308040743245e-06,0.6184467821078896
1987,0.37590472095497474,2.0548817089806887e-05,0.6240747302279355
1988,0.3707606312384735,4.4194010243720285e-05,0.6291951747512827
1989,0.3660604925777397,7.481903702870495e-05,0.6338646883852317
1990,0.3617565873995398,0.00010863410662924133,0.6381347784938309
1991,0.3578057906608295,0.00014267494256679707,0.6420515343966037
1992,0.35416978042522357,0.00017472175628190897,0.6456554978184944
1993,0.3508150779082202,0.00020321364783770988,0.6489817084439422
1994,0.3477129542721282,0.00022716198416076447,0.652059883743711
1995,0.3448392365690153,0.00024606554660005836,0.6549146978843847
1996,0.34217404101654436,0.0002598292602470898,0.6575661297232085
1997,0.3397014557078576,0.0002686876924166904,0.6600298565997256
1998,0.3374091908964358,0.00027313425482700186,0.6623176748487373
1999,0.3352882104999485,0.0002738562780044694,0.664437933222047
2000,0.3333323567316997,0.00027167629998175015,0.6663959669683185
2001,0.33153797519223244,0.0002674994582873744,0.6681945253494802
2002,0.3299035468036184,0.0002622669447725703,0.6698341862516091
2003,0.32842933250826123,0.0002569152837529351,0.671313752207986
2004,0.3271170319546385,0.0002523413827207247,0.6726306266626407
2005,0.325969461771917,0.0002493730265254475,0.6737811652015577
2006,0.3249902527673263,0.0002487447241953961,0.6747610025084784
2007,0.32418356978527807,0.0002510786903448098,0.6755653515243771
2008,0.3235538539671749,0.00025687076182605805,0.676189275270999
2009,0.32310558981245424,0.00026648109752048474,0.6766279290900253
2010,0.32284309706452174,0.0002801294124548026,0.6768767735230234
2011,0.3227703475596421,0.00029789455709093593,0.6769317578832669
2012,0.32289080881776966,0.00031971815378140095,0.6767894730284489
2013,0.3232073121177317,0.00034541205209430393,0.676447275830174
2014,0.3237219475060953,0.0003746692574487248,0.6759033832364559
2015,0.32443598300365184,0.00040707798835438016,0.6751569390079939
2016,0.32534980783396267,0.0004421385233593332,0.674208053642678
2017,0.326462898820931,0.0004792823835651861,0.6730578187955039
2018,0.3277738082075775,0.0005178935204416173,0.671708298271981
2019,0.32928017080711003,0.0005573309411504642,0.6701624982517395
2020,0.3309787286919593,0.0005969525189558054,0.6684243187890849
2021,0.3328653723414578,0.0006361394158585374,0.6664984882426837
2022,0.334935193060818,0.0006743207671350747,0.664390486172047
2023,0.33718254805548187,0.0007109982704068229,0.6621064536741114
2024,0.3396011327003185,0.0007457702417175034,0.6596530970579639
2025,0.34218405908927824,0.0007783548255274549,0.6570375860851942
2026,0.34492393806118504,0.0008086121818117459,0.6542674497570031
2027,0.3478129636218209,0.0008365651628221673,0.6513504712153569
2028,0.35084299555272724,0.0008624184950206716,0.6482945859522521
2029,0.35400564151661085,0.0008865761225801819,0.645107782360809
2030,0.35729233402047716,0.0009096566461582639,0.6417980093333646
2031,0.3606944035870234,0.0009325067325941856,0.6383730896803823
2032,0.364203145296879,0.000956212318858816,0.6348406423842621
2033,0.36780987878040267,0.000982107726240644,0.6312080134933566
2034,0.37150600110511606,0.0010117824494676288,0.6274822164454164
2035,0.375283031719286,0.0010470857068643454,0.6236698825738497
2036,0.37913264984566336,0.0010901286964214894,0.6197772214579153
2037,0.38304672435456566,0.0011432845969271731,0.6158099910485071
2038,0.38701733569604824,0.0012091862151911938,0.6117734780887606
2039,0.3910367913025569,0.00129072140835625,0.6076724872890868
2040,0.39509763412670096,0.0013910261948230566,0.603511339678476
2041,0.3991926444437722,0.0015134756041147778,0.599293879952113
2042,0.4033148381097073,0.0016616723528801712,0.5950234895374126
2043,0.4074574576374803,0.001839433225832227,0.5907031091366874
2044,0.41161396097755004,0.002050773344026967,0.5863352656784231
2045,0.4157780073033382,0.0022998883401534552,0.5819221043565083
2046,0.4199434383484713,0.0025911343992169114,0.5774654272523118
2047,0.42410425991216705,0.002929006471753716,0.5729667336160793
2048,0.4282546225108813,0.0033181145299525255,0.5684272629591661
2049,0.4323887997616542,0.0037631581976402505,0.5638480420407056
2050,0.43650116971614766,0.004268899660343366,0.559229930623509
2051,0.44058619552114286,0.004840135440899875,0.5545736690379572
2052,0.4446384086829687,0.005481666809307975,0.5498799245077233
2053,0.4486523944669714,0.006198269391368538,0.5451493361416601
2054,0.4526227800043359,0.006994662027410949,0.5403825579682532
2055,0.4565442258264661,0.007875475349249832,0.535580298824284
2056,0.4604114207520955,0.008845220235698852,0.5307433590122056
2057,0.46421908139346957,0.009908256427656447,0.525872662178874
2058,0.4679619551928713,0.011068761872806395,0.5209692829343223
2059,0.47163482854298633,0.01233070272074404,0.5160344687362697
2060,0.47523253917759967,0.013697804546162366,0.5110696562762381
2061,0.47874999347927366,0.015173525071474103,0.5060764814492523
2062,0.4821821885740635,0.016761028203015407,0.501056783222921
2063,0.4855242390211219,0.018463160353911705,0.4960126006249663
2064,0.4887714082235244,0.020282428316685613,0.49094616345979
2065,0.4919191450959715,0.022220979294821745,0.4858598756092068
2066,0.4949631239922449,0.024280583037542127,0.480756292970213
2067,0.49789929082391715,0.026462615712413956,0.4756380934636689
2068,0.5007239121351623,0.028768045501424238,0.4705080423634136
2069,0.503433629101739,0.03119742009521192,0.465368950803049
2070,0.5060255155037945,0.03375085500019455,0.4602236294960109
2071,0.5084971408564264,0.03642802241075063,0.455074836732823
2072,0.5108466355054686,0.03922814085259355,0.4499252236419379
2073,0.5130727632621993,0.04214996408285743,0.4447772726549432
2074,0.5151749947250003,0.04519176912301822,0.43963323615198163
2075,0.5171535879285515,0.04835134275519104,0.4344950693162575
2076,0.5190096723444205,0.051625965106621347,0.42936436254895805
2077,0.52074533713415,0.05501239082349088,0.42424227204235915
2078,0.5223637253063397,0.05850682540591221,0.4191294492877481
2079,0.5238691319663505,0.06210489738761972,0.4140259706460298
2080,0.5252671075061394,0.06580162498271354,0.4089312675111471
2081,0.5265645652329202,0.06959137668238542,0.4038440580846944
2082,0.5277698936700432,0.07346782502680012,0.3987622813031568
2083,0.5288930717599457,0.07742389375671052,0.3936830344833437
2084,0.5299457865814586,0.08145169792601502,0.38860251549252633
2085,0.5309415519045149,0.08554247651488803,0.3835159715805971
2086,0.5318958247655265,0.0896865198491219,0.3784176553853516
2087,0.5328261176368044,0.0938730901985621,0.3733007921646334
2088,0.5337521032301333,0.0980903390298157,0.36815755774005093
2089,0.5346957046576575,0.1023252221951884,0.36297907314715416
2090,0.5356811678146878,0.10656341571665938,0.3577554164686529
2091,0.5367351068715375,0.11078923586583175,0.35247565726263075
2092,0.5378865153907894,0.11498556869354723,0.3471279159156634
2093,0.5391667340846888,0.11913381234102902,0.34169945357428205
2094,0.5406093628229969,0.1232138415770572,0.3361767955999458
2095,0.5422501080496528,0.12720399868364837,0.3305458932666989
2096,0.5441265506818903,0.13108112147627465,0.324792327841835
2097,0.5462778250429856,0.13482061543802792,0.3189015595189865
2098,0.5487441971125744,0.13839657987860962,0.31285922300881597
2099,0.5515665342191146,0.14178199533521568,0.30665147044566976
