year,Model Uncertainty,Scenario Uncertainty,Inter-Annual Variability
1980,0.3511558325543382,0.002129463801851843,0.6467147036438099
1981,0.3775636444107003,0.0013421919031770372,0.6210941636861227
1982,0.4032854468830841,0.0007921552411923108,0.5959223978757235
1983,0.4277369947247863,0.0004258468892015111,0.5718371583860121
1984,0.4505747856398408,0.00019812858254481487,0.5492270857776144
1985,0.4716285895163485,7.22613893240089e-05,0.5282991490943275
1986,0.4908466049556812,1.91132203597872e-05,0.509134281823959
1987,0.5082539124945339,1.604078174486862e-05,0.4917300467237212
1988,0.523922534856645,4.5729463848625303e-05,0.47603173567950646
1989,0.5379506923388906,9.513210256513265e-05,0.46195417555854434
1990,0.5504489230026817,0.00015456184048227332,0.4493965151568362
1991,0.5615311195316705,0.00021694801680046492,0.4382519324515292
1992,0.571308987215879,0.00027724192967788905,0.42841377085444315
1993,0.5798888189956197,0.00033195066746485256,0.4197792303369154
1994,0.5873698070020772,0.0003787759389188135,0.4122514170590039
1995,0.5938433483215102,0.0004163366964780946,0.4057403149820119
1996,0.5993929736214011,0.00044395743856320824,0.4001630689400357
1997,0.6040946523114391,0.0004615073394221316,0.3954438403491388
1998,0.6080173113072528,0.0004692785053681304,0.39151341018737906
1999,0.6112234595487451,0.0004678939605373718,0.38830864649071745
2000,0.6137698537718267,0.0004582383406914176,0.3857719078874819
2001,0.6157081612227435,0.00044140562736861666,0.3838504331498878
2002,0.617085597652979,0.0004186596841579109,0.3824957426628631
2003,0.6179455233730011,0.0003914043563793711,0.38166307227061946
2004,0.6183279939867751,0.00036116059282288504,0.38131084542040217
2005,0.6182702596938648,0.0003295485736029263,0.38140019173253226
2006,0.6178072161252531,0.00029827340417885114,0.38189451047056805
2007,0.6169718057675766,0.00026911324955752365,0.3827590809828658
2008,0.6157953729513939,0.0002439088211739189,0.38396071822743233
2009,0.6143079735602524,0.0002245537030411982,0.38546747273670645
2010,0.6125386419061325,0.0002129848829509437,0.38724837321091665
2011,0.6105156180063154,0.00021117307661210999,0.38927320891707257
2012,0.608266534140852,0.00022111255706567886,0.39151235330208234
2013,0.605818563933814,0.0002448103634710208,0.393936625702715
2014,0.6031985362747223,0.0002842746205674799,0.3965171891047103
2015,0.6004330133664026,0.0003415021304114376,0.39922548450318596
2016,0.5975483346757081,0.00041846516310617096,0.40203320016118577
2017,0.5945706308435791,0.0005170975426842399,0.4049122716137367
2018,0.5915258061412084,0.0006392803113921693,0.40783491354739954
2019,0.5884394927064817,0.0007868271329190783,0.4107736801605994
2020,0.585336981085696,0.0009614697135877975,0.41370154920071617
2021,0.5822431264961972,0.0011648435246865373,0.4165920299791164
2022,0.5791822365951729,0.0013984744022635138,0.4194192890025636
2023,0.5761779449605573,0.0016637660155164361,0.42215828902392627
2024,0.5732530712109029,0.0019619888336729245,0.4247849399554242
2025,0.5704294760516212,0.002294270953651339,0.42727625299472755
2026,0.5677279123617887,0.002661590843462792,0.42961049679474855
2027,0.5651678799031674,0.0030647726661326338,0.4317673474307001
2028,0.5627674854313127,0.0035044838652455086,0.4337280307034419
2029,0.5605433126240243,0.003981235919243938,0.43547545145673155
2030,0.5585103081511245,0.004495387461332403,0.43699430438754305
2031,0.5566816840910903,0.005047150385433952,0.43827116552347567
2032,0.5550688389868489,0.005636598874160243,0.439294562138991
2033,0.5536813037568615,0.006263680496283633,0.44005501574685485
2034,0.5525267071672291,0.0069282301385557715,0.4405450626942151
2035,0.5516107661008255,0.007629985829583625,0.4407592480695909
2036,0.5509372975642718,0.008368606247349357,0.44069409618837896
2037,0.5505082520614797,0.009143689689627029,0.44034805824889334
2038,0.5503237670118387,0.009954794501826812,0.43972143848633444
2039,0.5503822368307281,0.01080145939211018,0.4388163037771618
2040,0.5506803971516921,0.011683225237200645,0.43763637761110724
2041,0.5512134219093177,0.012599656133208945,0.43618692195747333
2042,0.5519750287533142,0.013550360688270978,0.4344746105584149
2043,0.5529575897678982,0.014535012919758736,0.432507397312343
2044,0.5541522455535058,0.015553372670697624,0.4302943817757965
2045,0.5555490197551604,0.01660530558476991,0.4278456746600698
2046,0.557136932093274,0.017690801655044202,0.42517226625168186
2047,0.5589041061642968,0.018809994446517268,0.4222858993891861
2048,0.560837872953617,0.019963178573089362,0.41919894847329364
2049,0.5629248679895813,0.021150826961984316,0.4159243050484344
2050,0.5651511184262044,0.02237360830394542,0.41247527326985006
2051,0.5675021243877137,0.023632403589978118,0.40886547202230816
2052,0.5699629303164646,0.024928322993247688,0.40510874669028774
2053,0.5725181886207436,0.02626272279720315,0.4012190885820534
2054,0.5751522129763189,0.027637223177102425,0.39721056384657866
2055,0.5778490254353248,0.029053725960982348,0.3930972486036929
2056,0.5805923948164611,0.03051443382249311,0.3888931713610459
2057,0.5833658673375776,0.0320218704523103,0.3846122622101122
2058,0.5861527902849824,0.033578902424306806,0.38026830729071076
2059,0.5889363294921661,0.03518876240339168,0.37587490810444224
2060,0.5916994806090684,0.03685507426832629,0.37144544512260524
2061,0.5944250737188148,0.038581881068205245,0.36699304521298
2062,0.5970957732445391,0.04037367499264275,0.36253055176281823
2063,0.5996940709675208,0.04223543050281493,0.3580704985296643
2064,0.6022022750473894,0.0441726403770035,0.35362508457560693
2065,0.6046024925375673,0.046191355486818096,0.34920615197561466
2066,0.6068766066296403,0.04829822797343243,0.3448251653969272
2067,0.6090062468048952,0.050500559745969856,0.3404931934491348
2068,0.6109727563341777,0.05280635364437967,0.33622089002144256
2069,0.6127571497939663,0.055224371471701894,0.3320184787343319
2070,0.6143400666299296,0.05776419636184808,0.3278957370082224
2071,0.6157017175757589,0.060436301034266386,0.32386198138997463
2072,0.6168218251283742,0.06325212167463769,0.319926053196988
2073,0.6176795573053919,0.06622413923052768,0.31609630346408046
2074,0.6182534553309337,0.06936596640472212,0.31238057826434423
2075,0.6185213563053529,0.07269244189166675,0.3087862018029803
2076,0.6184603109272571,0.07621973116320875,0.30531995790953437
2077,0.6180464974849095,0.0799654340144927,0.3019880685005978
2078,0.617255135232135,0.08394869790342196,0.29879616686444316
2079,0.6160603969631624,0.08819033691214151,0.2957492661246962
2080,0.6144353266196598,0.09271295394634545,0.29285171943399474
2081,0.6123517647291692,0.09754106397981549,0.2901071712910154
2082,0.6097802859458306,0.10270121739855256,0.28751849665561696
2083,0.6066901596018385,0.10822211471830952,0.2850877256798521
2084,0.6030493359207878,0.1141347123585523,0.2828159517206599
2085,0.5988244765901793,0.12047230589910801,0.2807032175107127
2086,0.5939810367017471,0.127270584955103,0.2787483783431501
2087,0.5884834201256367,0.1345676437957841,0.2769489360785791
2088,0.582295229651669,0.1424039293283139,0.27530084102001706
2089,0.575379632666593,0.15082210958647857,0.27379825774692856
2090,0.5676998841548091,0.1598668263034821,0.2724332895417087
2091,0.5592200325082803,0.1695843074210536,0.2711956600706661
2092,0.5499058587508732,0.18002179210913355,0.2700723491399933
2093,0.5397260965994992,0.19122672131106722,0.26904718208943357
2094,0.528653983236698,0.2032456387140007,0.26810037804930137
2095,0.516669197963846,0.21612273909116153,0.26720806294499233
2096,0.5037602417144373,0.2298979956086636,0.2663417626768992
2097,0.48992729653492584,0.24460480306145685,0.26546790040361723
2098,0.47518559528476334,0.26026707329633514,0.2645473314189014
2099,0.4595692871342076,0.2768957474985415,0.26353496536725085
