year,Model Uncertainty,Scenario Uncertainty,Inter-Annual Variability
1980,0.2621787177659169,0.001281362314478988,0.7365399199196042
1981,0.2595704820563904,0.0008580426612125999,0.7395714752823971
1982,0.25914038529826333,0.0005383465788012067,0.7403212681229354
1983,0.2605207844437798,0.0003077259075468261,0.7391714896486734
1984,0.2633591264331362,0.0001518158329443793,0.7364890577339194
1985,0.26733008098224775,5.703460071041967e-05,0.7326128844170419
1986,0.27214272400271927,1.0973429058555855e-05,0.7278463025682221
1987,0.2775437210147269,2.6097932113950486e-06,0.7224536691920618
1988,0.283317547014193,2.238403715665013e-05,0.7166600689486503
1989,0.2892846894509421,6.217817544088575e-05,0.7106531323736169
1990,0.29529862480676067,0.0001152305764633185,0.704586144616776
1991,0.3012421727633982,0.0001760133377013797,0.6985818138989004
1992,0.30702366128709874,0.00024009229411455475,0.6927362464187866
1993,0.3125731839446677,0.00030398347662756496,0.6871228325787047
1994,0.31783912477524284,0.00036501496093934127,0.6817958602638179
1995,0.3227850391281964,0.0004211993997988644,0.6767937614720047
1996,0.327386923420805,0.0004711197435324864,0.6721419568356626
1997,0.3316308696217342,0.0005138290363073799,0.6678553013419584
1998,0.335511082602356,0.0005487640720476611,0.6639401533255963
1999,0.33902822040776226,0.0005756717262760244,0.6603961078659618
2000,0.3421880209485927,0.0005945469363907855,0.6572174321150166
2001,0.3450001712002261,0.0006055807973622595,0.6543942480024116
2002,0.34747738508807774,0.0006091173441442659,0.651913497567778
2003,0.349634650925318,0.0006056178976983742,0.6497597311769837
2004,0.35148862390984276,0.0005956316273284238,0.6479157444628288
2005,0.35305713376308007,0.0005797714214224666,0.6463630948154975
2006,0.3543587886105639,0.0005586941506729599,0.645082517238763
2007,0.3554126553147843,0.0005330846054164186,0.6440542600797993
2008,0.3562380039077901,0.0005036425417503548,0.6432583535504596
2009,0.356854101100309,0.00047107219131102866,0.6426748267083799
2010,0.3572800467463725,0.00043607393532003457,0.6422838793183075
2011,0.3575346416025824,0.00039933777894115733,0.6420660206184764
2012,0.35763628419990406,0.0003615383040877661,0.6420021774960081
2013,0.35760288863985423,0.00032333091328260594,0.6420737804468633
2014,0.3574518227913178,0.0002853491789096209,0.6422628280297726
2015,0.35719986018612293,0.0002482030792608344,0.6425519367346162
2016,0.35686314740404484,0.00021247813776809852,0.6429243744581871
2017,0.3564571810290648,0.00017873511858313928,0.6433640838523521
2018,0.3559967964682259,0.00014751044801555562,0.6438556930837587
2019,0.3554961651493015,0.00011931710008447635,0.644384517750614
2020,0.35496879845856505,9.464590763039737e-05,0.6449365556338045
2021,0.35442756093883904,7.396723265694965e-05,0.6454984718285041
2022,0.3538846879735703,5.7732978001582296e-05,0.6460575790484281
2023,0.3533518084829556,4.6378760556963703e-05,0.6466018127564874
2024,0.3528399735475688,4.032627715316187e-05,0.6471197001752781
2025,0.35235968773101517,3.9985789819912344e-05,0.6476003264791649
2026,0.3519209420641754,4.5758617214199954e-05,0.6480332993186104
2027,0.3515332496669828,5.803962428689291e-05,0.6484087107087302
2028,0.3512056824461232,7.721966348765714e-05,0.6487170978903891
2029,0.35094690548340296,0.0001036878835944303,0.6489494066330026
2030,0.3507652113686864,0.00013783390414159015,0.6490969547271721
2031,0.35066855132912855,0.00018004978715813086,0.6491513988837133
2032,0.35066456288534736,0.0002307318295251038,0.6491047052851275
2033,0.35076059226894013,0.0002902820954542747,0.6489491256356056
2034,0.3509637119514219,0.00035910976284581406,0.6486771782857323
2035,0.3512807322550951,0.00043763218184211767,0.6482816355630628
2036,0.3517182041104747,0.0005262758193162541,0.6477555200702091
2037,0.352282415028692,0.0006254769222448172,0.6470921080490633
2038,0.352979378051569,0.0007356821224009744,0.6462849398260301
2039,0.35381481058171005,0.0008573489465965392,0.6453278404716934
2040,0.35479410562009894,0.00099094628218176,0.6442149480977192
2041,0.3559222941160185,0.0011369549411603638,0.6429407509428211
2042,0.357204001350919,0.0012958684133124196,0.6415001302357685
2043,0.35864339284107405,0.0014681938352561574,0.6398884133236697
2044,0.36024411678809615,0.001654453429237619,0.6381014297826663
2045,0.3620092393037608,0.0018551863286735155,0.6361355743675656
2046,0.36394117673341303,0.0020709512608651824,0.6339878720057217
2047,0.36604162341637214,0.0023023298149634033,0.6316560467686645
2048,0.368311480818419,0.002549930758570948,0.62913858842301
2049,0.37075078536261785,0.0028143954656530646,0.626434819171729
2050,0.37335863916953177,0.003096404496787427,0.6235449563336808
2051,0.3761331452469819,0.003396685630195141,0.6204701691228228
2052,0.37907134855732216,0.003716023366703346,0.6172126280759745
2053,0.382169184970866,0.004055270107999566,0.6137755449211344
2054,0.38542143902991827,0.004415359096745986,0.6101632018733357
2055,0.3888217133555017,0.004797319225885133,0.6063809674186131
2056,0.3923624092644642,0.0052022918955635985,0.6024352988399722
2057,0.3960347196733405,0.005631549888733263,0.5983337304379263
2058,0.3998286367099486,0.006086518449428176,0.5940848448406232
2059,0.4037329718902287,0.006568798560568363,0.5896982295492029
2060,0.4077353897141099,0.007080192625800336,0.5851844176600898
2061,0.4118224540084412,0.0076227324642267474,0.5805548135273321
2062,0.41597968794067636,0.008198709704253692,0.5758216023550701
2063,0.4201916427238682,0.00881070882770335,0.5709976484484285
2064,0.42444197837240905,0.009461642641535616,0.5660963789860554
2065,0.4287135515536273,0.010154790466692178,0.5611316579796806
2066,0.43298851056675347,0.010893839145305628,0.5561176502879409
2067,0.43724839558399997,0.011682926644146108,0.5510686777718539
2068,0.4414742434549487,0.012526688793982905,0.5459990677510684
2069,0.44564669316259303,0.013430308572207101,0.5409229982652
2070,0.4497460943521257,0.014399568763066521,0.5358543368848079
2071,0.453752615094724,0.015440907380578397,0.5308064775246976
2072,0.45764635060858616,0.016561475718408887,0.5257921736730049
2073,0.4614074315220785,0.017769199329851767,0.5208233691480697
2074,0.46501613329287794,0.019072841150954135,0.515911025556168
2075,0.4684529866399915,0.020482066330368465,0.51106494702964
2076,0.47169889281390154,0.022007508034947547,0.506293599151151
2077,0.47473524355741364,0.023660832988326663,0.5016039234542596
2078,0.4775440523567724,0.025454804761847402,0.4970011428813803
2079,0.4801080969172694,0.027403343344565664,0.4924885597381649
2080,0.48241108143670025,0.029521577043888848,0.48806734151941084
2081,0.4844378217830737,0.0318258838492092,0.4837362943677171
2082,0.4861744612232941,0.034333916164441994,0.4794916226122639
2083,0.48760872180454373,0.03706460374086251,0.4753266744545937
2084,0.4887302011698321,0.04003812631589844,0.47123167251426945
2085,0.48953072141880355,0.04327584631481761,0.46719343226637877
2086,0.49000473584656956,0.046800190801258974,0.46319507335217147
2087,0.4901498022887697,0.05063446852702765,0.45921572918420267
2088,0.48996712857122904,0.05480260686921178,0.4552302645595591
2089,0.489462189557079,0.059328791321000225,0.45120901912192074
2090,0.4886454170155996,0.06423698881787182,0.4471175941665286
2091,0.48753295283373693,0.0695503363635861,0.442916710802677
2092,0.48614745221323685,0.0752903762844645,0.4385621715022987
2093,0.484518908511201,0.08147612464310923,0.4340049668456898
2094,0.4826854617560462,0.08812296368535463,0.42919157455859924
2095,0.480694139973442,0.09524136024063325,0.42406449978592475
2096,0.478601458689436,0.10283542667938202,0.41856311463118195
2097,0.4764737947176677,0.1109013603780385,0.41262484490429374
2098,0.4743874341699698,0.1194258209891095,0.4061867448409206
2099,0.4724281817331997,0.12838433590086087,0.3991874823659393
