year,Model Uncertainty,Scenario Uncertainty,Inter-Annual Variability
1980,0.593974723446106,0.0005243021558053865,0.40550097439808863
1981,0.5818961680821754,0.0003654900972898239,0.4177383418205348
1982,0.5707228394264467,0.00024084596534210197,0.4290363146082112
1983,0.5604329417823032,0.00014715041888987138,0.4394199077988069
1984,0.5509875420402036,8.085268219506719e-05,0.4489316052776013
1985,0.5423348701131008,3.824960505967529e-05,0.45762688028183957
1986,0.5344144844119302,1.5639947102306406e-05,0.46556987564096747
1987,0.5271610580934519,9.449266880595e-06,0.4728294926396675
1988,0.5205076337618952,1.632443994468481e-05,0.47947604179815995
1989,0.5143882777892806,3.3199518957718946e-05,0.48557852269176166
1990,0.5087401290997384,5.733633611301844e-05,0.4912025345641486
1991,0.5035048822625195,8.634411743850693e-05,0.4964087736200419
1992,0.4986297703419234,0.00011818254885147454,0.5012520471092252
1993,0.49406812867185174,0.00015115246007556312,0.5057807188680727
1994,0.4897796156063628,0.00018387780762655313,0.5100365065860107
1995,0.48573017067042623,0.00021528194825270344,0.5140545473813211
1996,0.48189177194139166,0.0002445605745590326,0.5178636674840493
1997,0.4782420508783458,0.00027115310728908744,0.521486796014365
1998,0.4747638086217073,0.0002947137809402365,0.5249414775973524
1999,0.4714444709416128,0.0003150832613898606,0.5282404457969975
2000,0.4682755072684014,0.0003322613873142631,0.5313922313442844
2001,0.46525183651275653,0.0003463812951611999,0.5344017821920823
2002,0.4623712359765987,0.000357685107607385,0.537271078915794
2003,0.4596337618371461,0.0003665012180786955,0.5399997369447751
2004,0.4570411957063149,0.000373223217593043,0.542585581076092
2005,0.4545965199414492,0.0003782903777877094,0.5450251896807632
2006,0.45230342885846686,0.0003821697167667334,0.5473144014247665
2007,0.4501658819944062,0.0003853396323938484,0.5494487783731998
2008,0.4481877019865729,0.00038827504184817634,0.551424022971579
2009,0.44637221985100595,0.00039143410013754205,0.5532363460488566
2010,0.44472197195667423,0.00039524653535826,0.5548827815079674
2011,0.4432384481536649,0.00040010352119372513,0.5563614483251413
2012,0.44192189476319993,0.0004063492290124998,0.5576717560077876
2013,0.4407711687559374,0.00041427408042426296,0.5588145571636383
2014,0.4397836455405462,0.00042410952684449955,0.5597922449326094
2015,0.4389551753729785,0.00043602460825682357,0.5606088000187647
2016,0.438280087585328,0.0004501239971459595,0.5612697884175261
2017,0.43775123633717244,0.0004664476396113958,0.561782316023216
2018,0.437360085889032,0.0004849717639992121,0.5621549423469688
2019,0.43709682686683554,0.0005056112973690868,0.5623975618357953
2020,0.4369505209292918,0.0005282234048477351,0.5625212556658604
2021,0.43690926539825164,0.0005526121074368749,0.5625381224943115
2022,0.43696037394606857,0.0005785337818656696,0.5624610922720658
2023,0.4370905661275829,0.0006057034720671015,0.5623037304003501
2024,0.43728616169490364,0.0006338017107768932,0.5620800365943195
2025,0.43753327385723517,0.0006624818756363208,0.5618042442671286
2026,0.4378179991053897,0.0006913779194117872,0.5614906229751984
2027,0.43812659744040916,0.0007201122315939461,0.561153290327997
2028,0.4384456631225954,0.0007483038100319467,0.5608060330673725
2029,0.4387622818464866,0.0007755764225158599,0.5604621417309976
2030,0.4390641741357931,0.0008015668682689151,0.560134258995938
2031,0.43933982314729264,0.0008259332826720207,0.5598342435700353
2032,0.43957858706257874,0.0008483634648116983,0.5595730494726096
2033,0.43977079641028516,0.0008685832404947096,0.5593606203492201
2034,0.43990783527467686,0.0008863648979379299,0.5592057998273852
2035,0.439982208937105,0.0009015357470464894,0.5591162553158484
2036,0.4399875973749892,0.0009139867909548064,0.559098415834056
2037,0.43991889479590124,0.000923681621182158,0.5591574235829166
2038,0.43977223756049594,0.0009306654640203628,0.5592970969754838
2039,0.4395450201807422,0.0009350745930156476,0.5595199052262422
2040,0.4392358991531126,0.0009371459076526943,0.5598269549392346
2041,0.43884478689287765,0.0009372269176341289,0.5602179861894881
2042,0.43837283401592797,0.0009357859396555799,0.5606913800444164
2043,0.4378224014465034,0.0009334226499298552,0.5612441759035667
2044,0.4371970207034799,0.0009308788070835517,0.5618721004894366
2045,0.4365013444733528,0.000929049196945129,0.5625696063297021
2046,0.4357410838778183,0.0009289926991856862,0.563329923422996
2047,0.434922935277333,0.0009319432660104367,0.5641451214566565
2048,0.43405449391518336,0.0009393208539145661,0.5650061852309022
2049,0.43314415528496314,0.0009527420501693548,0.5659031026648675
2050,0.43220100337241674,0.0009740302227105734,0.5668249664048726
2051,0.4312346871358825,0.001005225154393789,0.5677600877097236
2052,0.4302552835926907,0.0010485917357142562,0.5686961246715951
2053,0.4292731507845257,0.0011066278686947687,0.5696202213467796
2054,0.4282987702976204,0.0011820710800747368,0.570519158622305
2055,0.42734258162005084,0.0012779039574414613,0.5713795144225077
2056,0.426414811592217,0.0013973580647876737,0.5721878303429955
2057,0.42552530106001457,0.0015439164890374555,0.5729307824509481
2058,0.42468333310540923,0.001721314720769768,0.5735953521738211
2059,0.4238974672431874,0.0019335399629671446,0.5741689927938455
2060,0.423175384322459,0.0021848291190727114,0.5746397865584684
2061,0.42252374662645015,0.002479665017800915,0.574996588355749
2062,0.4219480810939117,0.0028227716075608796,0.5752291472985275
2063,0.42145268881123515,0.0032191078511060777,0.5753282033376588
2064,0.4210405883942558,0.0036738604564073287,0.5752855511493369
2065,0.4207134984126401,0.004192435832181629,0.5750940657551783
2066,0.42047186414363535,0.004780451012695498,0.5747476848436691
2067,0.4203149349096661,0.005443723423260126,0.5742413416670739
2068,0.4202408943746304,0.006188259603826314,0.5735708460215433
2069,0.42024705030126763,0.007020241857934287,0.5727327078407981
2070,0.4203300852416244,0.007946012609410903,0.5717239021489646
2071,0.420486372410975,0.008972054475411271,0.5705415731136136
2072,0.42071235662713174,0.01010496572347389,0.5691826776493945
2073,0.4210050048473309,0.011351427491752159,0.5676435676609168
2074,0.4213623229603311,0.012718161187985993,0.5659195158516829
2075,0.4217839422618849,0.014211872130736963,0.5640041856073781
2076,0.42227177138659155,0.01583917531585495,0.5618890532975535
2077,0.42283071096201646,0.017606498734848253,0.5595627903031353
2078,0.42346942652948516,0.019519958293173652,0.5570106151773412
2079,0.42420116885318304,0.02158519856490939,0.5542136325819076
2080,0.42504463006761184,0.023807192055811943,0.5511481778765762
2081,0.4260248125236492,0.026189991107907557,0.5477851963684433
2082,0.4271738838996646,0.028736425548203947,0.5440896905521315
2083,0.42853197850610536,0.03144774111762277,0.5400202803762718
2084,0.430147889883052,0.03432317606600217,0.5355289340509458
2085,0.4320795877497767,0.037359477517009944,0.5305609347332134
2086,0.4343944729510129,0.04055036292366707,0.5250551641253199
2087,0.43716926846149295,0.04388594298747242,0.5189447885510345
2088,0.4404894290508934,0.04735212821483333,0.5121584427342731
2089,0.4444479472753158,0.05093005808719919,0.504621994637485
2090,0.4491434365674035,0.054595599407136715,0.4962609640254597
2091,0.45467739268534507,0.058318979768881354,0.48700362754577364
2092,0.4611505812185339,0.06206462734635583,0.47678479143511027
2093,0.4686585691483756,0.06579129834038729,0.4655501325112371
2094,0.4772865165286593,0.06945256667757864,0.4532609167937621
2095,0.4871034674722211,0.07299773729550149,0.4398987952322775
2096,0.4981565075216424,0.07637321211137205,0.4254702803669855
2097,0.5104652740693716,0.07952429395896793,0.41001043197166054
2098,0.5240173848417784,0.08239735616982591,0.39358525898839586
2099,0.5387653627446667,0.0849422459147072,0.3762923913406262
