year,Model Uncertainty,Scenario Uncertainty,Inter-Annual Variability
1980,0.6567914586321852,0.0010000031426251783,0.34220853822518954
1981,0.6455028858621695,0.0006168179584721847,0.3538802961793583
1982,0.6345727549237773,0.00034220928204672485,0.36508503579417595
1983,0.624049420221444,0.00015990540226014377,0.3757906743762958
1984,0.6139734193905538,5.393701910426446e-05,0.385972643590342
1985,0.6043775920281486,9.045752601803801e-06,0.3956133622192497
1986,0.5952874283169863,1.101935960522379e-05,0.4047015523234085
1987,0.5867215932608763,4.694870784994985e-05,0.41323145803127376
1988,0.5786925686958974,0.00010540675361458132,0.421202024550488
1989,0.5712073615813155,0.00017655387983751348,0.4286160845388471
1990,0.5642682326127341,0.00025217682589913956,0.43547959056136676
1991,0.5578734088630225,0.00032567033020693874,0.44180092080677047
1992,0.5520177507620305,0.0003919714063774199,0.44759027783159205
1993,0.5466933552650999,0.0004474563616027285,0.4528591883732973
1994,0.541890083416856,0.0004898100830799742,0.4576201065000641
1995,0.5375960072096324,0.0005178763503281631,0.4618861164400394
1996,0.5337977780603924,0.0005314968572115014,0.4656707250823961
1997,0.5304809198150278,0.0005313455890866643,0.46898773459588555
1998,0.5276300565877816,0.0005187639423164767,0.47185117946990196
1999,0.5252290828888351,0.0004956011059363443,0.47427531600522843
2000,0.5232612868780993,0.00046406326861552703,0.4762746498532854
2001,0.521709439406753,0.00042657422399077806,0.47786398636925614
2002,0.5205558545276585,0.0003856495842792823,0.4790584958880621
2003,0.5197824347491485,0.00034378578344431907,0.47987377946740706
2004,0.5193707065073799,0.00030336478561174865,0.48032592870700824
2005,0.5193018526129085,0.0002665749602949121,0.48043157242679646
2006,0.5195567472781343,0.0002353479330094191,0.48020790478885633
2007,0.5201159960501145,0.00021131117017494938,0.47967269277971053
2008,0.5209599849626733,0.00019575549701457773,0.4788442595403123
2009,0.5220689373272892,0.00018961661610627278,0.4777414460566045
2010,0.523422980700178,0.00019346947134013387,0.4763835498284819
2011,0.5250022211043782,0.00020753404581065352,0.474790244849811
2012,0.5267868237097991,0.000231691174164966,0.4729814851160358
2013,0.5287570992290049,0.0002655067342526402,0.4709773940367424
2014,0.5308935914988077,0.00030826275434719957,0.4687981457468451
2015,0.5331771655164765,0.00035899375891081353,0.46646384072461267
2016,0.5355890932811203,0.0004165269177793307,0.46399437980110025
2017,0.5381111355033172,0.00047952459495488456,0.4614093399017279
2018,0.5407256167922566,0.0005465279922619318,0.45872785521548143
2019,0.5434154933110218,0.0006160007259901663,0.45596850596298805
2020,0.5461644120345923,0.0006863714810106937,0.45314921648439693
2021,0.548956759692686,0.0007560747112736869,0.4502871655960404
2022,0.5517777025947724,0.0008235889886231857,0.4473987084166045
2023,0.554613215772087,0.0008874723124042094,0.44449931191550884
2024,0.5574501028721845,0.0009463940813549246,0.4416035030464606
2025,0.5602760064830663,0.0009991635621894386,0.4387248299547443
2026,0.563079409536956,0.0010447546628284338,0.4358758358002155
2027,0.5658496298542334,0.0010823270735386742,0.43306804307222796
2028,0.5685768071581148,0.0011112437118080101,0.4303119491300772
2029,0.5712518838678616,0.001131084731601585,0.4276170314005368
2030,0.5738665826467024,0.0011416581036802318,0.4249917592496172
2031,0.5764133781290315,0.0011430070368886021,0.4224436148340799
2032,0.578885467741506,0.001135414381091772,0.41997911787740216
2033,0.5812767393216166,0.0011194041447777597,0.4176038565336057
2034,0.5835817383162868,0.0010957403702323307,0.4153225213134808
2035,0.5857956341973897,0.0010654235049919894,0.41313894229761833
2036,0.5879141884082769,0.0010296842932070909,0.4110561272985159
2037,0.5899337213491729,0.0009899753757672265,0.40907630327506
2038,0.5918510826089003,0.0009479607430895693,0.40720095664801015
2039,0.5936636223167412,0.0009055028521048546,0.40543087483115403
2040,0.5953691643595707,0.0008646476995109357,0.40376618794091845
2041,0.5969659821036107,0.0008276076796919672,0.40220641021669734
2042,0.5984527773889309,0.0007967422751992134,0.40075048033586985
2043,0.5998286608500242,0.0007745365788825474,0.39939680257109333
2044,0.6010931362599071,0.000763577591688015,0.3981432861484049
2045,0.6022460864060387,0.0007665283583206332,0.39698738523564076
2046,0.6032877619082623,0.0007860997959752195,0.3959261382957626
2047,0.6042187729612908,0.0008250203686095282,0.39495620667009956
2048,0.6050400830703261,0.0008860036396885741,0.39407391328998537
2049,0.6057530046390068,0.0009717136877214441,0.39327528167327175
2050,0.6063591969042849,0.0010847286305687791,0.39255607446514645
2051,0.6068606660167003,0.001227502383307928,0.3919118315999918
2052,0.6072597661379503,0.0014023249175132285,0.3913379089445365
2053,0.607559202614059,0.001611281180237564,0.3908295162057033
2054,0.6077620357288219,0.0018562093670296304,0.3903817549041485
2055,0.6078716864161238,0.0021386585029594435,0.38998965508091665
2056,0.6078919427306201,0.0024598463082042437,0.3896482109611757
2057,0.6078269669472739,0.002820617558090103,0.38935241549463595
2058,0.6076813048786103,0.003221403689983564,0.3890972914314061
2059,0.6074598942187286,0.003662184393660131,0.3888779213876113
2060,0.607168076669592,0.004142451660345267,0.3886894716700626
2061,0.6068116097136769,0.0046611773612966825,0.38852721292502646
2062,0.6063966808372777,0.005216784738877416,0.38838653442384474
2063,0.6059299234628538,0.005807125132462265,0.3882629514046839
2064,0.6054184363540003,0.006429459987420856,0.3881521036585788
2065,0.6048698058223503,0.007080449604742562,0.38804974457290714
2066,0.6042921312815468,0.007756149048882989,0.38795171966957015
2067,0.6036940567643041,0.008452011961773954,0.387853931273922
2068,0.6030848058091917,0.009162903230629793,0.3877522909601785
2069,0.6024742247903163,0.009883120925085993,0.3876426542845977
2070,0.6018728312704755,0.010606428600175716,0.3875207401293487
2071,0.6012918706457225,0.011326098449662978,0.38738203090461454
2072,0.6007433808551973,0.012034966397735481,0.38722165274706727
2073,0.6002402652384577,0.01272549964391165,0.38703423511763074
2074,0.599796374117331,0.013389878076639977,0.386813747806029
2075,0.5994265935369743,0.014020090594941017,0.38655331586808483
2076,0.5991469409663501,0.014608047528195476,0.3862450115054545
2077,0.59897466672502,0.015145710630403241,0.38587962264457676
2078,0.5989283556434274,0.015625242656775895,0.38544640169979666
2079,0.5990280285585814,0.016039177851592725,0.38493279358982585
2080,0.599295233842205,0.016380615785195344,0.38432415037259987
2081,0.5997531253648075,0.0166434396754261,0.38360343495976634
2082,0.6004265143145313,0.01682256131178544,0.38275092437368324
2083,0.601341883515923,0.016914193486435733,0.3817439229976413
2084,0.6025273502423318,0.016916149477606033,0.38055650028006216
2085,0.604012558243622,0.016828168788869703,0.37915927296750834
2086,0.6058284801633116,0.016652264926302347,0.377519254910386
2087,0.6080071057864733,0.01639308900963413,0.3755998052038925
2088,0.6105809941839563,0.01605829849480527,0.3733607073212384
2089,0.6135826634745098,0.015658916281920166,0.3707584202435701
2090,0.6170437996106394,0.015209658898485185,0.3677465414908755
2091,0.620994265359944,0.014729207716197257,0.3642765269238588
2092,0.6254609072832416,0.014240389914806945,0.3602987028019515
2093,0.6304661670553164,0.013770231166878266,0.35576360177780525
2094,0.6360265280220222,0.013349839269505216,0.3506236327084725
2095,0.6421508516254935,0.013014075878403,0.3448350724961036
2096,0.6488386849216481,0.01280098168740118,0.3383603333909506
2097,0.6560786537244815,0.012750927830547229,0.3311704184449713
2098,0.6638470779822054,0.01290548713656652,0.3232474348812281
2099,0.6721069641729293,0.013306043327102375,0.3145869924999683
