year,Model Uncertainty,Scenario Uncertainty,Inter-Annual Variability
1980,0.5393061814222292,0.00016250442594820534,0.4605313141518225
1981,0.5295020921949326,0.0001244542741090292,0.47037345353095833
1982,0.5206995783264945,9.182921602208118e-05,0.47920859245748343
1983,0.512817148304206,6.458438627687551e-05,0.48711826730951696
1984,0.5057639990728562,4.2572062228464106e-05,0.49419342886491535
1985,0.4994448749395762,2.5563282269636585e-05,0.5005295617781541
1986,0.49376414238744754,1.3268581054828497e-05,0.5062225890314976
1987,0.48862902011559833,5.356726408573021e-06,0.511365623157993
1988,0.4839519881194397,1.4708751182039799e-06,0.5160465410054421
1989,0.4796524550208323,1.2419067526975596e-06,0.5203463030724149
1990,0.47565779304810085,4.299003639823339e-06,0.5243379079482592
1991,0.47190386032675885,1.027770526820645e-05,0.5280858619679729
1992,0.46833512666036275,1.8825787489604772e-05,0.5316460475521476
1993,0.4649045055901383,2.9607334183818733e-05,0.5350658870756778
1994,0.4615729818579567,4.230538787685113e-05,0.5383847127541664
1995,0.45830910386267637,5.662351345509771e-05,0.5416342726238685
1996,0.4550883960321257,7.228659537987769e-05,0.5448393173724945
1997,0.451892731342752,8.904108646860229e-05,0.5480182275707796
1998,0.4487096924366058,0.00010665494347586606,0.5511836526199183
1999,0.4455319400292946,0.00012491739133452747,0.5543431425793709
2000,0.442356600984609,0.0001436386207315405,0.5574997603946595
2001,0.4391846818224714,0.00016264951230209298,0.5606526686652265
2002,0.436020511769966,0.0001818014401935372,0.5637976867898404
2003,0.4328712152968629,0.0002009661672127178,0.5669278185359244
2004,0.4297462138826394,0.00022003585898985984,0.5700337502583708
2005,0.4266567558037451,0.00023892319821764164,0.5731043209980371
2006,0.4236154734178305,0.0002575615872470371,0.5761269649949224
2007,0.42063596559577854,0.00027590539900339685,0.579088129005218
2008,0.41773240687486207,0.0002939302693655687,0.5819736628557723
2009,0.4149191822068991,0.00031163337675156865,0.5847691844163493
2010,0.41221054864204965,0.0003290336732229337,0.5874604176847273
2011,0.4096203252976037,0.00034617203876236436,0.590033502663634
2012,0.40716161295681674,0.00036311132573832043,0.592475275717445
2013,0.40484654571104184,0.0003799362422760401,0.5947735180466821
2014,0.40268607607445045,0.0003967531234079584,0.5969171708021417
2015,0.4006897950172437,0.0004136894286062875,0.59889651555415
2016,0.3988657893679765,0.0004308931241154569,0.6007033175079081
2017,0.3972205358793196,0.00044853182375388705,0.6023309322969265
2018,0.3957588329640418,0.0004667917524714691,0.6037743752834868
2019,0.39448376996155676,0.00048587648865490196,0.6050303535497883
2020,0.3933967314688549,0.0005060055602828779,0.6060972629708622
2021,0.39249743572327445,0.0005274128753963688,0.6069751514013293
2022,0.39178400382493866,0.0005503450196767714,0.6076656511553846
2023,0.39125305632648866,0.0005750594225504035,0.6081718842509609
2024,0.3908998339588208,0.0006018224655311355,0.6084983435756481
2025,0.39071833760443875,0.0006309075097184295,0.6086507548858429
2026,0.3907014836500552,0.000662592898736429,0.6086359234512083
2027,0.3908412697528914,0.0006971599439108586,0.6084615703031978
2028,0.391128947297648,0.0007348908992048863,0.6081361618031471
2029,0.39155519548119905,0.0007760669809178551,0.6076687375378831
2030,0.3921102941307698,0.0008209663699410158,0.6070687394992892
2031,0.3927842909822338,0.0008698623048133939,0.6063458467129528
2032,0.39356716052955015,0.000923021193316484,0.6055098182771333
2033,0.394448952239271,0.0009807007370377218,0.6045703470236913
2034,0.3954199258185117,0.0010431481561848184,0.6035369260253035
2035,0.39647067176199974,0.001110598407543238,0.6024187298304571
2036,0.3975922157878722,0.0011832724645399783,0.6012245117475878
2037,0.39877610801774915,0.0012613756118383264,0.5999625163704124
2038,0.4000144939193186,0.0013450958032846549,0.5986404102773968
2039,0.4013001694831141,0.001434602008535857,0.5972652285083501
2040,0.4026266191231229,0.0015300426505322024,0.5958433382263448
2041,0.40398803804732214,0.0016315440292322548,0.5943804179234455
2042,0.4053793387025731,0.0017392088275898332,0.5928814524698371
2043,0.40679614267346115,0.0018531146728329858,0.5913507426537059
2044,0.4082347592420909,0.00197331275264276,0.5897919280052663
2045,0.40969215067294146,0.002099826615344196,0.5882080227117144
2046,0.4111658859552206,0.0022326509711657976,0.5866014630736136
2047,0.41265408494070843,0.0023717507242624492,0.5849741643350291
2048,0.4141553515592301,0.0025170602227701268,0.5833275882179998
2049,0.41566870081552926,0.0026684826611388358,0.5816628165233318
2050,0.41719347786231437,0.0028258897229456585,0.57998063241474
2051,0.41872927210139593,0.0029891216499311423,0.578281606248673
2052,0.4202758277760669,0.003157987488974141,0.5765661847349589
2053,0.4218329516646822,0.003332265729214474,0.5748347826061033
2054,0.4234004202613919,0.00351170545177987,0.5730878742868283
2055,0.42497788760316557,0.003696027709621112,0.5713260846872134
2056,0.4265647956407395,0.0038849274837380147,0.5695502768755225
2057,0.428160288371535,0.004078075976172007,0.567761635652293
2058,0.4297631325313015,0.0042751234680623714,0.5659617440006361
2059,0.43137164499997327,0.004475702426731778,0.5641526525732949
2060,0.43298362981773436,0.004679431240172472,0.5623369389420931
2061,0.4345963261844012,0.0048859181526334505,0.5605177556629654
2062,0.4362063687104989,0.005094765685776912,0.5586988656037242
2063,0.43780976207379463,0.005305575202307894,0.5568846627238975
2064,0.43940187054240837,0.005517951886335974,0.5550801775712557
2065,0.4409774251249551,0.0057315097643072235,0.5532910651107377
2066,0.44253054886482057,0.005945876815927734,0.5515235743192517
2067,0.4440548017108061,0.006160700259766924,0.5497844980294269
2068,0.44554324623536906,0.006375651564214976,0.548081102200416
2069,0.44698853654775594,0.006590431526552709,0.5464210319256914
2070,0.4483830304100939,0.006804774987760842,0.5448121946021452
2071,0.44971892780304,0.007018455284642108,0.5432626169123178
2072,0.450988437397029,0.00723128840558197,0.5417802741973891
2073,0.45218397322964443,0.007443136536222094,0.5403728902341334
2074,0.4532983849369648,0.007653911191994752,0.5390477038710404
2075,0.45432522535742365,0.007863575692962532,0.5378111989496138
2076,0.4552590590706588,0.00807214686857709,0.5366687940607642
2077,0.4560958176948085,0.008279696045843242,0.5356244862593482
2078,0.45683320694923074,0.008486349011341503,0.5346804440394278
2079,0.45747117215413335,0.008692284927710858,0.5338365429181559
2080,0.4580124290907327,0.008897734110923464,0.5330898367983438
2081,0.45846306631513667,0.00910297406675607,0.5324339596181072
2082,0.4588332261110403,0.00930832419827887,0.531858449690681
2083,0.4591378677442579,0.009514138171274042,0.5313479940844682
2084,0.4593976155638435,0.009720793923200381,0.5308815905129561
2085,0.45963968911579306,0.009928681017988012,0.5304316298662191
2086,0.4598989043815596,0.010138184450476624,0.5299629111679638
2087,0.4602187268687365,0.010349664750102417,0.5294316083811612
2088,0.46065234000902455,0.010563433641732236,0.5287842263492432
2089,0.46126367612069097,0.010779725011756232,0.5279565988675529
2090,0.4621283295883665,0.010998660704142096,0.5268730097074914
2091,0.46333424519519445,0.011220211230142082,0.5254455435746636
2092,0.4649820394584119,0.011444151998767221,0.5235738085428208
2093,0.4671847781017957,0.011670016007948123,0.521145205890256
2094,0.47006700427102976,0.011897045067699771,0.5180359506612704
2095,0.47376279061519583,0.012124143223028681,0.5141130661617754
2096,0.47841259546721604,0.012349835977693187,0.509237568555091
2097,0.4841587400549736,0.01257224232113255,0.5032690176238938
2098,0.49113941705597686,0.012789065400067854,0.49607151754395523
2099,0.4994812858560819,0.012997609967015789,0.4875211041769024
