year,Model Uncertainty,Scenario Uncertainty,Inter-Annual Variability
1980,0.6650726666375477,0.001165379254809328,0.3337619541076429
1981,0.6493038839907459,0.0007671784770837909,0.34992893753217025
1982,0.6336347452783495,0.00047561869380148173,0.36588963602784896
1983,0.6181667246461382,0.00027636712739295374,0.381556908226469
1984,0.6029953698926465,0.0001547509128457043,0.3968498791945078
1985,0.5882083799242027,9.6244542113055e-05,0.4116953755336843
1986,0.5738840848923741,8.692247086368313e-05,0.4260289926367622
1987,0.5600903705748068,0.00011385548667871838,0.43979577393851454
1988,0.5468840515583798,0.00016543488056962877,0.45295051356105054
1989,0.5343106738868104,0.00023161462963100876,0.4654577114835586
1990,0.5224046988788869,0.00030406783834793853,0.47729123328276524
1991,0.511190008473009,0.0003762593060210244,0.48843373222097003
1992,0.5006806595137947,0.0004434405031751953,0.4988758999830302
1993,0.4908818149601035,0.0005025766601516615,0.5086156083797448
1994,0.4817907818040561,0.000552217744582683,0.5176570004513612
1995,0.4733980950972365,0.0005923260019755082,0.5260095789007879
1996,0.46568859481042746,0.0006240729297886118,0.5336873322597839
1997,0.4586424572710992,0.0006496175751244522,0.5407079251537763
1998,0.45223614956565267,0.0006718769777861104,0.5470919734565612
1999,0.4464432900509614,0.0006942981634915178,0.5528624117855471
2000,0.44123540527143335,0.0007206391555892045,0.5580439555729775
2001,0.4365825785880707,0.0007547652586801046,0.5626626561532492
2002,0.4324539967557915,0.0008004648869231866,0.5667455383572854
2003,0.42881839794602794,0.0008612882817382512,0.5703203137722338
2004,0.4256444341039453,0.0009404109468744649,0.5734151549491803
2005,0.42290095617346696,0.0010405226540712309,0.5760585211724617
2006,0.42055723338535794,0.0011637419924539402,0.5782790246221882
2007,0.4185831182577384,0.001311555967391937,0.5801053257748696
2008,0.4169491691584924,0.001484783113569451,0.5815660477279381
2009,0.4156267347474258,0.0016835585321118831,0.5826897067204623
2010,0.41458801349160684,0.0019073387899322981,0.583504647718461
2011,0.4138060907073552,0.00215492432067928,0.5840389849719655
2012,0.41325496119764177,0.002424496954620888,0.5843205418477374
2013,0.4129095399099336,0.0027136700296943573,0.5843767900603719
2014,0.41274566558257486,0.0030195485423078613,0.5842347858751172
2015,0.4127400975525072,0.0033387970289722865,0.5839211054185205
2016,0.4128705088594691,0.003667712799557253,0.5834617783409736
2017,0.41311547731692444,0.004002302418645013,0.5828822202644306
2018,0.41345447352473436,0.0043383595005787,0.5822071669746869
2019,0.41386784687364364,0.004671542320404739,0.5814606108059517
2020,0.41433681108080167,0.0049974495331512395,0.580665739386047
2021,0.41484342706771116,0.005311693077384358,0.5798448798549045
2022,0.4153705843342263,0.005609967307388768,0.5790194483583848
2023,0.415901982016742,0.005888113566395412,0.5782099044168626
2024,0.4164221068998038,0.006142180045539675,0.5774357130546566
2025,0.41691621096488424,0.006368476243370735,0.576715312791745
2026,0.41737028837742096,0.006563622500810818,0.5760660891217683
2027,0.41777104934470055,0.006724594219762671,0.5755043564355369
2028,0.41810589567865536,0.006848761154790061,0.5750453431665546
2029,0.41836289416874073,0.006933922295336085,0.5747031835359232
2030,0.41853075240350385,0.006978336111028841,0.5744909114854672
2031,0.41859879157138663,0.006980747135197985,0.5744204612934153
2032,0.4185569229697239,0.006940408841584621,0.5745026681886916
2033,0.4183956252858717,0.006857103228734441,0.5747472714853938
2034,0.41810592266938595,0.006731157847952271,0.5751629194826616
2035,0.4176793659782382,0.006563459635309418,0.5757571743864526
2036,0.41710801688957744,0.00635546687104601,0.5765365162393765
2037,0.41638443384061674,0.0061092183262233405,0.5775063478331599
2038,0.4155016629279763,0.005827340241184749,0.578670996830839
2039,0.4144532306424441,0.005513050982733567,0.5800337183748223
2040,0.41323314238452696,0.005170162731485504,0.5815966948839876
2041,0.41183588334118165,0.00480308066484909,0.5833610359939693
2042,0.41025642508675764,0.004416798395459142,0.5853267765177832
2043,0.4084902351653832,0.004016889830965992,0.5874928750036509
2044,0.40653329107968006,0.0036094964074773707,0.5898572125128426
2045,0.40438209878367926,0.0032013092287097836,0.5924165919876109
2046,0.40203371351356687,0.0027995453254865605,0.5951667411609466
2047,0.39948576567878225,0.0024119170303600044,0.5981023172908578
2048,0.39673648826634345,0.0020465939408713194,0.6012169177927853
2049,0.3937847463225198,0.0017121563452227422,0.6045030973322574
2050,0.39063006869466205,0.001417539470203835,0.6079523918351342
2051,0.3872726798244238,0.00117196772110554,0.6115553524544706
2052,0.38371353079924175,0.0009848783943156084,0.6153015908064426
2053,0.37995433060990963,0.0008658344216969539,0.6191798349683935
2054,0.37599757303758463,0.0008244257427364395,0.623178001219679
2055,0.3718465629772558,0.0008701596866274295,0.6272832773361169
2056,0.36750543518673295,0.001012340336236034,0.6314822244770311
2057,0.3629791714870392,0.0012599378929385439,0.6357608906200223
2058,0.35827360958777676,0.0016214489223918866,0.6401049414898313
2059,0.3533954492021927,0.0021047490979451376,0.6444998016998622
2060,0.34835224896181194,0.0027169403313263016,0.6489308107068618
2061,0.34315242018473263,0.0034641945011914584,0.653383385314076
2062,0.3378052181471515,0.0043515963515452704,0.6578431855013032
2063,0.3323207279598065,0.005382988787051643,0.6622962832531418
2064,0.3267098525250048,0.006560823339600549,0.6667293241353948
2065,0.32098430589800997,0.007886019177732637,0.6711296749242573
2066,0.3151566113631214,0.009357833855943081,0.6754855547809354
2067,0.30924011683923147,0.010973749010870419,0.6797861341498982
2068,0.3032490257647177,0.01272937353352452,0.6840216007017579
2069,0.29719845908886816,0.01461836684810851,0.6881831740630233
2070,0.29110454783629286,0.016632384392946682,0.6922630677707605
2071,0.28498457071794586,0.01876104620713918,0.6962543830749149
2072,0.2788571451808728,0.020991930569745274,0.700150924249382
2073,0.2727424807770624,0.02331059149459448,0.7039469277283431
2074,0.26666270496440553,0.02570060203520648,0.707636693000388
2075,0.26064227419850045,0.028143620917494887,0.7112141048840046
2076,0.2547084777159969,0.030619484843919857,0.7146720374400832
2077,0.24889204392578812,0.03310632395810077,0.7180016321161111
2078,0.2432278593712188,0.03558070269058063,0.7211914379382005
2079,0.2377558018613927,0.038017787700817395,0.7242264104377898
2080,0.23252169019496613,0.04039154559661484,0.727086764208419
2081,0.22757834497317422,0.042674976435162104,0.7297466785916635
2082,0.22298674583709635,0.044840390379097234,0.7321728637838063
2083,0.21881726003513843,0.04685973798873188,0.7343230019761297
2084,0.21515089530698434,0.048705008398318976,0.7361440962946967
2085,0.21208051615888526,0.05034871125905589,0.7375707725820589
2086,0.20971192664573504,0.0517644616904031,0.7385236116638618
2087,0.20816469388762826,0.052927687324372565,0.7389076187879993
2088,0.2075725437075038,0.05381647754045769,0.7386109787520385
2089,0.20808311724398923,0.05441258884095481,0.7375042939150559
2090,0.20985683742611236,0.054702610351061214,0.7354405522228263
2091,0.21306459887669282,0.05467928085613306,0.7322561202671742
2092,0.2178839829331334,0.054342921710451575,0.727773095356415
2093,0.22449373066296574,0.05370291987282452,0.7218033494642097
2094,0.23306627747842182,0.05277915751305336,0.7141545650085248
2095,0.24375831693861008,0.05160323752526239,0.7046384455361274
2096,0.2566995920324284,0.05021931779474826,0.6930810901728233
2097,0.2719804357710553,0.048684336919442885,0.6793352273095017
2098,0.28963895756812047,0.047067413352011325,0.6632936290798682
2099,0.3096491375731305,0.04544823691756383,0.6449026255093057
