year,Model Uncertainty,Scenario Uncertainty,Inter-Annual Variability
1980,0.5660821937696248,0.0014556947440462634,0.43246211148632885
1981,0.5550354982891172,0.0010722433222247396,0.44389225838865803
1982,0.544476478542405,0.0007656599577515481,0.4547578614998435
1983,0.534393933732186,0.0005258446092572215,0.4650802216585568
1984,0.5247732224325132,0.0003435840805519283,0.47488319348693486
1985,0.5155981342749006,0.0002106452576683343,0.484191220467431
1986,0.5068525347210228,0.00011980039038483047,0.4930276648885923
1987,0.4985217489006903,6.479721278097133e-05,0.5014134538865288
1988,0.4905936698813625,4.0286579092730806e-05,0.5093660435395447
1989,0.4830595898317069,4.172009790877668e-05,0.5168986900703844
1990,0.475914768537487,6.5228785156771e-05,0.5240200026773563
1991,0.46915875624076886,0.00010749263646841034,0.5307337511227628
1992,0.4627954854944894,0.00016560935952193104,0.5370389051459887
1993,0.456833164537562,0.00023696935117662423,0.5429298661112614
1994,0.4512839840917983,0.00031914258351039226,0.5483968733246913
1995,0.4461636663923457,0.00040978213367142915,0.5534265514739829
1996,0.44149087597049125,0.0005065480198549522,0.5580025760096539
1997,0.4372865158710933,0.0006070543490029245,0.5621064297799038
1998,0.4335729322132949,0.0007088415372924242,0.5657182262494127
1999,0.4303730560764414,0.0008093751767788096,0.5688175687467797
2000,0.4277095033889944,0.0009060714814319692,0.5713844251295738
2001,0.4256036686296132,0.0009963491766977423,0.573399982193689
2002,0.4240748326759925,0.0010777061247380457,0.5748474611992695
2003,0.42313932309770763,0.0011478186794392554,0.5757128582228531
2004,0.42280974524934434,0.00120466027923744,0.5759855944714183
2005,0.423094316257026,0.001246635952926505,0.5756590477900476
2006,0.4239963185569681,0.0012727276710007543,0.5747309537720311
2007,0.42551369243207077,0.0012826464255434296,0.5732036611423859
2008,0.42763877710987375,0.0012769855772172016,0.571084237312909
2009,0.4303582017132344,0.0012573707410349474,0.5683844275457306
2010,0.4336529288494209,0.0012266018321080052,0.5651204693184712
2011,0.4374984357429935,0.0011887829550462695,0.5613127813019603
2012,0.44186502405398237,0.0011494369448874816,0.5569855390011302
2013,0.446718235823153,0.0011156018907763894,0.5521661622860706
2014,0.45201935373253166,0.0010959078098276825,0.5468847384576406
2015,0.4577259648865843,0.0011006324155537108,0.541173402697862
2016,0.4637925584725193,0.0011417358474044954,0.5350657056800763
2017,0.47017114184015896,0.0012328741892356264,0.5285959839706054
2018,0.47681184583032055,0.0013893927862606145,0.5217987613834187
2019,0.48366350891372845,0.001628299955986307,0.5147081911302852
2020,0.4906742216466883,0.0019682220385355705,0.5073575563147762
2021,0.49779182266635474,0.0024293407378388264,0.4997788365958064
2022,0.5049643393393928,0.0030333131363814627,0.49200234752422567
2023,0.5121403710995305,0.003803175061931979,0.4840564538385376
2024,0.519269414659889,0.004763227227663966,0.47596735811244706
2025,0.5263021363301132,0.005938904518976855,0.4677589591509099
2026,0.5331905925304742,0.007356627066910513,0.4594527804026153
2027,0.5398884119705967,0.009043632616944635,0.4510679554124587
2028,0.5463509399892637,0.0110277890408333,0.442621270969903
2029,0.5525353589096609,0.013337385694793548,0.4341272553955457
2030,0.5584007890136771,0.01600090336653202,0.42559830761979095
2031,0.5639083807694241,0.01904676120403393,0.417044858026542
2032,0.5690214036544207,0.02250304110319745,0.40847555524238177
2033,0.5737053357470385,0.026397190764066897,0.39989747348889454
2034,0.5779279649638375,0.030755704394068432,0.39131633064209415
2035,0.5816594963365094,0.035603786447832624,0.38273671721565805
2036,0.5848726759382163,0.04096499923001771,0.3741623248317659
2037,0.5875429250792964,0.046860899654122275,0.3655961752665814
2038,0.5896484869803156,0.05331067203534579,0.3570408409843387
2039,0.5911705813057154,0.06033076150742239,0.34849865718686224
2040,0.5920935648824444,0.06793451739398826,0.33997191772356733
2041,0.5924050884939588,0.07613185571772761,0.3314630557883136
2042,0.592096248997199,0.08492894832767413,0.3229748026751268
2043,0.5911617251792365,0.09432795067886339,0.3145103241419002
2044,0.5895998921972789,0.1043267759778312,0.30607333182488994
2045,0.5874129066083386,0.11491892570498574,0.2976681676866757
2046,0.5846067542944607,0.1260933852094243,0.28929986049611506
2047,0.5811912557403054,0.1378345901263636,0.2809741541333311
2048,0.5771800238236032,0.15012246823169112,0.2726975079447057
2049,0.5725903682196002,0.16293256189997352,0.2644770698804264
2050,0.5674431472375152,0.17623622860471042,0.25632062415777435
2051,0.5617625657182181,0.19000091855126736,0.24823651573051453
2052,0.5555759196932533,0.2041905252452438,0.24023355506150298
2053,0.5489132947691648,0.2187657988571148,0.23232090637372044
2054,0.5418072212788165,0.23368481580259823,0.2245079629185853
2055,0.5342922949313292,0.24890349079755228,0.2168042142711184
2056,0.5264047713266027,0.2643761188684397,0.20921910980495753
2057,0.5181821438665897,0.28005593398666473,0.20176192214674546
2058,0.5096627154730412,0.2958956693293128,0.19444161519764605
2059,0.5008851739334157,0.311848106103419,0.18726671996316527
2060,0.4918881806205616,0.3278665976819904,0.18024522169744794
2061,0.4827099811815138,0.3439055579305649,0.17338446088792142
2062,0.4733880464497758,0.3599209039334531,0.16669104961677123
2063,0.4639587496658638,0.37587044510942763,0.16017080522470858
2064,0.45445708489097225,0.3917142139323682,0.15382870117665953
2065,0.4449164302398158,0.40741473410994045,0.14766883565024375
2066,0.43536835703934906,0.4229372260459995,0.14169441691465137
2067,0.4258424858885186,0.4382497493806309,0.13590776473085053
2068,0.4163663875936831,0.45332328653616133,0.13031032587015554
2069,0.40696552842318845,0.4681317687380925,0.12490270283871908
2070,0.3976632537760476,0.482652053219898,0.11968469300405435
2071,0.388480810558483,0.4968638525492489,0.11465533689226816
2072,0.37943739849839014,0.5107496281655898,0.10981297333602008
2073,0.3705502517983545,0.5242944485536304,0.1051552996480151
2074,0.3618347411221879,0.5374858238724276,0.10067943500538447
2075,0.3533044943293613,0.5503135202046314,0.09638198546600722
2076,0.34497153225191296,0.5627693584160441,0.0922591093320429
2077,0.33684641176419605,0.5748470069569017,0.08830658127890209
2078,0.3289383767370335,0.5865417687475131,0.08451985451545341
2079,0.32125550981349305,0.5978503701276042,0.0808941200589026
2080,0.31380488577466686,0.608770751496014,0.07742436272931906
2081,0.3065927202667031,0.6193018669613923,0.07410541277190447
2082,0.29962451538536766,0.6294434908851446,0.07093199372948761
2083,0.2929051974145147,0.6391960369294267,0.06789876565605849
2084,0.2864392478236282,0.6485603881927838,0.0650003639835879
2085,0.2802308248913516,0.6575377410379136,0.06223143407073471
2086,0.2742838764367318,0.6661294620653433,0.05958666149792486
2087,0.2686022419099904,0.6743369597046759,0.05706079838533369
2088,0.2631897449176081,0.6821615691986325,0.05464868588375938
2089,0.2580502743556886,0.689604452477131,0.05234527316718026
2090,0.2531878559983978,0.6966665108425445,0.05014563315905756
2091,0.2486067129974738,0.7033483116576029,0.04804497534492319
2092,0.24431131609580445,0.7096500279577345,0.04603865594646109
2093,0.2403064236411402,0.715571390713562,0.044122185645297865
2094,0.23659711129486585,0.721111653472647,0.04229123523248705
2095,0.23318879203420217,0.726269568499172,0.04054163946662582
2096,0.2300872261629637,0.7310433745865665,0.038869399250469595
2097,0.22729852182682295,0.7354307957131924,0.03727068245998469
2098,0.22482912590652346,0.7394290505456759,0.03574182354780066
2099,0.22268580599549667,0.7430348717882649,0.034279322216238466
