year,Model Uncertainty,Scenario Uncertainty,Inter-Annual Variability
1980,0.585591163316145,0.0006082701046114746,0.4138005665792434
1981,0.5786871516590042,0.00032415358729527365,0.4209886947537005
1982,0.5720981398277881,0.0001456409775252128,0.42775621919468665
1983,0.5658033042355721,4.691773257459169e-05,0.4341497780318532
1984,0.5597792837141493,5.893493693858144e-06,0.4402148227921567
1985,0.5540013562393984,4.127392464456582e-06,0.4459945163681372
1986,0.5484444512053164,2.664008583392566e-05,0.4515289087088497
1987,0.5430839956921862,6.164601431129463e-05,0.45685435829350246
1988,0.5378966032117918,0.00010023444453443922,0.46200316234367383
1989,0.5328606188176577,0.00013602257203343957,0.46700335861030884
1990,0.5279565352259548,0.0001647988231294841,0.4718786659509157
1991,0.523167300003563,0.00018416999958198557,0.476648529996855
1992,0.5184785270725555,0.00019322196378337183,0.48132825096366105
1993,0.5138786305922424,0.00019220059418189342,0.4859291688135758
1994,0.5093588916716925,0.0001822173913737516,0.49045889093693384
1995,0.5049134703852052,0.00016498231536050002,0.49492154729943444
1996,0.5005393706936686,0.00014256543567648115,0.4993180638706549
1997,0.4962363656280257,0.00011718807509520088,0.5036464462968792
1998,0.4920068881847959,9.104373499991183e-05,0.5079020680802041
1999,0.48785589091726766,6.614890433159963e-05,0.5120779601784008
2000,0.4837906786085764,4.4223645407048524e-05,0.5161650977460166
2001,0.4798207151999421,2.6601915084059036e-05,0.5201526828849738
2002,0.4759574080879571,1.4171471359708252e-05,0.5240284204406832
2003,0.4722138707924616,7.343217955884828e-06,0.5277787859895825
2004,0.4686046666377373,6.049719475759214e-06,0.531389283642787
2005,0.4651455357467959,9.772440670175372e-06,0.5348446918125339
2006,0.4618531069741998,1.7597055066982107e-05,0.5381292959707332
2007,0.4587445991824025,2.829584325372403e-05,0.5412271049743437
2008,0.45583751323112714,4.0435844962293745e-05,0.5441220509239106
2009,0.4531493200843592,5.251101227162839e-05,0.5467981689033693
2010,0.4506971471487095,6.309615247995609e-05,0.5492397566988104
2011,0.4484974681187033,7.102003194856584e-05,0.5514315118493481
2012,0.4465657991915468,7.555452045923833e-05,0.553358646287994
2013,0.4449164060360145,7.661622184569397e-05,0.5550069777421398
2014,0.4435620254136364,7.497668103056032e-05,0.5563629979053331
2015,0.4425136040361575,7.247687082401391e-05,0.5574139190930184
2016,0.4417800583171708,7.22413954830081e-05,0.5581477002873462
2017,0.44136805704680915,7.888758564391317e-05,0.5585530553675468
2018,0.4412818301781203,9.872454846724678e-05,0.5586194452734126
2019,0.441523003316187,0.00013993702172035842,0.5583370596620926
2020,0.4420904615527599,0.00021274894392654307,0.5576967895033136
2021,0.4429802420038276,0.0003295615623159408,0.5566901964338563
2022,0.444185456152923,0.0005050610016372652,0.5553094828454397
2023,0.44569624272238584,0.0007562903068981749,0.5535474669707159
2024,0.4474997514506332,0.0011026812098034054,0.5513975673395634
2025,0.4495801578441812,0.001566041061756956,0.5488538010940619
2026,0.45191871031649533,0.0021704907851244717,0.5459107988983802
2027,0.4544938093765143,0.002942350279229977,0.5425638403442556
2028,0.4572811209363437,0.0039099681276260085,0.5388089109360302
2029,0.4602537235900454,0.005103493741249155,0.5346427826687054
2030,0.46338229125331876,0.0065545904792628906,0.5300631182674183
2031,0.46663531262564023,0.008296090209449486,0.5250685971649103
2032,0.46997934688795967,0.010361590962574142,0.5196590621494661
2033,0.4733793170041131,0.012785000844152801,0.5138356821517341
2034,0.47679883889133956,0.015600034171988842,0.5076011269366716
2035,0.4802005862292889,0.018839666530538715,0.5009597472401724
2036,0.4835466867327238,0.02253555911760258,0.4939177541496737
2037,0.48679914733893237,0.02671746356726021,0.48648338909380745
2038,0.4899203022391996,0.03141262118088628,0.47866707657991414
2039,0.49287327607733206,0.036645172176561276,0.4704815517461066
2040,0.4956224556271562,0.0424355908988827,0.461941953473961
2041,0.4981339581713391,0.0488001651510669,0.4530658766775939
2042,0.5003760878156507,0.055750535772349626,0.4438733764119996
2043,0.5023197667881842,0.06329331350387574,0.4343869197079399
2044,0.5039389308469527,0.07142978741970077,0.4246312817333466
2045,0.5052108774017058,0.08015573698499574,0.4146333856132985
2046,0.5061165569191025,0.08946135642869042,0.4044220866522071
2047,0.5066407966481705,0.09933129679551983,0.39402790655630976
2048,0.5067724528595569,0.10974482582811254,0.3834827213123306
2049,0.5065044846436196,0.12067610245938691,0.37281941289699344
2050,0.5058339492727252,0.13209455749547808,0.36207149323179677
2051,0.5047619188850501,0.14396536918424077,0.35127271193070914
2052,0.5032933239220244,0.15625001784201203,0.3404566582359636
2053,0.501436728424842,0.16890690133594874,0.3296563702392092
2054,0.49920404617002456,0.1818919936310797,0.3189039601988957
2055,0.49661020832084407,0.19515952401076067,0.3082302676683953
2056,0.49367279354558746,0.20866265866842226,0.29766454778599033
2057,0.4904116332638316,0.2223541651867504,0.28723420154941803
2058,0.4868484033491692,0.23618704358520096,0.27696455306562984
2059,0.4830062143525115,0.25011510945815635,0.2668786761893321
2060,0.4789092110569946,0.26409351734124425,0.25699727160176117
2061,0.4745821896786414,0.2780792173000371,0.24733859302132147
2062,0.470050241578641,0.2920313380115478,0.23791842040981126
2063,0.46533842882932885,0.30591149514317434,0.22875007602749678
2064,0.4604714959973734,0.31968402514614724,0.21984447885647926
2065,0.45547362097553923,0.33331614695786216,0.2112102320665986
2066,0.45036820589391346,0.34677805666710343,0.20285373743898313
2067,0.4451777083569121,0.36004295990709323,0.19477933173599465
2068,0.439923510850176,0.3730870504808556,0.18698943866896833
2069,0.4346258268015331,0.38588944133925546,0.17948473185921146
2070,0.4293036402234787,0.39843205616229205,0.17226430361422926
2071,0.42397467572252817,0.41069948873596146,0.16532583554151026
2072,0.4186553953776953,0.4226788371372342,0.15866576748507055
2073,0.41336101820903237,0.43435952031741304,0.15227946147355464
2074,0.408105559925135,0.44573308122410593,0.14616135885075907
2075,0.40290188801747273,0.4567929837497073,0.14030512823281993
2076,0.3977617903853583,0.4675344060992218,0.13470380351541977
2077,0.3926960534572417,0.4779540357441633,0.12934991079859504
2078,0.3877145479766165,0.4880498681641694,0.12423558385921406
2079,0.38282631975069065,0.4978210120467833,0.11935266820252606
2080,0.37803968359956897,0.5072675026772588,0.11469281372317214
2081,0.37336231895229566,0.5163901246865971,0.11024755636110722
2082,0.3688013652931174,0.5251902453071969,0.10600838939968565
2083,0.364363517285064,0.5336696578636497,0.10196682485128632
2084,0.3600551176423735,0.5418304365113902,0.09811444584623631
2085,0.35588224772612603,0.5496748017030902,0.09444295057078364
2086,0.35185081589398065,0.5572049953191713,0.09094418878684797
2087,0.3479666415902522,0.5644231670746612,0.08761019133508646
2088,0.3442355373197715,0.5713312689496274,0.08443319373060118
2089,0.3406633859528477,0.577930959792373,0.0814056542547794
2090,0.33725621531258626,0.5842235172675397,0.07852026741987406
2091,0.3340202686039491,0.5902097581520053,0.07576997324404564
2092,0.3309620714790674,0.5958899654613072,0.07314796305962543
2093,0.32808849517882654,0.6012638225596796,0.07064768226149382
2094,0.3254068161998186,0.6063303532918605,0.06826283050832094
2095,0.32292477182687424,0.611087868369733,0.0659873598033928
2096,0.3206506117918988,0.6155339174356594,0.06381547077244173
2097,0.3185931459698467,0.6196652464497955,0.06174160758035784
2098,0.3167617869213512,0.6234777614340411,0.05976045164460772
2099,0.31516658816294507,0.6269664973061949,0.05786691453085989
