year,Model Uncertainty,Scenario Uncertainty,Inter-Annual Variability
1980,0.33850294988694696,0.003474213514457718,0.6580228365985952
1981,0.3282939203059665,0.002101785883273484,0.66960429381076
1982,0.3192466390485596,0.0011569745051508448,0.6795963864462894
1983,0.3113261153694257,0.0005552151071309113,0.6881186695234434
1984,0.30448961699403915,0.00021934855260912498,0.6952910344533517
1985,0.2986910298519233,8.110923161695334e-05,0.7012278609164597
1986,0.29388427991269017,8.18412533420506e-05,0.7060338788339677
1987,0.2900258201293923,0.0001726050220966149,0.7098015748485111
1988,0.2870762462459802,0.0003138326551859752,0.7126099210988338
1989,0.2850011585361634,0.0004746724913177875,0.7145241689725188
1990,0.28377138962659637,0.0006321376642874215,0.7155964727091161
1991,0.283362733008815,0.0007701485604147463,0.7158671184307703
1992,0.2837552936920253,0.0008785350992924696,0.7153661712086821
1993,0.28493257202542555,0.0009520459195439556,0.7141153820550306
1994,0.2868803801054749,0.0009893961767540942,0.7121302237177711
1995,0.28958567896722287,0.000992375106941147,0.709421945925836
1996,0.2930354093412362,0.0009650268338437751,0.7059995638249199
1997,0.2972153838590993,0.0009129130569431323,0.7018717030839576
1998,0.30210928971233,0.0008424630651187426,0.6970482472225512
1999,0.307697848145718,0.0007604146329911669,0.6915417372212908
2000,0.3139581638571664,0.0006733473333542242,0.6853684888094794
2001,0.3208632822846057,0.0005873090456469582,0.6785494086697473
2002,0.3283819641371611,0.0005075345079435528,0.6711105013548954
2003,0.33647867888224164,0.00043825298040647484,0.663083068137352
2004,0.34511379862521435,0.00038258073067674517,0.6545036206441089
2005,0.3542439731111221,0.0003424915648139074,0.645413535324064
2006,0.3638226552628505,0.00031885747838120143,0.6358584872587684
2007,0.3738007390413514,0.0003115492881994691,0.6258877116704492
2008,0.38412727327404794,0.0003195868358760356,0.615553139890076
2009,0.39475021161759694,0.0003413269453136025,0.6049084614370895
2010,0.40561715926901465,0.0003746779371602551,0.5940081627938251
2011,0.41667608871490835,0.00041732962487264124,0.582906581660219
2012,0.4278759911836315,0.0004669887137539625,0.5716570201026145
2013,0.43916744724091134,0.0005216111757841744,0.5603109415833045
2014,0.45050309980528325,0.0005796240842980008,0.5489172761104187
2015,0.4618380231806444,0.0006401317798834547,0.5375218450394721
2016,0.4731299862240796,0.0007031022167008622,0.5261669115592195
2017,0.48433961287926514,0.0007695312430522783,0.5148908558776826
2018,0.49543044748343495,0.0008415836432341033,0.503727968873331
2019,0.5063689356925363,0.0009227109756809707,0.4927083533317828
2020,0.517124331820305,0.0010177468755975777,0.48185792130409727
2021,0.5276685478715508,0.0011329810825147482,0.47119847104593443
2022,0.5379759556347191,0.0012762137278408581,0.46074783063744
2023,0.5480231548000972,0.001456791520307561,0.45052005367959524
2024,0.5577887198482654,0.0016856272288105986,0.4405256529229241
2025,0.5672529367513366,0.0019752038191957937,0.43077185942946755
2026,0.5763975367932516,0.0023395641208530287,0.4212628990858954
2027,0.5852054390137563,0.002794286516068324,0.41200027447017534
2028,0.59366050370067,0.003356446892838147,0.4029830494064918
2029,0.6017473079960627,0.004044566412268325,0.39420812559166896
2030,0.6094509427588831,0.0048785447134834965,0.3856705125276333
2031,0.6167568388217936,0.005879577061702106,0.3773635841165043
2032,0.6236506231058664,0.007070054892200362,0.3692793220019332
2033,0.6301180064631989,0.00847344780655277,0.3614085457302483
2034,0.6361447077882637,0.010114165519326859,0.35374112669240937
2035,0.6417164114913426,0.012017398507864045,0.34626619000079334
2036,0.6468187624273116,0.014208936159579666,0.33897230141310875
2037,0.6514373963765051,0.01671496079313275,0.33184764283036217
2038,0.6555580059728507,0.019561817494839217,0.32488017653231016
2039,0.6591664423908474,0.022775759534451406,0.31805779807470097
2040,0.6622488497031767,0.026382669603503533,0.3113684806933197
2041,0.6647918312980177,0.030407758918269957,0.3048004097837125
2042,0.6667826440170508,0.034875245982528204,0.29834211000042093
2043,0.668209417759124,0.03980801860129505,0.291982563639581
2044,0.6690613954451368,0.04522728353140257,0.2857113210234607
2045,0.669329188881421,0.05115220923284406,0.2795186018857349
2046,0.669005043942666,0.05759956788285056,0.27339538817448344
2047,0.6680831078604523,0.0645833849456794,0.2673335071938682
2048,0.6665596932726601,0.07211460351163392,0.26132570321570603
2049,0.6644335303254844,0.08020077233559024,0.2553656973389254
2050,0.6617059983722803,0.0888457668731358,0.24944823475458394
2051,0.6583813302377601,0.09804955242647094,0.2435691173357689
2052,0.6544667817039579,0.10780799656382886,0.2377252217322132
2053,0.6499727594546653,0.11811273961823883,0.23191450092709598
2054,0.6449128999089322,0.128951129664751,0.22613597042631678
2055,0.6393040983833878,0.14030622469257603,0.2203896769240362
2056,0.633166480728156,0.15215686728839697,0.21467665198344707
2057,0.626523318737148,0.16447783147711886,0.20899884978573316
2058,0.6194008901678543,0.17724003916708883,0.2033590706650569
2059,0.6118282844915873,0.1904108430636931,0.19776087244471965
2060,0.6038371590238665,0.20395437025963473,0.19220847071649885
2061,0.5954614511284191,0.21783191766965992,0.18670663120192096
2062,0.5867370541079467,0.23200238954422542,0.1812605563478279
2063,0.577701465695659,0.24642276562626433,0.1758757686780765
2064,0.5683934169509107,0.26104858912295364,0.1705579939261357
2065,0.5588524925819319,0.2758344610125721,0.16531304640549585
2066,0.549118751034112,0.2907345295578966,0.1601467194079914
2067,0.5392323547982597,0.30570296301617106,0.1550646821855693
2068,0.5292332183477928,0.3206943953195826,0.1500723863326246
2069,0.5191606826093651,0.3356643354549004,0.14517498193573453
2070,0.5090532186730501,0.35056953552131065,0.14037724580563934
2071,0.4989481705990341,0.3653683077692095,0.13568352163175643
2072,0.48888153638635173,0.38002079103306474,0.1310976725805836
2073,0.47888779106646573,0.3944891625905674,0.12662304634296692
2074,0.46899975204652655,0.40873779593465837,0.12226245201881511
2075,0.45924848646989425,0.42273336517669025,0.11801814835341558
2076,0.4496632571577763,0.4364449006557276,0.11389184218649608
2077,0.44027150769116946,0.4498437962634163,0.1098846960454142
2078,0.4310988786651364,0.46290377744521144,0.10599734388965219
2079,0.42216925722254645,0.47560082941749454,0.10222991335995893
2080,0.41350484898292955,0.48791309735656613,0.09858205366050429
2081,0.4051262739403177,0.4998207584115646,0.09505296764811773
2082,0.39705267810036965,0.51130587487259,0.09164144702704033
2083,0.38930185825453456,0.5223522322450874,0.0883459095003781
2084,0.381890396320606,0.5329451664627065,0.08516443721668751
2085,0.37483379724983623,0.5430713874800956,0.08209481527006801
2086,0.368146629516382,0.5527188005525722,0.07913456993104591
2087,0.36184266317601127,0.5618763310203437,0.07628100580364498
2088,0.35593500411693396,0.5705337543400041,0.07353124154306183
2089,0.350436220304589,0.5786815359588086,0.07088224373660244
2090,0.34535845931752035,0.5863106819132616,0.06833085876921803
2091,0.3407135540383823,0.5934126035240422,0.06587384243757546
2092,0.3365131157525641,0.5999789970200965,0.06350788722733948
2093,0.3327686121933767,0.6060017405216067,0.06122964728501664
2094,0.3294914299778249,0.6114728089530235,0.05903576106915164
2095,0.32669291973115244,0.6163842084984993,0.056922871770348146
2096,0.3243844230826727,0.6207279313730719,0.05488764554425533
2097,0.32257728106306777,0.6244959311084787,0.05292678782845358
2098,0.3212828224224491,0.6276801199502212,0.0510370576273297
2099,0.32051233180887984,0.6302723879482383,0.049215280242881895
