year,Model Uncertainty,Scenario Uncertainty,Inter-Annual Variability
1980,0.47789813376179574,0.004389667606055992,0.5177121986321482
1981,0.4612985527254613,0.0028824192992786806,0.53581902797526
1982,0.44499471116181605,0.0017571662334417446,0.5532481226047422
1983,0.42904353759449065,0.0009607162802705403,0.5699957461252388
1984,0.4134882340303754,0.0004405643579335712,0.5860712016116911
1985,0.3983593271030104,0.00014641798879594983,0.6014942549081937
1986,0.3836760868116171,3.1386038199159826e-05,0.6162925271501838
1987,0.3694481685369617,5.2832389115616076e-05,0.6304989990739227
1988,0.3556773464875986,0.000172917944808868,0.6441497355675926
1989,0.34235923163676807,0.00035886855353004177,0.6572818998097019
1990,0.3294848958814398,0.0005830136964615649,0.6699320904220986
1991,0.3170423440018347,0.0008226426259154707,0.6821350133722499
1992,0.30501780283515,0.0010597226570746767,0.6939224745077753
1993,0.29339680769757603,0.001280519874369428,0.7053226724280545
1994,0.28216508702640875,0.001475156590306288,0.716359756383285
1995,0.27130924931053263,0.0016371343038212478,0.7270536163856461
1996,0.2608172864792327,0.0017628445409519973,0.7374198689798153
1997,0.25067891272564685,0.0018510855280577689,0.7474700017462955
1998,0.240885756054642,0.0019025979586230867,0.757211645986735
1999,0.23143142514467907,0.0019196297973512147,0.7666489450579698
2000,0.22231146588533374,0.001905537416511448,0.7757829966981549
2001,0.21352323643935028,0.0018644285060194438,0.7846123350546303
2002,0.2050657088977252,0.0018008503470829842,0.7931334407551918
2003,0.19693922186471907,0.0017195263122117758,0.8013412518230691
2004,0.18914519600983887,0.0016251423215223409,0.8092296616686387
2005,0.18168583129017604,0.00152218422565243,0.8167919844841716
2006,0.1745637937109741,0.0014148267807079025,0.8240213795083179
2007,0.16778191034092654,0.0013068737383479829,0.8309112159207255
2008,0.16134287836399633,0.0012017483153935994,0.8374553733206102
2009,0.15524899890043128,0.0011025325655172463,0.8436484685340515
2010,0.14950194506499817,0.0010120534803397913,0.849486001454662
2011,0.14410256713846872,0.0009330128907821081,0.8549644199707492
2012,0.13905074051922015,0.000868157758408578,0.8600811017223713
2013,0.13434525790565413,0.0008204871305483685,0.8648342549637975
2014,0.12998376743762072,0.0007934907329188735,0.8692227418294605
2015,0.1259627543589624,0.0007914147456840061,0.8732458308953536
2016,0.12227756474927452,0.0008195489941815477,0.8769028862565439
2017,0.11892246582719877,0.0008845302346081083,0.8801930039381931
2018,0.11589074102011318,0.0009946551423772407,0.8831146038375095
2019,0.11317481029330163,0.0011601968923169283,0.8856649928143815
2020,0.11076637277614217,0.0013937185159400604,0.8878399087079178
2021,0.10865656378478579,0.0017103754745581633,0.8896330607406561
2022,0.10683612048938443,0.002128200017332615,0.8910356794932829
2023,0.10529554778990928,0.0026683580516284923,0.8920360941584622
2024,0.1040252814332849,0.0033553691717839594,0.892619349394931
2025,0.10301584085875705,0.004217279588267526,0.8927668795529754
2026,0.10225796384063386,0.0052857750201638475,0.8924562611392024
2027,0.10174272406274876,0.006596221452174402,0.8916610544850768
2028,0.10146162133948593,0.008187619486490364,0.8903507591740238
2029,0.10140664456579399,0.01010245762746177,0.8884908978067443
2030,0.10157030249780423,0.012386449413549827,0.886043248088646
2031,0.10194562215202672,0.015088140248831126,0.8829662375991421
2032,0.10252611020715352,0.018258370912637004,0.8792155188802095
2033,0.10330568212484531,0.021949588591849468,0.8747447292833053
2034,0.10427855436844193,0.02621499941596445,0.8695064462155936
2035,0.10543910781118387,0.031107562655017167,0.8634533295337989
2036,0.10678172165949776,0.03667883708834326,0.8565394412521589
2037,0.10830058587460756,0.042977695154924854,0.8487217189704676
2038,0.10998949935920564,0.05004893562810666,0.8399615650126877
2039,0.11184166227727468,0.05793183204600063,0.8302265056767247
2040,0.11384947280027372,0.06665867212672553,0.8194918550730008
2041,0.1160043395844364,0.07625334356651893,0.8077423168490447
2042,0.1182965231470296,0.08673003918782103,0.7949734376651495
2043,0.12071501400806542,0.09809214598896429,0.7811928400029702
2044,0.1232474621920743,0.11033139565072267,0.7664211421572029
2045,0.1258801617404599,0.12342733028684118,0.7506925079726989
2046,0.12859809973667677,0.1373471396855808,0.7340547605777423
2047,0.13138506726382818,0.1520458965928878,0.716569036143284
2048,0.1342238339807593,0.16746720211837424,0.6983089639008665
2049,0.13709637569341712,0.1835442235955203,0.6793594007110626
2050,0.13998414997039574,0.20020109097275057,0.6598147590568536
2051,0.14286840416416094,0.2173545806595712,0.6397770151762677
2052,0.1457304984515162,0.23491602080311202,0.6193534807453718
2053,0.14855223654954963,0.2527933144278525,0.5986544490225978
2054,0.15131617940440775,0.27089299840209474,0.5777908221934975
2055,0.15400593500252144,0.28912223742260257,0.556871827574876
2056,0.15660641079223775,0.3073906768936125,0.5360029123141496
2057,0.1591040206738863,0.3256120831330661,0.5152838961930475
2058,0.16148684244989567,0.34370572531485055,0.49480743223525364
2059,0.16374472373823787,0.3615974660892509,0.4746578101725112
2060,0.16586933815497726,0.37922054943199734,0.4549101124130255
2061,0.16785419735693521,0.3965160927942346,0.43562970984883026
2062,0.16969462122448414,0.4134333023545673,0.41687207642094853
2063,0.17138767705661365,0.42992944127738275,0.3986828816660035
2064,0.17293209428856057,0.4459695867551517,0.38109831895628776
2065,0.1743281593392523,0.4615262191138177,0.3641456215469301
2066,0.17557760344692683,0.47657867899944817,0.347843717553625
2067,0.17668348430310038,0.49111253524905385,0.3322039804478458
2068,0.1776500708777023,0.5051188951849593,0.3172310339373385
2069,0.1784827331987427,0.5185936890816462,0.30292357771961115
2070,0.17918784295399443,0.5315369531004638,0.2892752039455418
2071,0.1797726860167984,0.5439521290885578,0.2762751848946437
2072,0.1802453873332466,0.5558453994735386,0.2639092131932147
2073,0.18061485374306563,0.5672250611708682,0.2521600850860661
2074,0.18089072909739307,0.5781009514796926,0.2410083194229143
2075,0.18108336638094363,0.5884839234554072,0.230432710163649
2076,0.18120381433233673,0.5983853755090255,0.22041081015863767
2077,0.18126381773183445,0.6078168311135393,0.21091935115462607
2078,0.18127583227731484,0.616789566221579,0.2019346015011062
2079,0.1812530511249167,0.6253142821163286,0.19343266675875467
2080,0.1812094432764433,0.6334008185407514,0.18538973818280544
2081,0.1811598031586052,0.6410579018735844,0.17778229496781042
2082,0.18111980874533545,0.6482929264569726,0.1705872647976919
2083,0.1811060892996581,0.6551117617038866,0.16378214899645518
2084,0.18113629948629809,0.6615185842547208,0.15734511625898118
2085,0.181229200497738,0.6675157295865641,0.1512550699156978
2086,0.1814047454822172,0.6731035613056718,0.14549169321211103
2087,0.18168416828793393,0.6782803562598724,0.1400354754521936
2088,0.18209007426445556,0.683042202289314,0.13486772344623046
2089,0.18264652965492872,0.6873829103902489,0.1299705599548223
2090,0.18337914983850545,0.691293937378596,0.12532691278289862
2091,0.1843151804656702,0.6947643235841533,0.1209204959501765
2092,0.1854835707331635,0.6977806441314772,0.11673578513535926
2093,0.1869150345025666,0.7003269763177807,0.11275798917965266
2094,0.18864209376128188,0.702384887478838,0.10897301875988002
2095,0.19069910110511482,0.7039334451398883,0.10536745375499688
2096,0.1931222338883642,0.7049492558226973,0.1019285102889385
2097,0.19594945497152425,0.7054065367189519,0.0986440083095238
2098,0.19922043130888145,0.7052772279453158,0.09550234074580269
2099,0.2029764043568797,0.7045311508843313,0.09249244475878911
