year,Model Uncertainty,Scenario Uncertainty,Inter-Annual Variability
1980,0.5133448317912553,0.0046688416022237,0.48198632660652097
1981,0.4944178051297422,0.0028232326114574057,0.5027589622588003
1982,0.4763261053825626,0.0015215733050560334,0.5221523213123813
1983,0.4592899497221349,0.000682314553423667,0.5400277357244414
1984,0.44349261825159997,0.00022108922462683135,0.5562862925237732
1985,0.429077444524088,5.4844017284769284e-05,0.5708677114586272
1986,0.41614732575651175,0.00010536829433211334,0.5837473059491562
1987,0.40476637765162155,0.0003020385408125543,0.5949315838075658
1988,0.3949632197248402,0.0005837046028129864,0.6044530756723467
1989,0.3867353437224156,0.0008997356555768252,0.6123649206220075
1990,0.38005404766424555,0.0012103139241085297,0.6187356384116459
1991,0.3748694932544189,0.001486104565410512,0.6236444021801707
1992,0.37111555870363866,0.001707450592133355,0.627176990704228
1993,0.36871425642836136,0.001863239197732355,0.6294225043739061
1994,0.3675795913183247,0.0019495735813746056,0.6304708351003007
1995,0.36762080461369345,0.001968363185244002,0.6304108322010625
1996,0.36874501897294515,0.0019259226544326789,0.6293290583726222
1997,0.3708593195275347,0.001831646778077462,0.6273090336943878
1998,0.37387235103064215,0.001696809253091996,0.6244308397162658
1999,0.3776954967241364,0.001533515215964669,0.6207709880598988
2000,0.38224371878741753,0.0013538244208444194,0.616402456791738
2001,0.3874361269343948,0.0011690509214379774,0.6113948221441672
2002,0.3931963351471808,0.0009892365835360104,0.6058144282692831
2003,0.39945265751513664,0.0008227903920315074,0.5997245520928319
2004,0.40613817880283826,0.0006762803379297043,0.593185540859232
2005,0.4131907326057422,0.0005543620773090567,0.5862549053169488
2006,0.42055280828065733,0.00045982668115437063,0.5789873650381883
2007,0.4281714017499537,0.00039374864649578537,0.5714348496035504
2008,0.4359978246160891,0.0003557150543988878,0.5636464603295119
2009,0.44398747922880843,0.00034411777790923785,0.5556684029932824
2010,0.45209960211047223,0.00035649123065295286,0.5475439066588748
2011,0.4602969861727071,0.00038987968823075774,0.5393131341390621
2012,0.4685456830102484,0.00044122035978941786,0.5310130966299622
2013,0.4768146883699781,0.0005077301173836255,0.5226775815126382
2014,0.48507561495593055,0.0005872857035769476,0.5143370993404925
2015,0.4933023557759355,0.0006787898272663788,0.5060188543967982
2016,0.5014707438977788,0.0007825166732850099,0.4977467394289361
2017,0.5095582074182466,0.000900432525772776,0.48954136005598053
2018,0.5175434283118737,0.0010364885473921844,0.48142008314073426
2019,0.5254060048555245,0.0011968833841946719,0.473397111760281
2020,0.5331261252025684,0.001390294397984565,0.46548358039944704
2021,0.540684250464935,0.0016280765909200807,0.45768767294414503
2022,0.5480608171781753,0.0019244282213742715,0.45001475460045043
2023,0.5552359575327532,0.002296522162649356,0.4424675203045974
2024,0.5621892445520004,0.002764601559192485,0.43504615388880724
2025,0.5688994653253612,0.0033520372554727263,0.42774849741916604
2026,0.5753444252178779,0.004085345020801423,0.42057022976132064
2027,0.5815007903581852,0.00499415792111581,0.41350505172069885
2028,0.5873439703229523,0.006111150451215235,0.4065448792258323
2029,0.5928480483697471,0.007471908688648661,0.39968004294160425
2030,0.5979857619075993,0.009114741392012618,0.39289949670038815
2031,0.6027285407100695,0.011080426216793367,0.386191033073137
2032,0.6070466066855575,0.01341188500423008,0.3795415083102125
2033,0.6109091383726988,0.016153784270409782,0.3729370773568914
2034,0.6142845070527636,0.0193520551185143,0.36636343782872216
2035,0.6171405817601537,0.023053332443392298,0.35980608579645385
2036,0.6194451098881918,0.02730431154607137,0.3532505785657369
2037,0.6211661663445779,0.032151026912890644,0.3466828067425316
2038,0.6222726699135664,0.037638058806501166,0.3400892712799323
2039,0.6227349590341845,0.04380767878653119,0.3334573621792843
2040,0.6225254177837053,0.05069894857490107,0.32677563364139384
2041,0.6216191338545477,0.05834679428007238,0.3200340718653799
2042,0.6199945757917367,0.06678107773501792,0.3132243464732455
2043,0.617634266718402,0.07602569387511389,0.3063400394064841
2044,0.6145254297498319,0.08609772665647084,0.29937684359369726
2045,0.6106605837212197,0.09700669314168198,0.29233272313709835
2046,0.6060380589883516,0.10875391399029069,0.2852080270213578
2047,0.600662414308296,0.12133203441994934,0.2780055512717545
2048,0.5945447275555497,0.1347247288416034,0.270730543602847
2049,0.5877027424604963,0.148906609674739,0.26339064786476485
2050,0.5801608627192667,0.16384335033466021,0.2559957869460731
2051,0.5719499791675559,0.17949203290927002,0.24855798792317402
2052,0.5631071361800608,0.19580171262413762,0.2410911511958016
2053,0.553675042351778,0.21271418430238073,0.23361077334584132
2054,0.5437014414707831,0.2301649282398321,0.2261336302893847
2055,0.533238362370763,0.2480842026857266,0.2186774349435104
2056,0.5223412802999,0.2663982430307027,0.21126047666939718
2057,0.5110682113223495,0.2850305278414183,0.20390126083623236
2058,0.49947878226097436,0.30390306346593765,0.19661815427308796
2059,0.48763329777469855,0.32293764825882587,0.1894290539664757
2060,0.47559184230998247,0.3420570747416742,0.18235108294834337
2061,0.4634134422628138,0.3611862318530431,0.17540032588414306
2062,0.4511553076734572,0.3802530862407633,0.1685916060857795
2063,0.43887217365067643,0.39918951586866375,0.16193831048065993
2064,0.42661575392113127,0.4179319851624281,0.15545226091644074
2065,0.41443430768575334,0.436422059656137,0.14914363265810962
2066,0.40237232586132277,0.4546067576437598,0.14302091649491744
2067,0.3904703302757535,0.47243874871934277,0.1370909210049038
2068,0.3787647783722632,0.4898764121746623,0.1313588094530745
2069,0.3672880640232192,0.5068837690961062,0.12582816688067455
2070,0.3560686016121024,0.5234303085945632,0.1205010897933344
2071,0.3451309807741657,0.5394907245293139,0.11537829469652029
2072,0.334496177866664,0.5550445833341067,0.1104592387992293
2073,0.32418181236659194,0.5700759392783789,0.10574224835502917
2074,0.3142024332955215,0.5845729163066412,0.10122465039783725
2075,0.3045698283804075,0.598527267716752,0.09690290390284044
2076,0.29529334308455796,0.6119339291218379,0.09277272779360415
2077,0.28638020207896614,0.6247905750755534,0.08882922284548046
2078,0.2778358276586485,0.6370971859527809,0.08506698638857081
2079,0.2696641487311502,0.6488556332525233,0.08148021801632659
2080,0.2618678951592982,0.660069288860147,0.07806281598055474
2081,0.25444887742075173,0.6707426587475881,0.07480846383166011
2082,0.2474082463145704,0.6808810465472493,0.07171070713818031
2083,0.24074673415107115,0.6904902452381031,0.0687630206108258
2084,0.23446487595714582,0.6995762577973546,0.0659588662454997
2085,0.2285632098966154,0.7081450473498094,0.06329174275357524
2086,0.22304245870663428,0.7162023141817275,0.06075522711163806
2087,0.21790369196661988,0.7237532991499653,0.05834300888341473
2088,0.21314847024526024,0.7308026116887532,0.056048918065986525
2089,0.20877897177331586,0.7373540811458328,0.05386694708085128
2090,0.20479810243942598,0.7434106298274998,0.05179126773307413
2091,0.20120959009698478,0.7489741661777535,0.04981624372526152
2092,0.19801806355434187,0.7540454971083416,0.047936439337316464
2093,0.19522911712868773,0.7586242580031559,0.04614662486815637
2094,0.19284935946728152,0.7627088612012327,0.044441779331485784
2095,0.190886449904586,0.7662964591451257,0.04281709095028818
2096,0.18934911828206885,0.7693829260370567,0.04126795568087429
2097,0.18824717007685401,0.7719628554710625,0.03978997445208343
2098,0.18759147680094895,0.7740295741122627,0.038378949086788336
2099,0.18739394837090603,0.7755751741618021,0.03703087746729191
