year,Model Uncertainty,Scenario Uncertainty,Inter-Annual Variability
1980,0.6129183936038163,0.00020366476536240357,0.3868779416308213
1981,0.6016301454533194,8.056732402898981e-05,0.3982892872226516
1982,0.5907446012944285,2.283734187695749e-05,0.40923256136369457
1983,0.5802702810806344,1.036135290050146e-05,0.4197193575664651
1984,0.5702081313261994,2.6210993551783812e-05,0.4297656576802489
1985,0.5605531812110837,5.6697699982493216e-05,0.43939012108893394
1986,0.5512961789881938,9.128695658797552e-05,0.4486125340552183
1987,0.5424251371849014,0.00012240169013566268,0.45745246112496296
1988,0.5339267333303248,0.0001451435919360749,0.46592812307773923
1989,0.5257875356177947,0.0001569584790974051,0.4740555059031079
1990,0.5179950361366862,0.00015726824039834076,0.48184769562291535
1991,0.5105384869953354,0.00014708803117473177,0.48931442497348987
1992,0.5034095441549149,0.00012864365190438026,0.49646181219318086
1993,0.4966027257039597,0.00010500091500692211,0.5032922733810336
1994,0.49011570067522975,7.97160023720552e-05,0.5098045833223982
1995,0.4839494179714413,5.651392254952915e-05,0.5159940681060091
1996,0.4781080939673695,3.900053009706172e-05,0.5218529055025335
1997,0.47259907122480965,3.041256216089278e-05,0.5273705162130293
1998,0.46743256395709637,3.340927661301002e-05,0.5325340267662907
1999,0.46262130518237493,4.9908695577235035e-05,0.5373287861220478
2000,0.4581801101760539,8.09708311435119e-05,0.5417389189928025
2001,0.45412537305669387,0.00012672967882220514,0.5457478972644839
2002,0.45047451040864345,0.00018637498346486825,0.5493391146078916
2003,0.44724537113070506,0.00025818400737184777,0.5524964448619231
2004,0.4444556271919146,0.0003396023692158538,0.5552047704388695
2005,0.44212216372934454,0.00042737204448421533,0.5574504642261712
2006,0.4402604850709206,0.0005177032810888705,0.5592218116479906
2007,0.43888415138255493,0.0006064861110870511,0.560509362506358
2008,0.43800426251445945,0.0006895357682909217,0.5613062017172497
2009,0.43762899880064327,0.0007628656785842241,0.5616081355207726
2010,0.43776323122707905,0.0008229804965071286,0.5614137882764137
2011,0.4384082062752265,0.0008671813884724673,0.5607246123363011
2012,0.43956131071333676,0.0008938754469929301,0.5595448138396704
2013,0.44121591660440623,0.0009028811030083571,0.5578812022925853
2014,0.44336130479671715,0.0008957217053280017,0.5557429734979549
2015,0.4459826627185674,0.0008759000517357414,0.5531414372296968
2016,0.44906114939766484,0.0008491471515981657,0.550089703450737
2017,0.45257401903307826,0.0008236396063258457,0.5466023413605959
2018,0.45649479510989016,0.0008101803314882461,0.5426950245586215
2019,0.4607934848961501,0.0008223387174623581,0.5383841763863876
2020,0.46543682460274455,0.0008765465554068466,0.5336866288418486
2021,0.4703885478881802,0.0009921469090092639,0.5286193052028106
2022,0.4756096697210845,0.0011913935469861719,0.5231989367319293
2023,0.4810587806265502,0.0014993989254243004,0.5174418204480256
2024,0.4866923465283842,0.0019440289066639071,0.5113636245649518
2025,0.49246501310969826,0.002555742728610451,0.5049792441616914
2026,0.49832991298502033,0.003367377002292161,0.49830271001268744
2027,0.5042389775665138,0.004413872697887709,0.4913471497355985
2028,0.5101432550364128,0.0057319446677604,0.48412480029582683
2029,0.5159932373680669,0.007359693792389887,0.47664706883954316
2030,0.5217392000898523,0.009336162960047818,0.4689246369500999
2031,0.5273315574398967,0.011700839093508122,0.46096760346659527
2032,0.532721235368791,0.014493105018577299,0.4527856596126316
2033,0.5378600648165984,0.017751647076712052,0.44438828810668946
2034,0.5427011948228639,0.02151382568609131,0.43578497949104483
2035,0.5471995239695284,0.025815019691703675,0.4269854563387678
2036,0.5513121472498158,0.030687955986289477,0.41799989676389454
2037,0.5549988119088701,0.036162039472603325,0.4088391486185266
2038,0.5582223748862439,0.042262699904394685,0.39951492520936144
2039,0.5609492525309532,0.04901077334190023,0.39003997412714664
2040,0.5631498493772475,0.05642193807357509,0.3804282125491774
2041,0.564798956286246,0.06450622280585089,0.3706948209079032
2042,0.5658761009015021,0.0732676074091319,0.3608562916893661
2043,0.5663658404798064,0.08270373099525415,0.3509304285249394
2044,0.5662579823401029,0.09280572280956298,0.34093629485033405
2045,0.5655477227716573,0.10355816485703154,0.3308941123713112
2046,0.5642356950183052,0.1149391928520852,0.3208251121296095
2047,0.5623279218791929,0.12692073583768543,0.3107513422831217
2048,0.5598356698250777,0.13946889011408473,0.30069544006083754
2049,0.5567752084885444,0.15254441680608413,0.2906803747053713
2050,0.5531674789372204,0.166103349925382,0.28072917113739754
2051,0.5490376821316791,0.18009769405020432,0.2708646238181165
2052,0.5444147972090606,0.19447619188756468,0.26110901090337457
2053,0.5393310470893828,0.20918513513641962,0.2514838177741976
2054,0.533821325058802,0.2241691958149809,0.24200947912621698
2055,0.5279226015884816,0.23937225166755838,0.23270514674396
2056,0.5216733261147581,0.2547381844522304,0.22358848943301146
2057,0.5151128420649709,0.2702116290202822,0.21467552891474687
2058,0.508280828161985,0.2857386565952609,0.20598051524275407
2059,0.5012167793035877,0.30126737913216745,0.19751584156424498
2060,0.4939595361746477,0.31674846519081756,0.18929199863453475
2061,0.48654687257728213,0.3321355608741882,0.18131756654852962
2062,0.4790151432394371,0.34738561601525464,0.17359924074530828
2063,0.47139899551054404,0.36245911603777164,0.16614188845168437
2064,0.4637311452590932,0.37732022398636617,0.15894863075454058
2065,0.45604221329668715,0.3919368405692692,0.15202094613404366
2066,0.44836062028877527,0.40628058986643156,0.1453587898447931
2067,0.44071253460361337,0.42032674026349653,0.13896072513289007
2068,0.43312186714997275,0.4340540712994127,0.13282406155061457
2069,0.42561030740170247,0.44744469593261654,0.12694499666568096
2070,0.41819739413314977,0.46048384843601825,0.12131875743083195
2071,0.4109006149379872,0.4731596463740989,0.11593973868791393
2072,0.40373552745698466,0.4854628363871991,0.11080163615581622
2073,0.3967158978814244,0.49738652981734716,0.10589757230122841
2074,0.38985385142821544,0.5089259349584662,0.10122021361331845
2075,0.3831600297764514,0.520078091763203,0.09676187846034578
2076,0.37664375256106436,0.530841612366021,0.09251463507291469
2077,0.3703131784786763,0.5412164321480586,0.0884703893732651
2078,0.3641754649086656,0.5512035722665318,0.08462096282480254
2079,0.3582369225573431,0.5608049169045293,0.08095816053812768
2080,0.35250316434202267,0.5700230054720804,0.07747383018589701
2081,0.34697924655714507,0.5788608413068452,0.07415991213600967
2082,0.3416698026036233,0.5873217157261056,0.07100848167027127
2083,0.3365791673439227,0.5954090489106881,0.06801178374538923
2084,0.33171149265008754,0.6031262461502129,0.0651622611996995
2085,0.32707085389125484,0.6104765691274392,0.06245257698130593
2086,0.3226613468638303,0.6174630219878109,0.059875631148358824
2087,0.3184871760264351,0.6240882507325755,0.05742457324098945
2088,0.314552733171065,0.6303544561389159,0.05509281069001899
2089,0.310862667802967,0.6362633184039441,0.05287401379308896
2090,0.30742194833289327,0.6418159338976998,0.05076211776940695
2091,0.30423591510063797,0.6470127625040383,0.048751322395323794
2092,0.3013103246934121,0.6518535857119355,0.0468360895946523
2093,0.2986513859709643,0.6563374746056432,0.04501113942339259
2094,0.29626578779582136,0.6604627675007305,0.043271444703448056
2095,0.2941607178298421,0.6642270575070247,0.041612224663133204
2096,0.2923438732951385,0.6676271889224424,0.04002893778241908
2097,0.29082346240056345,0.6706592634773147,0.03851727412212177
2098,0.28960819684378497,0.6733186559263299,0.03707314722988514
2099,0.2887072748526625,0.6756000392447915,0.03569268590254595
