year,Model Uncertainty,Scenario Uncertainty,Inter-Annual Variability
1980,0.8369166020227091,0.0011873024512503419,0.16189609552604053
1981,0.8321760962666188,0.0006790663936820989,0.16714483733969904
1982,0.827295159855643,0.0003359082667418034,0.17236893187761532
1983,0.8223073418560473,0.0001271653895358491,0.17756549275441696
1984,0.817243681962374,2.4479121229342036e-05,0.18273183891639663
1985,0.8121325593400883,2.086540242002396e-06,0.18786535411966962
1986,0.806999621609093,3.702145136424049e-05,0.19296335693954295
1987,0.8018677826156912,0.00010923227001493877,0.19802298511429392
1988,0.7967572766620783,0.00020162538307578069,0.20304109795484587
1989,0.7916857585693153,0.0003000430459501808,0.2080141983847346
1990,0.7866684375446501,0.00039318486272634477,0.2129383775926236
1991,0.7817182365265849,0.00047248159303817224,0.21780928188037688
1992,0.7768459670096258,0.0005319294153624782,0.22262210357501178
1993,0.7720605131969412,0.0005678922232950736,0.22737159457976372
1994,0.7673690182613976,0.0005788789295880759,0.23205210280901437
1995,0.7627770685427016,0.0005653019572967975,0.23665762950000171
1996,0.7582888711328005,0.0005292230026814503,0.241181905864518
1997,0.7539074217241596,0.0004740913228419632,0.24561848695299843
1998,0.7496346610849538,0.00040447974670231447,0.24996085916834399
1999,0.7454716170028612,0.00032582341083308634,0.2542025595863057
2000,0.7414185330885065,0.0002441656439030607,0.25833730126759047
2001,0.7374749803065236,0.0001659157717499155,0.2623591039217265
2002,0.7336399551301365,9.76228832140519e-05,0.2662624219866495
2003,0.7299119605189802,4.5769646824351135e-05,0.27004226983419544
2004,0.7262890729248798,1.658973634791731e-05,0.2736943373387723
2005,0.7227689940294181,1.591207845011464e-05,0.2772150938921319
2006,0.7193490885595435,4.903454442366866e-05,0.28060187689603294
2007,0.7160264105444124,0.00012062910419122126,0.2838529603513963
2008,0.7127977145773232,0.00023467978855574157,0.28696760563412116
2009,0.7096594593654161,0.00039445405998866196,0.28994608657459525
2010,0.7066077980109967,0.0006025074710471753,0.2927896945179561
2011,0.7036385614565267,0.0008607207683316469,0.29550071777514164
2012,0.7007472325143164,0.0011703679139181032,0.29808239957176547
2013,0.6979289134027378,0.0015322129865815133,0.3005388736106807
2014,0.6951782862826891,0.001946633426001909,0.302875080291309
2015,0.6924895690529618,0.002413766599322127,0.3050966643477161
2016,0.6898564656431064,0.0029336767741457662,0.3072098575827479
2017,0.6872721129228039,0.0035065390193154333,0.30922134805788065
2018,0.6847290236118514,0.004132837079989206,0.31113813930815937
2019,0.6822190263945429,0.004813571801268185,0.31296740180418886
2020,0.6797332037956284,0.005550477450577849,0.3147163187537938
2021,0.6772618285194499,0.006346242899297419,0.31639192858125254
2022,0.6747942980733657,0.007204735300615522,0.3180009666260188
2023,0.6723190696954637,0.008131223600044864,0.31954970670449145
2024,0.6698235951136041,0.009132599908628004,0.3210438049777679
2025,0.6672942578401355,0.01021759626408171,0.3224881458957828
2026,0.6647163128162202,0.011396994260735833,0.32388669292304395
2027,0.6620738315705854,0.012683825345705599,0.3252423430837089
2028,0.6593496533582026,0.014093558511820608,0.3265567881299768
2029,0.656525347317655,0.015644271745482424,0.3278303809368625
2030,0.6535811857959762,0.017356803611586084,0.32906201059243767
2031,0.6504961348168796,0.019254879224638553,0.3302489859584819
2032,0.6472478653087486,0.021365204986301355,0.3313869297049501
2033,0.6438127883568912,0.023717525490825724,0.3324696861522831
2034,0.6401661222564854,0.026344633216341198,0.33348924452717343
2035,0.6362819946523939,0.02928232329079479,0.3344356820568114
2036,0.6321335871446088,0.0325692824498093,0.3352971304055819
2037,0.6276933272333373,0.03624690115707083,0.3360597716095919
2038,0.6229331343660256,0.04035899870627009,0.33670786692770427
2039,0.6178247236267829,0.044951449375788446,0.3372238269974287
2040,0.6123399714742855,0.05007170106679931,0.3375883274589151
2041,0.6064513461085125,0.055768176770434906,0.3377804771210527
2042,0.6001324016270535,0.06208955537036273,0.3377780430025838
2043,0.5933583310259896,0.06908392980735112,0.3375577391666594
2044,0.5861065752342437,0.07679784662354483,0.33709557814221147
2045,0.5783574713250038,0.08527523950756226,0.33636728916743386
2046,0.5700949292467419,0.09455627242317868,0.33534879833007947
2047,0.561307113589916,0.1046761227688842,0.33401676364119975
2048,0.5519871054174197,0.11566373580178363,0.3323491587807966
2049,0.5421335181674976,0.12754059740063278,0.3303258844318698
2050,0.5317510323663617,0.14031957285994726,0.32792939477369104
2051,0.5208508202447333,0.15400386811766967,0.32514531163759697
2052,0.5094508275216376,0.16858616970811008,0.32196300277025225
2053,0.4975758838823092,0.18404801902863815,0.3183760970890527
2054,0.48525762416496165,0.2003594674303605,0.3143829084046779
2055,0.4725342010631876,0.2174790549978833,0.3099867439389291
2056,0.45944979228253136,0.23535413168550698,0.30519607603196164
2057,0.44605390808139317,0.25392153082414987,0.30002456109445697
2058,0.4324005176153855,0.27310858179605163,0.2944909005885629
2059,0.41854702927970505,0.29283442813737415,0.28861854258292086
2060,0.40455316277360165,0.31301160165803366,0.28243523556836464
2061,0.3904797604672819,0.33354778787934897,0.2759724516533692
2062,0.37638759015264456,0.3543477039688705,0.2692647058784849
2063,0.36233618776293747,0.3753150117407168,0.2623488004963457
2064,0.3483827858589736,0.3963541851587519,0.25526302898227454
2065,0.33458137001199273,0.4173722563073191,0.24804637368068802
2066,0.3209818924391282,0.43828037846404666,0.24073772909682506
2067,0.3076296608530084,0.45899516024801224,0.2333751788989794
2068,0.29456491742015867,0.47943973139127766,0.22599535118856381
2069,0.28182260156917144,0.49954453137500776,0.2186328670558207
2070,0.26943229087009607,0.5192478150602,0.21131989406970395
2071,0.25741830204203725,0.5384958896226906,0.2040858083352723
2072,0.24579992970113898,0.5572431068566476,0.19695696344221345
2073,0.23459180048805783,0.5754516396920935,0.18995655981984855
2074,0.22380431318372285,0.5930910815753145,0.18310460524096278
2075,0.2134441432513442,0.6101379026413782,0.17641795410727776
2076,0.20351478489646174,0.6265748035339846,0.16991041156955358
2077,0.19401711345493064,0.6423899966999542,0.16359288984511508
2078,0.18494994648743793,0.6575764512006016,0.1574736023119606
2079,0.17631059352827266,0.6721311223734414,0.15155828409828598
2080,0.16809538047880698,0.6860541916983329,0.14585042782285998
2081,0.16030014202424114,0.6993483326205961,0.14035152535516282
2082,0.1529206777688387,0.7120180139269366,0.1350613083042246
2083,0.145953167611717,0.7240688514761762,0.1299779809121069
2084,0.13939454712484506,0.7355070115488213,0.12509844132633377
2085,0.13324284065374586,0.7463386715283793,0.12041848781787488
2086,0.12749745723044795,0.7565695343719246,0.11593300839762752
2087,0.1221594454529584,0.7662044021098802,0.1116361524371614
2088,0.11723171526202332,0.775246800299408,0.10752148443856882
2089,0.11271922210846551,0.7836986578427837,0.10358212004875085
2090,0.1086291208649936,0.7915600337245472,0.09981084541045923
2091,0.10497088487902755,0.7988288945404227,0.09620022058054971
2092,0.10175639401496035,0.8055009371574042,0.09274266882763546
2093,0.09899999005004637,0.8115694572733749,0.08943055267657873
2094,0.09671849742265877,0.8170252638618828,0.08625623871545844
2095,0.09493120829586829,0.8218566393838692,0.08321215232026245
2096,0.0936598281744071,0.8260493481580765,0.08029082366751644
2097,0.09292837876079307,0.8295866945232315,0.07748492671597536
2098,0.09276305420267367,0.8324496337135722,0.07478731208375428
2099,0.09319202519536147,0.8346169396923305,0.07219103511230802
