year,Model Uncertainty,Scenario Uncertainty,Inter-Annual Variability
1980,0.573992375943954,0.0008936685677105472,0.4251139554883354
1981,0.5681261887476653,0.0005425819680916385,0.43133122928424306
1982,0.5628560932851906,0.00030477504447817345,0.4368391316703313
1983,0.5581209167639793,0.0001556118338280479,0.4417234714021926
1984,0.5538571159819174,7.343225879198377e-05,0.44606945175929064
1985,0.5500011689403834,3.969054573021177e-05,0.44995914051388636
1986,0.5464914471447598,3.892727851411432e-05,0.4534696255767261
1987,0.5432696051170167,5.861873736519474e-05,0.45667177614561805
1988,0.5402815433718269,8.89429003345109e-05,0.4596295137278386
1989,0.537478014343272,0.00012249504138976572,0.46239949061533825
1990,0.5348149441950946,0.00015397896781766012,0.46503107683708783
1991,0.532253532539696,0.00017989342580036847,0.4675665740345035
1992,0.5297601911262769,0.00019822727062873433,0.4700415816030943
1993,0.5273063685520022,0.0002081725291644549,0.4724854589188334
1994,0.524868296994821,0.00020986069310304121,0.474921842312076
1995,0.5224266948576395,0.00020412502330061753,0.4773691801190599
1996,0.5199664431491094,0.00019228974862222926,0.4798412671022684
1997,0.5174762525406099,0.00017598597774473614,0.4823477614816452
1998,0.5149483305673441,0.00015699332292690244,0.4848946761097291
1999,0.5123780564835176,0.00013710598839059858,0.4874848375280918
2000,0.5097636658378731,0.00011802201012974141,0.49011831215199714
2001,0.5071059468295624,0.0001012542892752491,0.4927927988811623
2002,0.5044079477209381,8.806230850696701e-05,0.49550398997055484
2003,0.5016746963936144,7.940350174268516e-05,0.4982459001046429
2004,0.4989129281252328,7.590348760635741e-05,0.5010111683871609
2005,0.4961308226569081,7.784444926204869e-05,0.5037913328938298
2006,0.493337748721257,8.517106527247636e-05,0.5065770802134705
2007,0.4905440150793064,9.751344847387285e-05,0.5093584714722197
2008,0.48776062640517337,0.00011422654589524128,0.5121251470489313
2009,0.48499904727795,0.00013444534804113605,0.5148665073740087
2010,0.4822709707092219,0.00015715526420187253,0.5175718740265761
2011,0.4795880940832053,0.00018127680543359302,0.5202306291113612
2012,0.4769619035979395,0.00020576363154420197,0.5228323327705163
2013,0.47440346675769995,0.00022971278487698074,0.5253668204574231
2014,0.4719232361981305,0.0002524858983959984,0.5278242779034734
2015,0.4695308652034518,0.0002738398768012267,0.5301952949197469
2016,0.4672350357137338,0.0002940653880462763,0.53247089889822
2017,0.46504330193703763,0.0003141316197881395,0.5346425664431742
2018,0.4629619489421606,0.00033583521855740827,0.536702215839282
2019,0.46099586813751003,0.0003619516539431282,0.5386421802085468
2020,0.4591484494722567,0.00039638689777826436,0.540455163629965
2021,0.4574214922101775,0.0004443272711611198,0.5421341805186614
2022,0.45581513245206506,0.0005123854773054446,0.5436724820706295
2023,0.45432778929497963,0.000608740322659674,0.5450634703823607
2024,0.45295612787360146,0.000743268039059702,0.5463006040873388
2025,0.4516950395587629,0.0009276626752849281,0.5473772977659521
2026,0.4505376391782112,0.001175542995981523,0.5482868178258072
2027,0.44947527685932176,0.0015025434087586722,0.5490221797319195
2028,0.44849756703644716,0.0019263857099399032,0.5495760472536129
2029,0.447592431610719,0.0024669289821214685,0.5499406394071595
2030,0.44674615753685276,0.0031461943061840054,0.5501076481569632
2031,0.4459434701947622,0.003988360391598697,0.5500681694136391
2032,0.4451676205549243,0.005019727568411829,0.549812651876664
2033,0.44440048804640564,0.006268645291770715,0.5493308666618236
2034,0.4436226995112945,0.007765400040396686,0.5486119004483088
2035,0.44281376390239524,0.009542059989999067,0.5476441761076057
2036,0.44195222442140647,0.011632272935242062,0.5464155026433514
2037,0.44101582908969905,0.014071014129100628,0.5449131567812002
2038,0.4399817195537168,0.016894282746487587,0.5431239976997957
2039,0.43882663899252033,0.020138744947672437,0.5410346160598072
2040,0.4375271592485788,0.023841323667614316,0.5386315170838069
2041,0.4360599267086998,0.028038736920909777,0.5359013363703904
2042,0.434401924771886,0.03276698809522984,0.5328310871328842
2043,0.432530752850725,0.038060813370817084,0.5294084337784579
2044,0.4304249154034759,0.0439530950753956,0.5256219895211285
2045,0.4280641213498547,0.05047425020914667,0.5214616284409986
2046,0.42542958496873656,0.05765160763436247,0.5169188073969009
2047,0.42250432332817933,0.06550878905879572,0.511986887613025
2048,0.41927344438180886,0.0740651098646255,0.5066614457535656
2049,0.41572441612966693,0.08333501900988198,0.500940564860451
2050,0.411847309410799,0.09332759687680517,0.4948250937123958
2051,0.40763500813754733,0.10404612837900824,0.4883188634834444
2052,0.4030833742773176,0.11548777260108768,0.4814288531215948
2053,0.3981913667088789,0.12764334033813243,0.4741652929529887
2054,0.3929611035126769,0.14049719599745134,0.46654170048987176
2055,0.3873978661329221,0.1540272899600122,0.45857484390706565
2056,0.38151004239737907,0.1682053270754333,0.45028463052718765
2057,0.37530900934976325,0.1829970690671305,0.44169392158310616
2058,0.3688089571565888,0.19836276532211375,0.4328282775212975
2059,0.36202666121202565,0.21425770003083747,0.42371563875713697
2060,0.3549812065065032,0.23063283939585133,0.41438595409764545
2061,0.34769367572888477,0.24743555919160926,0.40487076507950587
2062,0.34018680964562725,0.2646104287985306,0.39520276155584216
2063,0.3324846512943612,0.2821000283964285,0.3854153203092102
2064,0.32461218528997404,0.299845772001332,0.37554204270869385
2065,0.31659498349777215,0.3177887139128647,0.3656163025893631
2066,0.3084588665703619,0.335870315774981,0.35567081765465713
2067,0.3002295918372425,0.35403315257696644,0.3457372555857911
2068,0.2919325741995756,0.3722215432375177,0.3358458825629067
2069,0.28359264609552665,0.3903820941634437,0.3260252597410296
2070,0.2752338617021099,0.40846414430215083,0.31630199399573916
2071,0.2668793447752542,0.4264201128109288,0.306700542413817
2072,0.2585511859969215,0.4442057423131914,0.297243071689887
2073,0.2502703831098955,0.4617802476439879,0.28794936924611647
2074,0.2420568262147716,0.4791063693144571,0.27883680447077125
2075,0.23392932288418472,0.49615034490543425,0.26992033221038114
2076,0.22590565998060033,0.512881803547747,0.26121253647165255
2077,0.21800269743594367,0.529273596149854,0.25272370641420216
2078,0.21023649103005,0.5453015700632229,0.24446193890672713
2079,0.20262243640233712,0.5609443009876648,0.2364332626099981
2080,0.19517543368588713,0.5761827893018533,0.22864177701225946
2081,0.18791006529201568,0.5910001328200272,0.2210898018879571
2082,0.18084078482178922,0.6053811824285973,0.2137780327496134
2083,0.17398211253472134,0.6193121901532262,0.2067056973120524
2084,0.16734883460999203,0.6327804533698015,0.19987071202020656
2085,0.16095620217832682,0.6457739652567405,0.1932698325649326
2086,0.15482012892960376,0.6582810714903323,0.1868987995800639
2087,0.14895738296812566,0.670290140801899,0.18075247622997534
2088,0.1433857716178638,0.6817892515153086,0.17482497686682757
2089,0.1381243159899683,0.6927658976309701,0.16910978637906166
2090,0.13319341320315606,0.70320671659971,0.16359987019713398
2091,0.12861498290292533,0.7130972426472781,0.15828777444979653
2092,0.12441259577296965,0.7224216871933831,0.15316571703364726
2093,0.12061157975367955,0.7311627503934603,0.14822566985286
2094,0.11723910137312563,0.7393014655392337,0.14345943308764061
2095,0.11432421738998039,0.7468170806032733,0.1388587020067463
2096,0.1118978914444823,0.7536869813940786,0.13441512716143902
2097,0.1099929725205882,0.7598866582940221,0.1301203691853897
2098,0.10864412736325857,0.7653897242880179,0.12596614834872358
2099,0.10788772306520486,0.770167986454611,0.12194429048018406
