year,Model Uncertainty,Scenario Uncertainty,Inter-Annual Variability
1980,0.7962506419690116,0.00020122360481638376,0.20354813442617195
1981,0.7929889711220798,0.00016543712949901825,0.2068455917484212
1982,0.7898866240746271,0.00013273982353000037,0.20998063610184287
1983,0.7868881173047069,0.00010317746365376587,0.21300870523163937
1984,0.7839426202978713,7.691278745059941e-05,0.2159804669146781
1985,0.781004505087873,5.42070856328329e-05,0.21894128782649422
1986,0.7780335492147424,3.5400917079342974e-05,0.22193104986817827
1987,0.7749949017626676,2.089464076426341e-05,0.2249842035965681
1988,0.7718588934324232,1.1129355770597423e-05,0.22812997721180625
1989,0.7686007632207214,6.568303323424018e-06,0.23139266847595527
1990,0.765200349935872,7.67878008861067e-06,0.2347919712840393
1991,0.761641781414326,1.4914439053233362e-05,0.23834330414662067
1992,0.7579131873738768,2.8697846197652815e-05,0.2420581147799255
1993,0.7540064438705536,4.940312544458049e-05,0.24594415300400177
1994,0.7499169563281793,7.733867492270083e-05,0.25000570499689784
1995,0.745643481173324,0.00011272994018610461,0.2542437888864898
1996,0.7411879783906445,0.0001557022703012178,0.2586563193390542
1997,0.736555491803818,0.00020626423547763666,0.2632382439607045
1998,0.7317540460414048,0.0002642915853169879,0.26798166237327814
1999,0.7267945492195697,0.0003295123800368883,0.2728759384003935
2000,0.7216906926046595,0.00040149381953149437,0.277907813575809
2001,0.7164588370295826,0.0004796315679041309,0.2830615314025133
2002,0.7111178738079539,0.0005631420514353329,0.2883189841406108
2003,0.705689053424124,0.0006510589076335281,0.29365988766824247
2004,0.7001957742524929,0.0007422341023137868,0.2990619916451933
2005,0.6946633262808125,0.0008353446168563492,0.30450132910233113
2006,0.6891185851651889,0.0009289054294439976,0.30995250940536717
2007,0.6835896604708267,0.0010212892955668337,0.31538905023360647
2008,0.6781054991438322,0.0011107537411791633,0.32078374711498864
2009,0.672695449915427,0.0011954752753925723,0.3261090748091804
2010,0.6673888036230737,0.00127359107196922,0.33133760530495693
2011,0.6622143139736649,0.0013432467680473492,0.3364424392582877
2012,0.6571997234059663,0.0014026509157911613,0.34139762567824256
2013,0.6523713014418208,0.0014501340473866385,0.3461785645107926
2014,0.6477534194926468,0.0014842112743833037,0.35076236923297
2015,0.6433681718735754,0.0015036476084790424,0.35512818051794565
2016,0.639235064329616,0.0015075239161762546,0.3592574117542079
2017,0.6353707757366728,0.0014953020430507687,0.3631339222202764
2018,0.631789005475552,0.001466888083575405,0.3667441064408725
2019,0.628500408938174,0.001422692183499367,0.3700768988783265
2020,0.6255126203231152,0.0013636838265405392,0.3731236958503443
2021,0.6228303635981178,0.0012914416841293306,0.37587819471775286
2022,0.6204556374844712,0.0012081977980071346,0.37833616471752163
2023,0.618387968742546,0.0011168750886821608,0.38049515616877183
2024,0.6166247158170043,0.001021118052311095,0.3823541661306847
2025,0.6151614151856862,0.0009253165856880373,0.3839132682286257
2026,0.6139921443864393,0.0008346224421606358,0.38517323317140006
2027,0.6131098966692482,0.0007549581875122941,0.38613514514323966
2028,0.6125069445224935,0.0006930178195213921,0.386800037657985
2029,0.6121751837820606,0.000656258678784389,0.38716855753915497
2030,0.6121064418755398,0.0006528832546621647,0.38724067486979796
2031,0.6122927450861888,0.0006918099551541485,0.38701544495865703
2032,0.6127265309050186,0.0007826309969092154,0.3864908380980722
2033,0.6134008043932233,0.0009355557029724067,0.3856636399038042
2034,0.6143092321129688,0.0011613377070699208,0.38452943017996116
2035,0.615446171186751,0.0014711837030274824,0.38308264511022144
2036,0.6168066350611382,0.0018766429258137748,0.3813167220130481
2037,0.61838619654606,0.002389475750303131,0.3792243277036369
2038,0.6201808330634658,0.0030215014749624437,0.3767976654615716
2039,0.6221867175618233,0.003784426055637445,0.37402885638253913
2040,0.6243999698219002,0.004689651049977676,0.37091037912812214
2041,0.6268163685505113,0.005748068024945767,0.3674355634245429
2042,0.6294310457548946,0.006969842612626499,0.3635991116324789
2043,0.6322381713615943,0.008364194705306442,0.35939763393309926
2044,0.6352306463141035,0.009939182389574933,0.35483017129632166
2045,0.6383998162008554,0.011701499507235,0.34989868429190957
2046,0.6417352275269835,0.013656294444901662,0.3446084780281149
2047,0.6452244331253779,0.01580702195029631,0.3389685449243259
2048,0.6488528662521813,0.018155336228012065,0.3329917975198065
2049,0.6526037881110193,0.020701032542197996,0.32669517934678266
2050,0.656458318780954,0.023442044215748466,0.32009963700329747
2051,0.6603955468740033,0.02637449808190502,0.3132299550440917
2052,0.6643927228304439,0.029492827671404393,0.30611444949815175
2053,0.66842551864417,0.032789943098954215,0.29878453825687584
2054,0.6724683478108899,0.03625744964921927,0.2912742025398907
2055,0.6764947296514788,0.03988590775266503,0.28361936259585613
2056,0.6804776758258102,0.04366512347685113,0.27585720069733877
2057,0.6843900855570539,0.04758445702736636,0.2680254574155797
2058,0.6882051298840478,0.05163313686755363,0.2601617332483986
2059,0.6918966054328455,0.05580056837721606,0.25230282618993843
2060,0.6954392497432217,0.06007662488921807,0.24448412536756034
2061,0.6988090015487153,0.0644519142313943,0.23673908421989043
2062,0.7019832047580783,0.06891801107174667,0.22909878417017507
2063,0.7049407480036057,0.07346765424903498,0.22159159774735926
2064,0.707662144688752,0.07809490391026454,0.21424295140098343
2065,0.7101295515201744,0.08279526118668608,0.20707518729313948
2066,0.7123267362854188,0.08756575036274152,0.2001075133518396
2067,0.7142389992689638,0.0924049671709413,0.19335603356009487
2068,0.7158530530439787,0.09731310018738627,0.18683384676863493
2069,0.7171568776450853,0.10229192488201408,0.1805511974729007
2070,0.7181395486551522,0.10734478122749957,0.17451567011734823
2071,0.7187910563454584,0.1124765336489145,0.16873241000562722
2072,0.7191021139066591,0.11769352332117901,0.1632043627721618
2073,0.719063966820775,0.12300351295754072,0.15793252022168425
2074,0.7186682085618248,0.1284156260789311,0.1529161653592442
2075,0.7179066025322774,0.1339402878297425,0.14815310963797995
2076,0.7167709205406854,0.13958916302481983,0.14363991643449478
2077,0.715252797125559,0.14537509417421215,0.13937210870022887
2078,0.7133436048301339,0.1513120402219064,0.13534435494795957
2079,0.7110343535559831,0.15741501077228132,0.13155063567173553
2080,0.7083156191416811,0.16369999514704825,0.1279843857112706
2081,0.7051775017581055,0.1701838838588498,0.12463861438304467
2082,0.7016096267799813,0.1768843712255554,0.12150600199446335
2083,0.6976011847567936,0.18381984108628893,0.11857897415691748
2084,0.6931410320674661,0.19100921598295412,0.1158497519495798
2085,0.6882178481171614,0.19847177128349083,0.1133103805993477
2086,0.6828203766061538,0.20622688865100047,0.11095273474284564
2087,0.6769377566648532,0.21429374254770617,0.10876850078744063
2088,0.6705599696894667,0.2226908943310938,0.1067491359794395
2089,0.6636784223584812,0.23143577435079637,0.10488580329072247
2090,0.656286697316354,0.24054402133922118,0.10316928134442485
2091,0.64838149603189,0.2500286550767298,0.10158984889138026
2092,0.6399638202993081,0.25989903707049844,0.10013714263019349
2093,0.6310404160573205,0.2701595951630827,0.09879998877959677
2094,0.6216255281943034,0.28080826251483143,0.09756620929086518
2095,0.6117429888648429,0.2918346059563034,0.09642240517885371
2096,0.6014286680695051,0.30321760928414837,0.09535372264634648
2097,0.5907332794608058,0.3149231095874466,0.09434361095174765
2098,0.5797255153190419,0.3269008983364063,0.09337358634455166
2099,0.5684954195714818,0.3390815566301023,0.09242302379841588
