year,Model Uncertainty,Scenario Uncertainty,Inter-Annual Variability
1980,0.45761479507530256,0.00364165496684288,0.5387435499578546
1981,0.4529967172592153,0.0020929606699152223,0.5449103220708693
1982,0.44892208658836547,0.0010716154109537655,0.5500062980006809
1983,0.445400668268296,0.00046018261093327804,0.5541391491207707
1984,0.44243666763354117,0.00015555631292584298,0.557407776053533
1985,0.4400303813962326,6.963960220705084e-05,0.5598999790015603
1986,0.4381795379894032,0.00012918600090995532,0.5616912760096869
1987,0.43688031971225655,0.00027504684132795824,0.5628446334464157
1988,0.4361280805598048,0.00046102932191090517,0.5634108901182843
1989,0.43591778741883835,0.000652527077008031,0.5634296855041535
1990,0.4362442290567383,0.0008250443767727298,0.5629307265664889
1991,0.4371020334835187,0.0009627005448432771,0.5619352659716381
1992,0.4384855398163855,0.0010567733506661125,0.5604576868329484
1993,0.4403885656736443,0.0011043191660634257,0.5585071151602922
1994,0.44280410928719555,0.001106893838509857,0.5560889968742947
1995,0.4457240211738421,0.00106938754412837,0.5532065912820296
1996,0.44913867904170657,0.000998981414370991,0.5498623395439225
1997,0.4530366867287112,0.0009042300422627882,0.546059083229026
1998,0.45740462617767585,0.0007942711719390063,0.5418011026503852
1999,0.4622268729028606,0.0006781635227385847,0.5370949635744008
2000,0.46748548975827975,0.0005643508512190742,0.5319501593905012
2001,0.47316020337546455,0.00046025069823981,0.5263795459262957
2002,0.47922846453852275,0.00037196310346895357,0.5203995723580083
2003,0.48566558743667165,0.00030409367148338026,0.514030318891845
2004,0.49244495805950633,0.0002596827240280459,0.5072953592164656
2005,0.4995383021308402,0.00024023043795712984,0.5002214674312028
2006,0.5069159937856859,0.0002458060354600836,0.492838200178854
2007,0.5145473919800786,0.0002752274935980231,0.4851773805263234
2008,0.5224011849964587,0.0003262974014223273,0.47727251760211903
2009,0.5304457297490615,0.0003960805045857773,0.4691581897463528
2010,0.538649369738751,0.0004812080723865387,0.4608694221888624
2011,0.5469807197424225,0.0005781960581096426,0.4524410841994679
2012,0.5554089095216375,0.0006837646520678377,0.44390732582629466
2013,0.563903779917589,0.0007951489509413678,0.4353010711314696
2014,0.5724360255384482,0.0009103918008910623,0.4266535826606607
2015,0.5809772879542318,0.0010286128407687512,0.41799409920499947
2016,0.5895001976818323,0.0011502486139322453,0.40934955370423554
2017,0.597978371008237,0.0012772607827952723,0.40074436820896775
2018,0.6063863660038367,0.0014133111718616059,0.3922003228243018
2019,0.6146996041412722,0.001563902768616715,0.3837364930901111
2020,0.6228942652918432,0.00173648777381021,0.3753692469343466
2021,0.6309471638776447,0.0019405429043448295,0.3671122932180105
2022,0.6388356109130212,0.002187613989648741,0.35897677509733006
2023,0.6465372734960749,0.002491330566980963,0.3509713959369441
2024,0.6540300333361796,0.0028673920604300553,0.3431025746033904
2025,0.6612918551466148,0.0033335263098810326,0.33537461854350425
2026,0.6683006677104718,0.003909421046283952,0.3277899112432442
2027,0.6750342635923162,0.004616628822762686,0.32034910758492113
2028,0.6814702221595204,0.00547844500571746,0.3130513328347624
2029,0.6875858592033929,0.006519758946461729,0.3058943818501455
2030,0.6933582075652057,0.0077668774451424664,0.29887491498965185
2031,0.6987640302917806,0.009247320264221658,0.2919886494439977
2032,0.7037798679782291,0.010989587638998797,0.285230544382772
2033,0.7083821236917978,0.013022898541865358,0.27859497776633685
2034,0.7125471841961281,0.015376901420446808,0.27207591438342527
2035,0.7162515769062143,0.01808135740783582,0.2656670656859499
2036,0.7194721634655832,0.02116579777557224,0.25936203875884467
2037,0.7221863654144918,0.02465915888586939,0.2531544756996388
2038,0.7243724207162318,0.028589397189417075,0.2470381820943513
2039,0.72600966543597,0.03298309022852894,0.24100724433550094
2040,0.7270788365337533,0.037865028227185384,0.23505613523906124
2041,0.7275623876275245,0.04325780465285102,0.22917980771962462
2042,0.7274448134508026,0.04918141206223351,0.2233737744869639
2043,0.7267129705912136,0.05565285368456243,0.21763417572422405
2044,0.7253563894836936,0.0626857791364016,0.21195783137990484
2045,0.7233675670385561,0.07029015348438325,0.2063422794770606
2046,0.7207422301289521,0.07847197088129183,0.2007857989897562
2047,0.7174795624971864,0.08723301965519412,0.19528741784761963
2048,0.7135823841901464,0.09657070996573187,0.18984690584412187
2049,0.7090572801549077,0.10647796734964272,0.1844647524954496
2050,0.7039146684708404,0.11694320039758048,0.17914213113157912
2051,0.6981688061359536,0.1279503441660646,0.17388084969798182
2052,0.6918377292600058,0.1394789806235895,0.1686832901164047
2053,0.6849431276132617,0.1515045350434127,0.16355233734332564
2054,0.6775101568538451,0.16399854313258325,0.15849130001357178
2055,0.6695671891638799,0.17692898509508095,0.1535038257410393
2056,0.661145512195399,0.1902606760070743,0.1485938117975268
2057,0.6522789826283779,0.20395570280994063,0.14376531456168146
2058,0.6430036409969524,0.2179738992399125,0.13902245976313513
2059,0.6333573020943961,0.23227334260301727,0.13436935530258662
2060,0.6233791283956218,0.2468108624784344,0.12981000912594387
2061,0.6131091979325857,0.2615425487444132,0.12534825332300117
2062,0.6025880774217526,0.2764242462758314,0.1209876763024161
2063,0.5918564098162841,0.29141202626749685,0.1167315639162191
2064,0.580954525361628,0.3064626244517686,0.11258285018660344
2065,0.5699220815023364,0.32153384031367244,0.1085440781839912
2066,0.5587977412286124,0.3365848877642818,0.10461737100710583
2067,0.5476188904236106,0.3515766970086297,0.10080441256775971
2068,0.5364213987016826,0.36647216336555083,0.09710643793276658
2069,0.5252394255823349,0.3812363424166451,0.09352423200101993
2070,0.5141052711375984,0.39583659246819447,0.09005813639420716
2071,0.503049269278187,0.4102426679465669,0.08670806277524594
2072,0.49209972452888057,0.42442676334727963,0.08347351212383972
2073,0.48128288513029627,0.43836351615469715,0.08035359871500658
2074,0.4706229525727674,0.45202996980526405,0.07734707762196852
2075,0.460142120820647,0.46540550419343757,0.07445237498591548
2076,0.4498606444308879,0.4784717355963489,0.07166761997276311
2077,0.4397969275979546,0.49121239478611317,0.06899067761593211
2078,0.42996763317768016,0.5036131849597586,0.06641918186256127
2079,0.42038780600349585,0.51566162590989,0.06395056808661413
2080,0.41107100742048064,0.5273468878786431,0.061582104700876175
2081,0.4020294580731744,0.5386596186411423,0.059310923285683256
2082,0.39327418554057697,0.5495917674031927,0.0571340470562303
2083,0.38481517386406733,0.5601364088084639,0.05504841732746865
2084,0.3766615139331606,0.570287568131802,0.05305091793503732
2085,0.3688215514614085,0.5800400511614067,0.05113839737718478
2086,0.3613030318979731,0.5893892792876655,0.04930768881436142
2087,0.35411324033909036,0.5983311318461793,0.04755562781473029
2088,0.34725913635751093,0.6068617956193003,0.045879068023188745
2089,0.34074748164179003,0.6149776236669302,0.04427489469127983
2090,0.3345849605562205,0.6226750030644596,0.04274003637931996
2091,0.3287782933433323,0.6299502318911392,0.04127147476552849
2092,0.32333434027763414,0.6367994068967968,0.03986625282556911
2093,0.31826019907441105,0.6432183194005958,0.0385214815249933
2094,0.31356329145198536,0.6492023634921217,0.037234345055893014
2095,0.30925144199295396,0.654746453088442,0.036002104918603964
2096,0.30533294700641395,0.6598449501181446,0.03482210287544154
2097,0.3018166334068707,0.6644916036437888,0.03369176294934055
2098,0.2987119077700333,0.6686794996105591,0.03260859261940768
2099,0.2960287943690234,0.6724010223209208,0.031570183310055844
