year,Model Uncertainty,Scenario Uncertainty,Inter-Annual Variability
1980,0.876563312514297,0.0013265229533617673,0.12211016453234136
1981,0.8729946877728291,0.0008954828199908656,0.12610982940718013
1982,0.8692027374922433,0.0005721333245603912,0.13022512918319634
1983,0.8651932051785319,0.0003401920984348075,0.13446660272303324
1984,0.8609705459465908,0.00018469038306896877,0.13884476367034024
1985,0.8565379620669414,9.201981496756561e-05,0.14337001811809094
1986,0.8518974664688663,4.9949955700473254e-05,0.14805258357543327
1987,0.8470499696808876,4.7622388121936844e-05,0.15290240793099052
1988,0.8419953872528241,7.552631081229687e-05,0.15792908643636355
1989,0.8367327646185141,0.00012546000553061894,0.16314177537595534
1990,0.831260417430749,0.00019048154180698547,0.16854910102744408
1991,0.8255760856801517,0.0002648515198325478,0.17415906280001567
1992,0.8196770994800058,0.00034396978057860415,0.17997893073941568
1993,0.8135605567661109,0.00042430774003976484,0.1860151354938493
1994,0.8072235102733999,0.0005033369873691524,0.19227315273923098
1995,0.8006631637047059,0.0005794549948781679,0.19875738130041593
1996,0.7938770756889649,0.0006519079343874531,0.2054710163766477
1997,0.7868633689792073,0.0007207107497391702,0.2124159202710536
1998,0.7796209449358683,0.0007865642192651622,0.2195924908448665
1999,0.7721496981657209,0.0008507691356818386,0.22699953269859738
2000,0.7644507309903684,0.0009151371090802158,0.2346341319005513
2001,0.7565265627820024,0.0009818986232037854,0.2424915385947939
2002,0.7483813301286721,0.001053608144137435,0.25056506172719045
2003,0.7400209746078776,0.0011330472354825144,0.2588459781566398
2004,0.7314534120711279,0.0012231266061980101,0.26732346132267404
2005,0.7226886794552447,0.0013267883940895758,0.2759845321506657
2006,0.7137390539360995,0.0014469107508525796,0.2848140353130479
2007,0.7046191401606188,0.0015862166572970947,0.29379464318208415
2008,0.6953459209491961,0.0017471901520806417,0.3029068888987233
2009,0.6859387694376103,0.001932002260942826,0.3121292283014468
2010,0.6764194190074272,0.0021424508199018033,0.32143813017267103
2011,0.6668118922608648,0.0023799164534916905,0.3308081912856435
2012,0.6571423881273268,0.0026453390920714694,0.3402122727806016
2013,0.6474391295816774,0.002939217612068968,0.3496216528062537
2014,0.6377321776753476,0.003261635139609823,0.35900618718504257
2015,0.6280532138088469,0.0036123131881305192,0.3683344730030225
2016,0.6184352999959082,0.003990695079472722,0.3775740049246191
2017,0.6089126211225582,0.004396060281075626,0.3866913185963662
2018,0.5995202185108599,0.004827668596698955,0.39565211289244107
2019,0.5902937208967025,0.005284933678196929,0.40442134542510066
2020,0.581269079142938,0.0057676229406037885,0.41296329791645836
2021,0.5724823095874428,0.006276080259281029,0.42124161015327627
2022,0.5639692487009055,0.006811467454817606,0.4292192838442769
2023,0.5557653205509139,0.007376017843283818,0.43685866160580233
2024,0.54790531494566,0.007973295517213663,0.4441213895371262
2025,0.5404231726509842,0.008608451863077106,0.4509683754859387
2026,0.53335177108419,0.009288470850219015,0.4573597580655909
2027,0.5267227026637611,0.010022391797524932,0.46325490553871385
2028,0.5205660370330901,0.010821499696530963,0.4686124632703788
2029,0.5149100561910702,0.011699470474983374,0.4733904733339464
2030,0.5097809522426483,0.01267245923501993,0.4775465885223317
2031,0.5052024844661221,0.013759118067617112,0.4810383974662607
2032,0.5011955830296795,0.014980533291033502,0.4838238836792869
2033,0.49777790561534757,0.01636006881837078,0.4858620255662817
2034,0.494963346807992,0.01792310786419556,0.48711354532781237
2035,0.4927615115229132,0.019696688670852235,0.48754179980623447
2036,0.4911771692164843,0.021709029575595052,0.4871138012079207
2037,0.490209713834315,0.023988952149574208,0.4858013340161107
2038,0.4898526557652792,0.026565208011122818,0.48358213622359797
2039,0.4900931844174513,0.029465732234414142,0.4804410833481346
2040,0.490911836688105,0.03271684449841023,0.47637131881348477
2041,0.4922823065501696,0.036342432703204704,0.4713752607466258
2042,0.4941714329973676,0.04036315530161125,0.46546541170102124
2043,0.496539388614459,0.04479570264456407,0.458664908740977
2044,0.49934008778238953,0.0496521601549732,0.4510077520626373
2045,0.5025218145854049,0.05493950858999066,0.4425386768246044
2046,0.506028058982192,0.06065929731533491,0.4333126437024729
2047,0.5097985354629504,0.0668075084419397,0.42339395609510977
2048,0.513770339655031,0.07337462663217555,0.41285503371279353
2049,0.5178791982585444,0.0803459094234674,0.4017748923179881
2050,0.5220607460774485,0.08770184523319641,0.3902374086893552
2051,0.5262517791684266,0.09541876920328364,0.3783294516282899
2052,0.5303914216994372,0.10346960537816877,0.36613897292239395
2053,0.5344221623838058,0.11182468850834956,0.3537531491078446
2054,0.5382907194500666,0.12045262652364656,0.3412566540262869
2055,0.5419487138363536,0.12932115615087975,0.3287301300127666
2056,0.545353134496153,0.13839795926130988,0.31624890624253715
2057,0.5484666015735212,0.1476514041272514,0.3038819942992274
2058,0.5512574403622923,0.15705118922503974,0.291691370412668
2059,0.5536995844276845,0.16656887703611564,0.27973153853619975
2060,0.5557723383876986,0.176178308484902,0.2680493531273995
2061,0.557460029157777,0.18585590070118688,0.25668407014103617
2062,0.5587515768699004,0.19558083196558357,0.24566759116451597
2063,0.5596400151844606,0.20533512646034427,0.2350248583551953
2064,0.5601219854673698,0.21510365223427852,0.2247743622983517
2065,0.5601972297517352,0.22487404465467487,0.21492872559359003
2066,0.5598681008000893,0.2346365713812143,0.20549532781869637
2067,0.5591390995615614,0.24438395453413125,0.1964769459043074
2068,0.558016455431138,0.25411115894483666,0.18787238562402525
2069,0.5565077516981195,0.26381516041463754,0.17967708788724296
2070,0.5546216016795298,0.27349470214738975,0.17188369617308039
2071,0.5523673764491014,0.2831500450581686,0.16448257849272999
2072,0.5497549830727065,0.29278272000814737,0.15746229691914612
2073,0.5467946929134436,0.3023952823074378,0.1508100247791186
2074,0.543497015682149,0.3119910730380674,0.14451191127978352
2075,0.5398726188129317,0.3215739868230413,0.13855339436402697
2076,0.5359322866146964,0.33114824641962726,0.1329194669656764
2077,0.5316869174070017,0.34071818365286094,0.12759489894013742
2078,0.5271475572188199,0.3502880234191122,0.12256441936206791
2079,0.5223254652122866,0.35986167114237455,0.11781286364533891
2080,0.5172322121048776,0.3694424982670067,0.11332528962811571
2081,0.511879806060848,0.37903312739176664,0.10908706654738547
2082,0.5062808498187586,0.3886352094936416,0.10508394068759964
2083,0.5004487249975079,0.3982491930772345,0.10130208192525743
2084,0.4943978029335158,0.4078740843591209,0.09772811270736334
2085,0.48814368518781925,0.41750719061253244,0.09434912419964815
2086,0.4817034689614343,0.4271438505722562,0.09115268046630952
2087,0.47509604141291567,0.4367771447220856,0.08812681386499868
2088,0.4683423978254768,0.44639758899432946,0.08526001318019369
2089,0.4614659862792401,0.4559928075271587,0.08254120619360118
2090,0.4544930732450255,0.46554718822700164,0.07995973852797279
2091,0.4474531301355428,0.47504152019098866,0.07750534967346845
2092,0.4403792311463388,0.48445262089075536,0.07516814796290591
2093,0.43330846133832734,0.4937529534619524,0.0729385851997202
2094,0.4262823188745224,0.5029102483636818,0.07080743276179585
2095,0.4193471046247903,0.5118871360013056,0.06876575937390401
2096,0.4125542787729046,0.5206408084996252,0.06680491272747018
2097,0.4059607674023618,0.5291227271868445,0.06491650541079355
2098,0.39962919273724046,0.5372784008664123,0.06309240639634713
2099,0.39362800048309604,0.5450472598051168,0.06132473971178704
