year,Model Uncertainty,Scenario Uncertainty,Inter-Annual Variability
1980,0.7575680334851514,0.00034315321260958213,0.24208881330223883
1981,0.7547819502480961,0.0002542906784436067,0.24496375907346027
1982,0.752131919873176,0.0001846595984313272,0.24768342052839265
1983,0.7495993143361033,0.00013105538171706652,0.2502696302821796
1984,0.7471660617930975,9.082995554026999e-05,0.2527431082513623
1985,0.7448149060296707,6.18295426458451e-05,0.2551232644276835
1986,0.7425295982095612,4.2328011788475725e-05,0.25742807377865023
1987,0.7402950301242904,3.0959066025495814e-05,0.25967401080968405
1988,0.7380973187325501,2.6649761913385754e-05,0.26187603150553657
1989,0.7359238495412462,2.8557261171618994e-05,0.26404759319758214
1990,0.7337632880791216,3.601020387162442e-05,0.2662007017170067
1991,0.7316055648186615,4.845560706064636e-05,0.2683459795742779
1992,0.72944184119431,6.541195255564213e-05,0.27049274685313435
1993,0.7272644601095659,8.64287693887178e-05,0.2726491111210454
1994,0.725066885758635,0.00011105295302929913,0.2748220612883357
1995,0.7228436357172051,0.00013880181697699953,0.277017562465818
1996,0.7205902078646371,0.0001691429239005014,0.2792406492114625
1997,0.7183030034106409,0.0002014805570547206,0.2814955160323044
1998,0.7159792486997646,0.0002351487845615092,0.2837856025156738
1999,0.7136169153567966,0.0002694109784205832,0.2861136736647828
2000,0.7112146400719738,0.0003034656690989395,0.28848189425892723
2001,0.7087716450665688,0.0003364586466200812,0.29089189628681106
2002,0.7062876585914971,0.0003675011789415026,0.2933448402295614
2003,0.703762836011968,0.0003956942133913499,0.29584146977464065
2004,0.7011976821731014,0.00042015852599504934,0.29838215930090356
2005,0.6985929747587363,0.00044007058690277766,0.30096695465436096
2006,0.6959496878885022,0.0004547041751899668,0.30359560793630785
2007,0.6932689179105487,0.00046347743551230597,0.30626760465393893
2008,0.6905518098929702,0.00046600539439073976,0.30898218471263905
2009,0.6877994856230809,0.00046215766030145255,0.31173835671661765
2010,0.6850129728281138,0.0004521212160905286,0.3145349059557957
2011,0.6821931373002387,0.00043646797542427115,0.31737039472433703
2012,0.6793406156461168,0.00041622704556831103,0.3202431573083148
2013,0.6764557505765633,0.0003929612300462045,0.3231512881933905
2014,0.6735385294472092,0.0003688475908690788,0.3260926229619217
2015,0.6705885245124449,0.0003467616155374574,0.32906471387201763
2016,0.667604836850903,0.0003303646329974468,0.3320647985160995
2017,0.6645860436887824,0.0003241938432270199,0.3350897624679906
2018,0.661530148964591,0.0003337544644856529,0.33813609657092336
2019,0.6584345390861697,0.0003656131122916939,0.3411998478015386
2020,0.6552959423537354,0.00042749168181022357,0.34427656596445433
2021,0.6521103943833756,0.0005283605184915135,0.3473612450981329
2022,0.6488732090846854,0.000678529677293028,0.35044826123802153
2023,0.645578955614023,0.000889736781636193,0.35353130760434087
2024,0.6422214437212952,0.0011752296099004354,0.3566033266688043
2025,0.6387937158952278,0.0015498414820705974,0.3596564426227016
2026,0.6352880492950836,0.002030056857022812,0.3626818938478936
2027,0.631695967375944,0.0026340644958647045,0.36566996812819125
2028,0.6280082629079761,0.0033817950507825274,0.36860994204124137
2029,0.6242150327873939,0.0042949395730509,0.3714900276395552
2030,0.6203057267095622,0.0053969451551963326,0.3742973281352415
2031,0.6162692105937183,0.006712983428801126,0.3770178059774806
2032,0.6120938456376613,0.00826988798703494,0.3796362663753036
2033,0.6077675842291025,0.010096055740456087,0.3821363600304413
2034,0.6032780838942318,0.012221308333247784,0.3845006077725204
2035,0.5986128394607944,0.014676709102270109,0.38671045143693555
2036,0.5937593340983723,0.017494332124456762,0.3887463337771709
2037,0.5887052078772547,0.020706980640719616,0.39058781148202576
2038,0.5834384445068568,0.02434785222467581,0.3922137032684673
2039,0.5779475730678908,0.028450151583998846,0.39360227534811026
2040,0.5722218831323067,0.03304665120761967,0.3947314656600736
2041,0.5662516496306248,0.038169204075458915,0.3955791462939163
2042,0.5600283623268926,0.04384821430500435,0.396123423368103
2043,0.553544956353076,0.05011207387413075,0.3963429697727933
2044,0.5467960346703844,0.05698657738052218,0.39621738794909334
2045,0.53977807858329,0.06449432815452497,0.395727593262185
2046,0.532489635985557,0.07265415276965,0.39485621124479303
2047,0.5249314820484925,0.0814805416490763,0.3935879763024312
2048,0.5171067420216423,0.09098313661918653,0.39191012135917114
2049,0.5090209720157205,0.1011662843634673,0.38981274362081225
2050,0.5006821890613694,0.11202867706364336,0.38728913387498726
2051,0.4921008474018325,0.1235630968614717,0.3843360557366957
2052,0.48328975847925326,0.13575628044977145,0.3809539610709754
2053,0.4742639529490763,0.14858891491530543,0.37714713213561823
2054,0.4650404874131022,0.16203577181556783,0.3729237407713299
2055,0.4556382005894639,0.17606597913604718,0.36829582027448887
2056,0.44607742526092636,0.19064342796290598,0.36327914677616757
2057,0.4363796651477433,0.20572730169191591,0.3578930331603408
2058,0.42656724653632533,0.2212727128312803,0.35216004063239437
2059,0.4166629581671178,0.23723142465181996,0.34610561718106225
2060,0.4066896897681245,0.25355263540367656,0.33975767482819896
2061,0.39667008265337217,0.2701837966974114,0.3331461206492165
2062,0.3866262026592565,0.2870714399083016,0.32630235743244196
2063,0.376579247004161,0.30416198334517247,0.3192587696506664
2064,0.366549291416211,0.32140249590903663,0.31204821267475236
2065,0.35655508577424505,0.33874139542572074,0.3047035188000342
2066,0.3466138998990116,0.356129066048474,0.2972570340525143
2067,0.3367414242643738,0.37351837872879046,0.28974019700683573
2068,0.32695172188467087,0.3908651102427054,0.28218316787262376
2069,0.31725723282386,0.40812825421911897,0.27461451295702094
2070,0.30766882474243895,0.4252702264011071,0.26706094885645404
2071,0.2981958864303125,0.4422569684495573,0.25954714512013016
2072,0.28884645876716586,0.4590579556149493,0.25209558561788475
2073,0.2796273962263311,0.475646120003462,0.2447264837702069
2074,0.2705445539045719,0.4919976984071075,0.2374577476883206
2075,0.2616029938222474,0.5080920170240809,0.23030498915367173
2076,0.252807204740424,0.5239112248203084,0.2232815704392677
2077,0.24416133156312048,0.5394399858260683,0.21639868261081113
2078,0.23566940809242992,0.5546651434397502,0.2096654484678199
2079,0.2273355912185974,0.5695753632981638,0.20308904548323878
2080,0.21916439165089777,0.5841607675200917,0.19667484082901052
2081,0.21116090026098577,0.598412563067354,0.19042653667166018
2082,0.2033310054156882,0.6123226757709822,0.1843463188133296
2083,0.19568160165946155,0.62588339133393,0.17843500700660833
2084,0.1882207861924251,0.6390870111041188,0.17269220270345617
2085,0.18095804241010155,0.6519255244406335,0.16711643314926508
2086,0.1739044088049499,0.664390301670029,0.1617052895250211
2087,0.1670726308344872,0.6764718113194116,0.15645555784610124
2088,0.1604772948230327,0.6881593627350857,0.15136334244188157
2089,0.15413494014897444,0.6994408786696867,0.14642418118133896
2090,0.148064148891936,0.7103026984929782,0.14163315261508586
2091,0.14228560856499714,0.7207294162779238,0.13698497515707914
2092,0.13682214510110366,0.7307037563197155,0.13247409857918085
2093,0.13169872265261867,0.7402064890859162,0.12809478826146525
2094,0.1269424055425258,0.7492163913801734,0.12384120307730076
2095,0.12258227883640452,0.757710254502358,0.11970746666123765
2096,0.11864932230814429,0.7656629441205747,0.11568773357128104
2097,0.11517623465424194,0.7730475153031061,0.11177625004265174
2098,0.1121972030624064,0.7798353867862946,0.1079674101512989
2099,0.10974761539720058,0.7859965769954037,0.1042558076073957
