year,Model Uncertainty,Scenario Uncertainty,Inter-Annual Variability
1980,0.6030693856416522,0.0002533183990906541,0.3966772959592571
1981,0.5839843418198887,0.00020936675632699742,0.4158062914237844
1982,0.5655955694656375,0.00017960592995606395,0.4342248246044064
1983,0.5479833734197272,0.0001589376603112936,0.45185768891996164
1984,0.5312007039943961,0.00014330244401080468,0.4686559935615931
1985,0.5152755475154599,0.00012975834758031354,0.4845946941369599
1986,0.5002145476180799,0.00011647443577231188,0.4996689779461477
1987,0.48600737574196196,0.00010265156529182042,0.5138899726927463
1988,0.47263139588416414,8.838705572060979e-05,0.5272802170601152
1989,0.4600562421221129,7.450119064507351e-05,0.5398692566872421
1990,0.44824801892779154,6.234220784151679e-05,0.551689638864367
1991,0.4371729379132183,5.358436844315669e-05,0.5627734777183385
1992,0.4268002744001125,5.0030813615779134e-05,0.5731496947862718
1993,0.4171046194241346,5.343017378092134e-05,0.5828419504020844
1994,0.40806742561645776,6.531342645538688e-05,0.5918672609570869
1995,0.39967789946903404,8.685580712448709e-05,0.6002352447238415
1996,0.39193329410461614,0.00011876709976525179,0.6079479387956186
1997,0.3848386762592399,0.00016121292121173703,0.6150001108195483
1998,0.3784062371206151,0.00021376879780518173,0.6213799940815796
1999,0.3726542241764183,0.0002754086203712448,0.6270703672032104
2000,0.36760556333274724,0.00034452825609721074,0.6320499084111556
2001,0.3632862510537701,0.00041900462726390006,0.636294744318966
2002,0.3597235860480082,0.0004962895362020822,0.6397801244157898
2003,0.3569443277250076,0.0005735365648543289,0.642482135710138
2004,0.3549728504515036,0.0006477578436090807,0.6443793917048873
2005,0.35382938199773795,0.0007160065252320797,0.64545461147703
2006,0.3535283956934937,0.0007755789300956066,0.6456960253764107
2007,0.35407722658255425,0.0008242297783428769,0.6450985436391028
2008,0.3554749713811352,0.0008603927335887158,0.6436646358852761
2009,0.35771171183426254,0.0008833980683301861,0.6414048900974073
2010,0.3607680906857576,0.0008936799120909541,0.6383382294021515
2011,0.36461524216242547,0.0008929656748165787,0.6344917921627579
2012,0.3692150689267741,0.0008844415845061154,0.6299004894887199
2013,0.3745208307913946,0.0008728900573543454,0.6246062791512511
2014,0.3804779966952912,0.00086479588503769,0.618657207419671
2015,0.38702530940529645,0.0008684204703815674,0.612106270124322
2016,0.39409599033044235,0.000893844780257669,0.6050101648893
2017,0.40161902648494485,0.0009529832114032851,0.5974279903036519
2018,0.4095204721212756,0.001059571671090254,0.5894199562076341
2019,0.4177247118894403,0.0012291334732363929,0.5810461546373233
2020,0.4261556390477231,0.0014789275819686385,0.5723654333703083
2021,0.4347377142146203,0.001827882809405143,0.5634344029759745
2022,0.4433968780499806,0.002296521207014575,0.5543066007430048
2023,0.4520613114547943,0.00290687372301121,0.5450318148221945
2024,0.460662034242887,0.0036823891236786458,0.5356555766334344
2025,0.46913335431357606,0.004647837136189653,0.5262188085502343
2026,0.4774131750381205,0.005829205415307525,0.516757619546572
2027,0.4854431822919406,0.00725358835389091,0.5073032293541685
2028,0.4931689260292821,0.00894906608761332,0.4978820078831047
2029,0.5005398242678528,0.01094457021336219,0.488515605518785
2030,0.507509104175922,0.01326973284849042,0.47922116297558764
2031,0.5140337048549513,0.015954715219901557,0.4700115799251473
2032,0.5200741606414141,0.019030011628130433,0.4608958277304554
2033,0.5255944761414474,0.022526225603931267,0.4518792982546214
2034,0.530562016145277,0.026473813737801766,0.44296417011692124
2035,0.5349474099271919,0.030902796432327333,0.4341497936404809
2036,0.538724490922223,0.03584243139018783,0.4254330776875892
2037,0.5418702667660521,0.04132085137125204,0.4168088818626958
2038,0.5443649296777798,0.0473646664392989,0.40827040388292135
2039,0.5461919039076499,0.05399853377709308,0.39980956231525694
2040,0.5473379309822167,0.06124469886450497,0.39141737015327815
2041,0.5477931847136267,0.06912251688533724,0.38308429840103614
2042,0.5475514128858443,0.0776479614329366,0.3748006256812191
2043,0.5466100939544363,0.08683313390247027,0.36655677214309346
2044,0.5449705994412237,0.0966857855129478,0.3583436150458285
2045,0.542638350983676,0.10720886813555579,0.35015278088076823
2046,0.5396229559840001,0.11840013079645781,0.34197691321954216
2047,0.5359383128515743,0.130251778122663,0.33380990902576263
2048,0.5316026703015106,0.14275020810822173,0.3256471215902677
2049,0.5266386274577406,0.15587584716215558,0.31748552538010383
2050,0.5210730675869281,0.16960309395482048,0.30932383845825134
2051,0.5149370155269282,0.18390038519129256,0.3011625992817792
2052,0.5082654122425485,0.19873039023775502,0.2930041975196965
2053,0.5010968083468519,0.2140503361661732,0.284852855486975
2054,0.4934729757044524,0.22981246241853537,0.27671456187701227
2055,0.4854384439616219,0.2459645964837482,0.2685969595546299
2056,0.4770399737982593,0.2624508352336556,0.2605091909680851
2057,0.46832597435102197,0.27921231886834436,0.25246170678063373
2058,0.45934589041586954,0.2961880672137949,0.24446604237033565
2059,0.45014956558941327,0.3133158618081778,0.23653457260240895
2060,0.4407866107466801,0.33053313907504767,0.22868025017827237
2061,0.4313057893505313,0.34777787176373637,0.2209163388857324
2062,0.4217544408768682,0.36498941140572444,0.21325614771740733
2063,0.41217795800913903,0.38210926544128376,0.20571277654957723
2064,0.4026193291169908,0.39908179254399007,0.19829887833901907
2065,0.39311875861130446,0.4158547961165545,0.19102644527214102
2066,0.3837133698086366,0.43238000715547215,0.18390662303589125
2067,0.37443699441817574,0.448613448589947,0.17694955699187717
2068,0.3653200479044935,0.46451568129819043,0.17016427079731608
2069,0.3563894885603737,0.4800519316669281,0.16355857977269814
2070,0.34766885239809525,0.4951921112142838,0.15713903638762095
2071,0.33917835925000683,0.5099107341153026,0.15091090663469048
2072,0.3309350770783792,0.5241867481455553,0.14487817477606543
2073,0.3229531379868324,0.5380032895238857,0.1390435724892819
2074,0.31524399300166595,0.5513473780266007,0.1334086289717333
2075,0.3078166962536503,0.5642095656676246,0.12797373807872509
2076,0.30067821129925654,0.57658355024249,0.12273823845825357
2077,0.2938337261535815,0.5884657705818886,0.11770050326453005
2078,0.2872869735442499,0.5998549909394336,0.11285803551631629
2079,0.28104054670322287,0.610751886574516,0.10820756672226108
2080,0.2750962084820666,0.6211586357842871,0.10374515573364644
2081,0.2694551839855899,0.6310785303233049,0.09946628569110513
2082,0.26411844053980166,0.6405156020661904,0.09536595739400787
2083,0.25908694440822944,0.6494742775267875,0.09143877806498324
2084,0.25436189916842467,0.6579590571766301,0.08767904365494525
2085,0.2499449602884266,0.6659742245045059,0.0840808152070676
2086,0.2458384268417146,0.6735235850021264,0.08063798815615904
2087,0.24204540987944334,0.680610235518662,0.07734435460189464
2088,0.2385699764214017,0.6872363645932523,0.07419365898534608
2089,0.23541726941387217,0.6934030837002105,0.07117964688591735
2090,0.23259360440447313,0.6991102879084877,0.06829610768703923
2091,0.2301065408633614,0.7043565477241119,0.06553691141252665
2092,0.2279649295060251,0.7091390303297254,0.06289604016424957
2093,0.2261789347831693,0.7134534505350159,0.060367614681814945
2094,0.22476003116226767,0.7172940523032494,0.05794591653448298
2095,0.22372097405398672,0.7206536194958066,0.05562540645020678
2096,0.22307574268608177,0.7235235180128862,0.05340073930103215
2097,0.22283945584938816,0.7258937680715598,0.05126677607905213
2098,0.2230282585443512,0.7277531482501682,0.04921859320548056
2099,0.22365917847323782,0.7290893316017231,0.04725148992503907
