year,Model Uncertainty,Scenario Uncertainty,Inter-Annual Variability
1980,0.714874487159552,7.802643899944251e-05,0.2850474864014485
1981,0.709484752425057,5.012085352373431e-05,0.29046512672141933
1982,0.7045312831185335,3.337207110624887e-05,0.2954353448103604
1983,0.6999176226926326,2.4333748162131313e-05,0.3000580435592054
1984,0.6955516857677079,2.0267764885140005e-05,0.304428046467407
1985,0.6913483509160655,1.9107216516558238e-05,0.30863254186741784
1986,0.6872310467975904,1.939106538937868e-05,0.3127495621370202
1987,0.6831325585056794,2.0183180866126356e-05,0.31684725831345445
1988,0.6789952671961594,2.098533330912295e-05,0.32098374747053154
1989,0.6747710134476641,2.1650535436057492e-05,0.3252073360168998
1990,0.6704207346206739,2.2300728461310607e-05,0.3295569646508648
1991,0.665913987930013,2.3250883983962055e-05,0.3340627611860031
1992,0.6612284405919239,2.4940376029618046e-05,0.3387466190320465
1993,0.656349373976586,2.787159021488778e-05,0.3436227544331991
1994,0.6512692308825538,3.2555509063207206e-05,0.34869821360838293
1995,0.6459872165490759,3.9463706018816806e-05,0.3539733197449053
1996,0.6405089492095656,4.89864063027762e-05,0.35944206438413157
1997,0.6348461507047704,6.139635650945243e-05,0.3650924529387202
1998,0.629016358809291,7.681854666216902e-05,0.3709068226440469
1999,0.6230426382905468,9.520611003170611e-05,0.3768621555994215
2000,0.616953270231355,0.00011632298503136767,0.38293040678361345
2001,0.6107813936363045,0.00013973414288482734,0.38907887222081083
2002,0.6045645783118743,0.00016480438915677904,0.39527061729896895
2003,0.5983443095404859,0.00019070678041093522,0.4014649836791032
2004,0.5921653711395454,0.00021644172807242448,0.40761818713238207
2005,0.5860751187501627,0.00024086759845319617,0.41368401365138413
2006,0.5801226419837303,0.00026274348328906053,0.41961461453298077
2007,0.5743578258543174,0.00028078425163249605,0.42536138989405026
2008,0.5688303282082768,0.00029372760134464517,0.4308759441903786
2009,0.5635884985023992,0.0003004121580975653,0.4361110893395032
2010,0.5586782745045242,0.0002998651026021512,0.44102186039287355
2011,0.5541420948930169,0.0002913970823276621,0.4455665080246553
2012,0.5500178731605045,0.0002747019966672826,0.4497074248428281
2013,0.5463380764775123,0.0002499583553023284,0.45341196516718546
2014,0.5431289509623158,0.00021792918866050213,0.4566531198490236
2015,0.5404099260571472,0.00018005733619694543,0.4594100166066558
2016,0.5381932280853075,0.0001385531132590073,0.4616682188014336
2017,0.5364837119052648,9.647195610904486e-05,0.463419816138626
2018,0.5352789175664534,5.7780092114359596e-05,0.4646633023414322
2019,0.5345693388678567,2.740705110149701e-05,0.4654032540810419
2020,0.5343388835978677,1.1284474800770507e-05,0.4656498319273315
2021,0.5345654970633564,1.637129586076836e-05,0.46541813164078294
2022,0.53522190954925,5.066592064906386e-05,0.46472742453010113
2023,0.5362764721293234,0.00012320632595606772,0.4636003215447205
2024,0.537694036954635,0.00024405922144617696,0.4620619038239189
2025,0.5394368484461133,0.00042429930289560047,0.46013885225099116
2026,0.5414654084785004,0.0006759794863901046,0.4578586120351095
2027,0.5437392919150552,0.0010120926133077742,0.4552486154716371
2028,0.5462178871401309,0.0014465246857969017,0.45233558817407227
2029,0.5488610525357255,0.001993999145401518,0.449144948318873
2030,0.5516296763078052,0.002670011239085669,0.4457003124531091
2031,0.5544861402033177,0.003490750944319314,0.44202310885236307
2032,0.5573946886977952,0.004473012786788167,0.4381322985154167
2033,0.5603217084768485,0.005634090077153587,0.43404420144599803
2034,0.5632359284030585,0.0069916518983262005,0.42977241969861535
2035,0.5661085474285714,0.008563600247356567,0.425327852324072
2036,0.5689133035452005,0.010367905596557423,0.420718790858242
2037,0.5716264906054648,0.01242242007921177,0.4159510893153233
2038,0.5742269369786231,0.014744667083218381,0.41102839593815854
2039,0.5766959496197281,0.017351608417192396,0.4059524419630794
2040,0.5790172373634391,0.020259390375054646,0.4007233722615061
2041,0.581176812975657,0.023483072295427662,0.39534011472891534
2042,0.5831628837870886,0.027036342041865506,0.38980077417104597
2043,0.5849657330151766,0.030931224990788278,0.3841030419940351
2044,0.586577592753027,0.03517779425077156,0.3782446129962013
2045,0.5879925128125641,0.039783891684381144,0.37222359550305467
2046,0.5892062247919794,0.04475487005559665,0.36603890515242393
2047,0.590216001172544,0.05009336716371051,0.3596906316637455
2048,0.5910205119766895,0.055799123703692645,0.35318036431961786
2049,0.5916196759528098,0.06186885483720692,0.3465114692099832
2050,0.5920145096382117,0.06829618531475963,0.33968930504702866
2051,0.5922069718078669,0.07507165565029526,0.33272137254183787
2052,0.5921998077127449,0.08218280344438025,0.32561738884287483
2053,0.5919963908598441,0.0896143223810434,0.31838928675911243
2054,0.591600567780324,0.09734829604239552,0.3110511361772804
2055,0.5910165059246628,0.10536450157330017,0.30361899250203706
2056,0.590248547565353,0.11364077465021084,0.2961106777844363
2057,0.5893010740387088,0.12215342203913983,0.2885455039221514
2058,0.5881783818984282,0.13087766884613444,0.2809439492554373
2059,0.5868845737378457,0.1397881238638841,0.2733273023982702
2060,0.5854234671639742,0.14885924566067163,0.26571728717535426
2061,0.5837985221547648,0.1580657947950882,0.25813568305014706
2062,0.5820127904279043,0.16738325407212565,0.25060395549997005
2063,0.5800688860155511,0.17678820627178513,0.24314290771266392
2064,0.5779689784707851,0.18625865669548403,0.23577236483373099
2065,0.5757148070292541,0.19577429426049348,0.22851089871025237
2066,0.5733077180224336,0.2053166836664236,0.22137559831114273
2067,0.5707487219443003,0.21486938885820522,0.21438188919749446
2068,0.5680385696644963,0.2244180276247952,0.2075434027107085
2069,0.5651778494690667,0.23395025785231774,0.20087189267861552
2070,0.5621670992351333,0.2434557031720242,0.19437719759284253
2071,0.5590069386058786,0.25292581916768936,0.18806724222643212
2072,0.5556982154915688,0.2623537099410751,0.18194807456735596
2073,0.5522421698117509,0.27173389922966,0.17602393095858898
2074,0.5486406158490746,0.28106205986581617,0.17029732428510913
2075,0.5448961388143312,0.29033471247768006,0.16476914870798878
2076,0.5410123129746316,0.2995488915142996,0.15943879551106882
2077,0.5369939365740349,0.3087017877137004,0.15430427571226465
2078,0.5328472892607705,0.3177903665626561,0.14936234417657343
2079,0.5285804098583965,0.3268109673636101,0.14460862277799344
2080,0.5242033981565689,0.335758882367848,0.14003771947558313
2081,0.5197287383383477,0.3446279203800159,0.1356433412816366
2082,0.5151716470883162,0.353409952925536,0.1314183999861479
2083,0.5105504407398207,0.36209444892039844,0.12735511033978092
2084,0.5058869236827053,0.37066799595592087,0.12344508036137398
2085,0.5012067871832039,0.37911381822435686,0.1196793945924393
2086,0.4965400165239319,0.38741129184509754,0.11604869163097054
2087,0.4919212913757845,0.3955354713783781,0.11254323724583742
2088,0.4873903679748955,0.4034566368386742,0.10915299518643018
2089,0.48299242133218545,0.4111398804732494,0.1058676981945653
2090,0.47877832658030367,0.4185447519512537,0.1026769214684427
2091,0.4748048465604262,0.4256249916164281,0.09957016182314561
2092,0.4711346955286545,0.4323283797223295,0.0965369247490161
2093,0.4678364350043251,0.43859674224423745,0.09356682275143743
2094,0.4649841629758401,0.44436615044693434,0.09064968657722565
2095,0.46265694833031634,0.44956736012369725,0.08777569154598648
2096,0.460937969833894,0.45412653056417,0.08493549960193593
2097,0.45991331930066043,0.45796626412978186,0.08212041656955779
2098,0.4596704434940725,0.46100699410848567,0.07932256239744191
2099,0.46029621259827225,0.4631687366380791,0.0765350507636486
