year,Model Uncertainty,Scenario Uncertainty,Inter-Annual Variability
1980,0.7196505051835161,0.0007845848695045067,0.27956490994697936
1981,0.7107466737165927,0.0005591796566924177,0.28869414662671483
1982,0.7020785766445754,0.0003815998399089937,0.29753982351551556
1983,0.6936630320531584,0.0002461466822228849,0.3060908212646187
1984,0.6855119229582549,0.00014727860339081876,0.3143407984383543
1985,0.6776326466553899,7.972955400091956e-05,0.3222876237906091
1986,0.6700286589462107,3.8601410622555244e-05,0.3299327396431668
1987,0.662700075329955,1.943022327929973e-05,0.3372804944467657
1988,0.6556442957741168,1.8227724135671917e-05,0.3443374765017476
1989,0.6488566221142846,3.1500437279407325e-05,0.35111187744843597
1990,0.642330845733376,5.6249537060399424e-05,0.35761290472956375
1991,0.6360597872396229,8.995480749803208e-05,0.3638502579528791
1992,0.6300357762234523,0.00013054627028007116,0.36983367750626744
1993,0.6242510644713367,0.00017636681892016425,0.37557256870974315
1994,0.618698168985899,0.00022612903397767076,0.3810757019801233
1995,0.6133701448446459,0.0002788688672285952,0.3863509862881255
1996,0.6082607918076346,0.0003338987395591003,0.3914053094528064
1997,0.6033647965697004,0.00039076191242584586,0.39624444151787375
1998,0.5986778187712147,0.00044918993682649947,0.40087299129195875
1999,0.5941965240513093,0.0005090644000279662,0.4052944115486626
2000,0.5899185724566687,0.0005703841270578793,0.4095110434162734
2001,0.5858425675979214,0.0006332385057723124,0.41352419389630624
2002,0.5819679720153592,0.0006977875892118032,0.417334240395429
2003,0.5782949968100316,0.0007642493552497685,0.4209407538347188
2004,0.57482446939717,0.0008328942721788172,0.4243426363306512
2005,0.5715576847365194,0.0009040472859062058,0.42753826797757444
2006,0.5684962462968188,0.0009780971199266774,0.4305256565832544
2007,0.5656419011544815,0.0010555127355830972,0.4333025861099352
2008,0.5629963727413924,0.0011368665910716966,0.435866760667536
2009,0.5605611965826804,0.0012228641869298463,0.4382159392303896
2010,0.5583375610996187,0.001314379653047472,0.4403480592473337
2011,0.5563261587062915,0.001412496368981506,0.442261344924727
2012,0.5545270478782316,0.0015185522243519724,0.44395439989741636
2013,0.5529395302595107,0.001634188625034876,0.4454262811154545
2014,0.5515620432190339,0.0017614023995826996,0.44667655438138326
2015,0.5503920700242214,0.0019025998110540848,0.4477053301647243
2016,0.5494260685203785,0.0020606517806889013,0.4485132796989326
2017,0.5486594172953858,0.0022389493435414696,0.4491016333610727
2018,0.5480863810890015,0.002441458500135029,0.4494721604108633
2019,0.547700092730865,0.0026727736942096163,0.4496271335749255
2020,0.5474925525664345,0.0029381686660931525,0.44956927876747244
2021,0.5474546430431951,0.0032436444221995327,0.4493017125346053
2022,0.5475761566184152,0.0035959727083156165,0.4488278706732693
2023,0.5478458361774495,0.004002735100363168,0.4481514287221873
2024,0.5482514256782864,0.004472355963984194,0.4472762183577295
2025,0.5487797300698573,0.005014129141793986,0.4462061407883487
2026,0.5494166808145812,0.005638237340123107,0.44494508184529563
2027,0.5501474083433704,0.006355763236174312,0.44349682842045535
2028,0.5509563179481972,0.007178691733136872,0.4418649903186659
2029,0.5518271687109735,0.008119902216870492,0.44005292907215604
2030,0.5527431545348219,0.009193149996536724,0.4380636954686413
2031,0.5536869871722131,0.010413036222783471,0.4358999766050034
2032,0.5546409797128493,0.011794964756733403,0.4335640555304172
2033,0.5555871319483632,0.013355085768941378,0.4310577822826954
2034,0.5565072162527348,0.015110224469410297,0.4283825592778549
2035,0.5573828655041178,0.017077794651750057,0.4255393398441322
2036,0.5581956628209647,0.01927569584743519,0.4225286413316002
2037,0.5589272333360459,0.021722194001247624,0.4193505726627064
2038,0.5595593398991574,0.02443578473557525,0.41600487536526737
2039,0.5600739816685117,0.027435039866633593,0.4124909784648546
2040,0.5604534968356437,0.030738436434001766,0.4088080667303545
2041,0.5606806696826835,0.03436417018916931,0.4049551601281472
2042,0.5607388427448767,0.03832995329009855,0.4009312039650248
2043,0.5606120316932401,0.042652799596054045,0.39673516871070585
2044,0.5602850458752929,0.04734879810775386,0.3923661560169531
2045,0.5597436095689144,0.05243287920398139,0.38782351122710407
2046,0.5589744870999538,0.05791857527283339,0.38310693762721293
2047,0.5579656067762059,0.06381778211628264,0.3782166111075114
2048,0.55670618380807,0.0701405231860368,0.3731532930058931
2049,0.555186838628705,0.07689472442245747,0.3679184369488375
2050,0.5533997097224417,0.08408600257243797,0.36251428770512023
2051,0.5513385567353236,0.0917174739819973,0.3569439692826791
2052,0.5489988521504632,0.09978958914684571,0.3512115587026912
2053,0.5463778590003727,0.10829999721774855,0.34532214378187875
2054,0.5434746906553927,0.11724344669277255,0.33928186265183474
2055,0.5402903525667384,0.12661172487964117,0.3330979225536204
2056,0.5368277622066652,0.13639363983845443,0.3267785979548804
2057,0.5330917467693671,0.14657504720893574,0.32033320602169707
2058,0.5290890176416962,0.1571389217453559,0.31377206061294793
2059,0.5248281219125067,0.16806547331852173,0.3071064047689716
2060,0.5203193706030168,0.17933230632623687,0.30034832307074627
2061,0.5155747457128337,0.1909146175825539,0.29351063670461236
2062,0.5106077878532439,0.20278542974407482,0.2866067824026812
2063,0.5054334671941848,0.21491585367003144,0.2796506791357838
2064,0.5000680394930681,0.22727537459265573,0.27265658591427616
2065,0.49452889323422744,0.23983215285935444,0.26563895390641795
2066,0.4888343893228784,0.2525533341226381,0.2586122765544837
2067,0.48300369757786,0.26540536109624413,0.25159094132589577
2068,0.4770566353292298,0.27835427793983775,0.24458908673093263
2069,0.47101350935893516,0.2913660238310683,0.23762046680999666
2070,0.4648949667912119,0.3044067059138931,0.230698327294895
2071,0.45872185515098624,0.3174428512159287,0.22383529363308505
2072,0.452515097580407,0.3304416276689228,0.21704327475067017
2073,0.4462955809562586,0.3433710375038707,0.2103333815398706
2074,0.44008406119799043,0.3562000763491805,0.20371586245282913
2075,0.4339010848376015,0.36889885976631914,0.19720005539607927
2076,0.4277669278572226,0.3814387165155514,0.190794355627226
2077,0.4217015500310789,0.3937922504843101,0.18450619948461103
2078,0.4157245656088586,0.4059333723030855,0.17834206208805575
2079,0.40985522809078545,0.4178373031359072,0.17230746877330747
2080,0.4041124268289523,0.4294805556400409,0.16640701753100695
2081,0.39851469485080343,0.4408408933110906,0.16064441183810604
2082,0.3930802253448919,0.45189727238110444,0.15502250227400383
2083,0.3878268944354942,0.46262977116859727,0.14954333439590858
2084,0.38277228827380777,0.47301950948279564,0.14420820224339653
2085,0.37793373145801007,0.48304856287500675,0.13901770566698324
2086,0.3733283165783395,0.4926998734905705,0.13397180993109012
2087,0.3689729301194683,0.5019571630182296,0.1290699068623021
2088,0.3648842746569518,0.5108048494227347,0.12431087592031348
2089,0.3610788850108314,0.5192279703406333,0.11969314464853544
2090,0.35757313586193173,0.5272121164649116,0.11521474767315666
2091,0.35438324091809553,0.5347433756253215,0.11087338345658294
2092,0.3515252405087945,0.5418082911301079,0.10666646836109765
2093,0.34901497820369265,0.5483938338660378,0.10259118793026958
2094,0.34686806378812746,0.5544873917386708,0.0986445444732018
2095,0.34509982401113476,0.5600767744540617,0.09482340153480372
2096,0.343725239233955,0.565150236363447,0.09112452440259812
2097,0.34275886637792463,0.5696965164453535,0.08754461717672181
2098,0.3422147487516313,0.573704895236968,0.08408035601140071
2099,0.34210631312941736,0.5771652680388153,0.08072841883176729
