year,Model Uncertainty,Scenario Uncertainty,Inter-Annual Variability
1980,0.6019798570983723,0.0009287122550037341,0.39709143064662406
1981,0.6021871662950796,0.0005277275007920775,0.3972851062041283
1982,0.6020970046953583,0.0002678285220549218,0.39763516678258676
1983,0.6017052997731767,0.00011369845410113058,0.3981810017727223
1984,0.6010099470438851,3.641183053845143e-05,0.3989536411255766
1985,0.6000103775029061,1.2633562607241843e-05,0.39997698893448663
1986,0.598707228571055,2.3857126918671037e-05,0.4012689143020263
1987,0.5971021047188946,5.5700542143893755e-05,0.40284219473896155
1988,0.5951974128671222,9.726877783264609e-05,0.4047053183550451
1989,0.5929962602904415,0.00014058470055498213,0.40686315500900355
1990,0.5905024035761073,0.0001800863334822546,0.40931751009041034
1991,0.587720235876278,0.0002121858569903929,0.4120675782667316
1992,0.58465480803582,0.00023488467602604806,0.41511030728815396
1993,0.581311871188704,0.00024743840691658544,0.4184406904043795
1994,0.5776979380434832,0.00025006581488940243,0.4220519961416274
1995,0.5738203548171988,0.0002436964059547299,0.4259359487768464
1996,0.5696873784821919,0.00022975177912006677,0.43008286973868803
1997,0.5653082567037622,0.00020995685387352914,0.43448178644236435
1998,0.560693304891441,0.00018617776413754622,0.4391205173444215
1999,0.5558539757123322,0.00016028386494573626,0.443985740422722
2000,0.5508029189896585,0.00013403218091587583,0.4490630488294256
2001,0.5455540300112106,0.00010897312352293514,0.4543369968652664
2002,0.5401224777457676,8.637678932198394e-05,0.45979114546491046
2003,0.5345247181942226,6.717980394420881e-05,0.46540810200183313
2004,0.5287784838735978,5.1952783216415836e-05,0.4711695633431858
2005,0.522902751047697,4.088889397151288e-05,0.4770563600583314
2006,0.5169176831413196,3.381413874025962e-05,0.4830485027199401
2007,0.510844546690813,3.0219893012100624e-05,0.48912523341617486
2008,0.5047056054089817,2.9318423417727054e-05,0.49526507616760057
2009,0.49852398475912746,3.0121690514105156e-05,0.5014458935503584
2010,0.4923235151393244,3.1543728729215385e-05,0.5076449411319465
2011,0.48612855141902345,3.25264413527158e-05,0.5138389221396239
2012,0.47996377105514987,3.2188295354228214e-05,0.5200040406494958
2013,0.473853955578791,2.9994927815724987e-05,0.5261160494933932
2014,0.4678237569315115,2.5950188702248184e-05,0.5321502928797862
2015,0.46189745190111164,2.080553322912118e-05,0.5380817425656591
2016,0.45609869035885,1.6285110996246747e-05,0.5438850245301539
2017,0.450450239200188,1.5323306419418497e-05,0.5495344374933926
2018,0.4449737274609292,2.2310799940057965e-05,0.5550039617391308
2019,0.4396893964418948,4.3344634171898436e-05,0.5602672589239333
2020,0.43461585673496117,8.647708567621931e-05,0.5652976661793626
2021,0.42976985822834946,0.00016195752595975896,0.5700681842456908
2022,0.4251660767977439,0.0002824608604045051,0.5745514623418516
2023,0.42081691442091607,0.000463295368478573,0.5787197902106054
2024,0.41673232487027334,0.000722582489416044,0.5825450926403106
2025,0.41291965963961574,0.0010814002080550766,0.5859989401523292
2026,0.40938353912106035,0.001563881529936274,0.5890525793490035
2027,0.40612574970218396,0.002197259117225186,0.5916769911805909
2028,0.403145172230438,0.003011847088966956,0.593842980680595
2029,0.4004377376072869,0.004040950915011701,0.5955213114777015
2030,0.39799641636347993,0.0053206972428838095,0.5966828863936363
2031,0.3958112427907648,0.006889775766598188,0.597298981442637
2032,0.3938693743357264,0.008789087220766574,0.597341538443507
2033,0.3921551907605961,0.011061293247375377,0.5967835159920287
2034,0.3906504321628241,0.013750266569193875,0.595599301267982
2035,0.3893343810476981,0.016900443238254712,0.5937651757140472
2036,0.38818408639827534,0.020556082948597496,0.5912598306531273
2037,0.38717463278257247,0.02476044702583864,0.5880649201915888
2038,0.3862794520228369,0.029554910827735932,0.5841656371494272
2039,0.38547067621894826,0.03497802838785737,0.5795512953931944
2040,0.38471952826145744,0.04106457709127104,0.5742158946472716
2041,0.38399674395044153,0.047844610827820336,0.5681586452217383
2042,0.38327301763043287,0.05534255389523046,0.5613844284743368
2043,0.38251946326302805,0.0635763725684269,0.553904164168545
2044,0.38170807675365054,0.07255685788114155,0.5457350653652079
2045,0.3808121893157967,0.08228705389917317,0.53690075678503
2046,0.3798068974174055,0.09276186162978046,0.5274312409528139
2047,0.3786694547365856,0.1039678397642303,0.5173627054991841
2048,0.3773796149308891,0.11588322078157758,0.5067371642875332
2049,0.37591991198694785,0.12847814641510233,0.49560194159794974
2050,0.37427587019994357,0.14171511821686666,0.4840090115831898
2051,0.3724361373192089,0.15554965073416885,0.47201421194662224
2052,0.3703925370814445,0.16993110195810365,0.45967636096045195
2053,0.3681400423805124,0.1848036494260046,0.447056308193483
2054,0.3656766731895366,0.20010737520362037,0.4342159516068429
2055,0.3630033258552421,0.215779414803028,0.42121725934172993
2056,0.36012354388897366,0.23175513216065843,0.40812132395036793
2057,0.3570432412774313,0.24796927542488978,0.3949874832976789
2058,0.35377039237757224,0.26435707589821156,0.3818725317242162
2059,0.35031470043859686,0.28085526101402575,0.36883003854737734
2060,0.34668725748797574,0.2974029530952872,0.35590978941673707
2061,0.3429002087735672,0.3139424354175208,0.34315735580891193
2062,0.33896643020039063,0.33041977742961554,0.3306137923699939
2063,0.33489922903841024,0.34678531246755046,0.31831545849403936
2064,0.3307120727089283,0.36299397210783646,0.3062939551832352
2065,0.3264183515395274,0.3790054854640219,0.2945761629964507
2066,0.3220311773559522,0.39478445266061774,0.28318436998343016
2067,0.3175632188970983,0.41030031024035535,0.2721364708625463
2068,0.3130265737063432,0.42552720186979026,0.2614462244238665
2069,0.3084326749324848,0.4404437728257279,0.2511235522417874
2070,0.30379223010284423,0.45503290364170224,0.24117486625545362
2071,0.29911518927154995,0.4692813987868425,0.23160341194160775
2072,0.2944107386988248,0.48317964555169474,0.22240961574948054
2073,0.2896873172145756,0.4967212531902336,0.21359142959519087
2074,0.2849526514545164,0.5099026850988926,0.20514466344659105
2075,0.28021380562450554,0.5227228925057532,0.19706330186974125
2076,0.2754772458706774,0.5351829548643391,0.1893397992649835
2077,0.27074891298467046,0.5472857340948126,0.18196535292051694
2078,0.2660343039063822,0.5590355455913952,0.17493015050222258
2079,0.26133855848959003,0.5704378481950021,0.16822359331540782
2080,0.2566665512861474,0.5814989548776303,0.1618344938362224
2081,0.2520229863090293,0.592225764141471,0.15575124954949965
2082,0.24741249405513746,0.6026255120999064,0.14996199384495604
2083,0.24283973036194942,0.6127055443009211,0.14445472533712966
2084,0.2383094768284673,0.6224731056402206,0.1392174175313122
2085,0.23382674231993186,0.6319351472812897,0.13423811039877842
2086,0.2293968660068255,0.6410981482601713,0.1295049857330032
2087,0.2250256212298472,0.6499679506331658,0.12500642813698712
2088,0.2207193214348152,0.658549605593939,0.12073107297124587
2089,0.21648492796095856,0.6668472288593505,0.11666784317969103
2090,0.21233015939896532,0.6748638642033922,0.11280597639764268
2091,0.20826360391312831,0.6826013526435706,0.10913504344330119
2092,0.20429483392404368,0.690060206395643,0.1056449596803133
2093,0.2004345231516717,0.6972394866521313,0.10232599019619701
2094,0.19669456690779158,0.7041366832249808,0.09916874986722761
2095,0.1930882042612922,0.71074759666156,0.09616419907714796
2096,0.18963014281942536,0.71706622114129,0.09330363603928463
2097,0.18633668434709802,0.723084629634989,0.090578686017913
2098,0.18322585107664144,0.7287928602356591,0.08798128868769937
2099,0.18031751061165832,0.7341788058783911,0.0855036835099506
