year,Model Uncertainty,Scenario Uncertainty,Inter-Annual Variability
1980,0.7565475616547197,0.0009758941842178105,0.24247654416106257
1981,0.7508769119674026,0.0005459683243250795,0.24857711970827231
1982,0.7449899972915747,0.00026426146185774217,0.25474574124656757
1983,0.7388714133363138,9.94737999379373e-05,0.26102911286374825
1984,0.7325038859669566,2.4004840670587867e-05,0.26747210919237274
1985,0.7258686526929179,1.3948698753718707e-05,0.2741173986083284
1986,0.7189458469304251,4.8969994820664965e-05,0.2810051830747542
1987,0.7117148857346315,0.0001120998269051201,0.2881730144384635
1988,0.7041548682704879,0.00018948330296092593,0.29565564842655123
1989,0.6962449937733027,0.0002701026349025643,0.30348490359179464
1990,0.6879650090845119,0.000345493246809647,0.3116894976686785
1991,0.6792956965959168,0.0004094646078524596,0.32029483879623066
1992,0.6702194137991302,0.0004578331996307783,0.3293227530012391
1993,0.6607206936195058,0.00048817161445566953,0.33879113476603856
1994,0.6507869150629094,0.0004995752287204727,0.34871350970837
1995,0.6404090490105151,0.0004924460209143237,0.3590985049685705
1996,0.6295824820786872,0.00046829237004256856,0.3699492255512702
1997,0.6183079151939374,0.0004295424549983291,0.3812625423510644
1998,0.6065923301624337,0.00037936922390568426,0.39302830061366056
1999,0.5944500043078033,0.0003215246965085357,0.40522847099568826
2000,0.5819035509043216,0.00026018192520647394,0.41783626717047206
2001,0.5689849487033567,0.00019978371061327732,0.4308152675860302
2002,0.5557365097409556,0.00014489802754554456,0.4441185922314989
2003,0.5422117310266044,0.00010008146835448603,0.45768818750504114
2004,0.5284759558559154,6.975310748955623e-05,0.4714542910365951
2005,0.5146067635215423,5.80827633976186e-05,0.48533515371506
2006,0.5006940092207675,6.889898980784177e-05,0.49923709178942477
2007,0.48683942083147014,0.00010562317395843716,0.5130549559945714
2008,0.47315568440364525,0.00017123698061196612,0.5266730786157429
2009,0.459764953608201,0.0002682905988458033,0.5399667557929532
2010,0.4467967551012128,0.0003989586219015032,0.5528042862768856
2011,0.4343852960367733,0.0005651489474470783,0.5650495550157796
2012,0.4226662233018015,0.0007686676114121707,0.5765651090867863
2013,0.41177293826778755,0.001011439050687984,0.5872156226815245
2014,0.4018326158409164,0.0012957772892896106,0.596871606869794
2015,0.39296212286495286,0.0016246989174555084,0.6054131782175918
2016,0.3852640565769741,0.002002264650891439,0.6127336787721345
2017,0.3788231397963392,0.0024339321660312315,0.6187429280376295
2018,0.3737031914120439,0.002926900939164223,0.6233699076487919
2019,0.3699448655369996,0.003490428394968797,0.6265647060680315
2020,0.3675642941308931,0.004136098031738347,0.6282996078373686
2021,0.3665527016598836,0.004878021692430814,0.6285692766476856
2022,0.3668769897245511,0.0057329634641090825,0.6273900468113398
2023,0.36848121986934157,0.00672037638095974,0.6247984037496987
2024,0.371288859595499,0.00786234821760636,0.6208487921868946
2025,0.37520562096145244,0.00918345877361791,0.6156109202649297
2026,0.38012269190267056,0.010710552745363037,0.6091667553519665
2027,0.3859201637221267,0.012472438407117278,0.6016073978707561
2028,0.39247046597735696,0.014499520926796496,0.5930300130958465
2029,0.399641657601264,0.016823382489864588,0.5835349599088714
2030,0.4073004471408814,0.019476320095521818,0.5732232327635968
2031,0.4153148638770112,0.022490851510044575,0.5621942846129442
2032,0.42355653121757847,0.025899198339094258,0.5505442704433272
2033,0.4319025313550065,0.029732755946485515,0.5383647126985079
2034,0.44023687193106176,0.03402155752792058,0.5257415705410177
2035,0.448451586387515,0.038793740438753985,0.5127546731737311
2036,0.45644751224775076,0.04407502235648602,0.49947746539576315
2037,0.4641347910483148,0.0498881953517984,0.4859770135998868
2038,0.4714331439063325,0.05625264849279014,0.4723142076008773
2039,0.47827196187320686,0.06318392588646622,0.4585441122403269
2040,0.48459025510539705,0.07069333279567248,0.4447164120989305
2041,0.4903364898922592,0.07878760084616798,0.4308759092615729
2042,0.49546834169133036,0.08746861952906752,0.41706303877960216
2043,0.4999523803425541,0.09673324952788122,0.40331437012956456
2044,0.5037637017971013,0.1065732213517042,0.3896630768511945
2045,0.5068855151786894,0.11697513006067262,0.37613935476063803
2046,0.5093086881523977,0.12792052836605403,0.36277078348154823
2047,0.5110312559896005,0.13938611986561764,0.349582624144782
2048,0.5120578935244031,0.15134405178433818,0.3365980546912586
2049,0.5123993553669375,0.16376229942841142,0.3238383452046511
2050,0.5120718841986026,0.17660513594819105,0.3113229798532063
2051,0.5110965959640292,0.18983367079957905,0.2990697332363917
2052,0.5094988413218049,0.2034064494718025,0.2870947092063926
2053,0.5073075579443299,0.21728008846451805,0.275412353591152
2054,0.504554617428822,0.23140993488305506,0.26403544768812287
2055,0.5012741791462854,0.24575072712027224,0.2529750937334424
2056,0.4975020589164773,0.26025724277229234,0.24224069831123035
2057,0.4932751263272556,0.27488491186637637,0.231839961806368
2058,0.4886307345040623,0.28959038730962233,0.22177887818631536
2059,0.4836061972064977,0.30433205363302523,0.21206174916047701
2060,0.47823831479254764,0.31907046984754056,0.20269121535991183
2061,0.4725629574260187,0.33376873774984966,0.19366830482413172
2062,0.4666147078173093,0.3483927930513036,0.18499249913138707
2063,0.46042656545511684,0.3629116185002733,0.17666181604460982
2064,0.4540297118664664,0.37729738220491044,0.1686729059286231
2065,0.4474533356533165,0.39152550383903684,0.1610211605076466
2066,0.4407245140690575,0.4055746558715789,0.1537008300593635
2067,0.4338681461364549,0.4194267067926052,0.1467051470709399
2068,0.42690693408608693,0.43306661303786964,0.14002645287604348
2069,0.41986140614800627,0.446482269197208,0.13365632465478575
2070,0.4127499759107286,0.4596643238277116,0.12758570026155983
2071,0.40558903123712947,0.47260596961198026,0.12180499915089026
2072,0.39839305004325287,0.48530271278408244,0.11630423717266462
2073,0.3911747337304966,0.4977521322638624,0.11107313400564102
2074,0.38394515764707754,0.5099536298277115,0.10610121252521093
2075,0.3767139314572468,0.5219081795696404,0.1013778889731126
2076,0.3694893672349358,0.5336180787401751,0.09689255402488905
2077,0.36227865095558387,0.5450867047473064,0.09263464429710984
2078,0.3550880170170995,0.5563182782346578,0.08859370474824263
2079,0.347922921477461,0.5673176363609123,0.08475944216162659
2080,0.34078821314735186,0.578090016718952,0.08112177013369602
2081,0.33368830273105804,0.5886408509898418,0.0776708462791001
2082,0.3266273270039658,0.5989755709217726,0.07439710207426158
2083,0.31960930932713816,0.609099424488385,0.07129126618447669
2084,0.3126383157054783,0.6190173023905069,0.06834438190401487
2085,0.30571860567908016,0.6287335749239985,0.0655478193969212
2086,0.2988547791061356,0.6382519376252039,0.0628932832686604
2087,0.29205191794391006,0.6475752658079277,0.060372816248162334
2088,0.2853157241871156,0.656705476203744,0.057978799609140416
2089,0.2786526530725088,0.6656433963153648,0.055703950612126255
2090,0.27207004179339594,0.6743886404084963,0.05354131779810775
2091,0.26557623425813104,0.6829394914529263,0.051484274288942665
2092,0.25918070002160326,0.6912927902569302,0.04952650972146639
2093,0.25289414872649213,0.6994438301701751,0.04766202110333281
2094,0.24672863735048858,0.7073862598072285,0.0458851028422828
2095,0.24069767080371535,0.7151119928330447,0.044190336363239886
2096,0.23481629334739068,0.7226111271624901,0.0425725794901191
2097,0.22910116938875183,0.7298718748079366,0.041026955803311435
2098,0.22357065153937378,0.7368805042555998,0.03954884420502639
2099,0.21824483355830232,0.7436212976414754,0.03813386880022228
