year,Model Uncertainty,Scenario Uncertainty,Inter-Annual Variability
1980,0.7105428988036037,0.003193083297046945,0.2862640178993493
1981,0.7060137318071636,0.0019080663652226329,0.29207820182761374
1982,0.701309651458349,0.0010281150709797507,0.2976622334706712
1983,0.6964798668501595,0.0004717550523569896,0.3030483780974835
1984,0.6915679408233042,0.00016639255824573083,0.30826566661845006
1985,0.6866122224239106,4.8654626361379e-05,0.313339122949728
1986,0.681646433266625,6.433873449711511e-05,0.3182892279988779
1987,0.6767003441024625,0.00016807496487168436,0.32313158093266586
1988,0.6718004847071011,0.0003227888708496006,0.32787672642204924
1989,0.6669708471883872,0.0004990355331744144,0.33253011727843856
1990,0.6622335511843235,0.0006742596983605758,0.337092189117316
1991,0.6576094478818925,0.0008320220771567782,0.34155853004095066
1992,0.653118645801522,0.0009612199979748059,0.3459201342005032
1993,0.6487809486584678,0.001055321785334323,0.35016372955619784
1994,0.6446161950551943,0.0011116267529655151,0.35427217819184026
1995,0.6406444982994204,0.0011305588463078923,0.3582249428542717
1996,0.6368863818840385,0.0011149983746035262,0.361998619741358
1997,0.633362810803325,0.0010696560597345296,0.3655675331369404
1998,0.6300951238763156,0.0010004919295913766,0.36890438419409294
1999,0.6271048699888635,0.000914182918659676,0.3719809470924768
2000,0.6244135558535739,0.0008176440113818741,0.3747688001350442
2001,0.6220423204448792,0.0007176066068211536,0.3772400729482997
2002,0.6200115447048618,0.0006202610196070957,0.37936819427553126
2003,0.6183404175472526,0.0005309676733872088,0.3811286147793601
2004,0.6170464754716877,0.00045404225260261817,0.38249948227570973
2005,0.6161451351710228,0.00039261860169842043,0.38346224622727887
2006,0.6156492410415829,0.00034859148937626524,0.38400216746904087
2007,0.6155686478632766,0.0003226387359234174,0.38410871340079994
2008,0.6159098537560372,0.00031432014785421405,0.38377582609610855
2009,0.6166757024593985,0.0003222474665950741,0.38300205007400645
2010,0.6178651623645119,0.00034431707249232265,0.3817905205629957
2011,0.6194731908648972,0.00037799516150844074,0.3801488139735943
2012,0.6214906849821591,0.0004206428818274475,0.3780886721360133
2013,0.6239045159504563,0.0004698683154126173,0.3756256157341311
2014,0.6266976399689113,0.0005238916257754106,0.37277846840531337
2015,0.6298492760276256,0.000581909872328928,0.3695688141000455
2016,0.6333351375450944,0.0006444496750746065,0.3660204127798311
2017,0.6371277027220955,0.000713696410275792,0.36215860086762885
2018,0.6411965124555098,0.0007937913717640746,0.35800969617272604
2019,0.6455084795794184,0.0008910897196102389,0.35360043070097136
2020,0.6500281993606323,0.0010143740373132514,0.3489574266020544
2021,0.6547182509606729,0.0011750203557521802,0.3441067286835749
2022,0.6595394832188843,0.0013871145487752712,0.3390734022323404
2023,0.6644512798210631,0.0016675184923238364,0.33388120168661306
2024,0.6694118034597791,0.002035886043589419,0.3285523104966314
2025,0.6743782177944119,0.002514629348100729,0.3231071528574873
2026,0.6793068915734943,0.0031288362581748095,0.3175642721683308
2027,0.6841535885875009,0.0039061395263043485,0.3119402718861948
2028,0.6888736495895129,0.004876538557985234,0.3062498118525018
2029,0.6934221729044951,0.006072173899069064,0.30050565319643585
2030,0.6977542000626507,0.007527055104567227,0.2947187448327821
2031,0.7018249134535103,0.009276742279734275,0.2888983442667554
2032,0.7055898540601285,0.01135798143889217,0.2830521645009793
2033,0.7090051602436287,0.01380829608719282,0.27718654366917855
2034,0.7120278385364421,0.01666553464606567,0.2713066268174922
2035,0.7146160620633586,0.019967378853271316,0.2654165590833701
2036,0.7167295023486391,0.02375081630682077,0.2595196813445402
2037,0.718329691726047,0.028051581942889352,0.25361872633106364
2038,0.7193804126006811,0.032903578150536225,0.24771600924878273
2039,0.7198481090670054,0.03833828035224254,0.24181361058075218
2040,0.7197023119062809,0.04438414165769067,0.23591354643602847
2041,0.7189160692855437,0.0510660069485643,0.23001792376589184
2042,0.7174663696485677,0.05840455235743434,0.22412907799399803
2043,0.7153345449590242,0.06641576529278234,0.21824968974819348
2044,0.7125066411678619,0.07511047927251537,0.21238287955962273
2045,0.708973741178916,0.08449398005651236,0.2065322787645717
2046,0.7047322245857531,0.09456569985729552,0.2007020755569515
2047,0.69978395901506,0.1053190050756732,0.1948970359092669
2048,0.6941364009943636,0.11674109916537136,0.189122499840265
2049,0.687802609859293,0.12881303603333027,0.1833843541073768
2050,0.6808011602963524,0.14150985674716238,0.1776889829564853
2051,0.6731559575725339,0.154800843336142,0.17204319909132423
2052,0.6648959538193352,0.16864988766934064,0.16645415851132417
2053,0.6560547736487106,0.18301596458909178,0.16092926176219774
2054,0.6466702555031243,0.19785369837390165,0.15547604612297408
2055,0.6367839221683705,0.2131140057122449,0.15010207211938445
2056,0.6264403960674481,0.22874479542477033,0.1448148085077816
2057,0.6156867724656163,0.24469170778299323,0.1396215197513905
2058,0.6045719712115205,0.26089886980349286,0.13452915898498669
2059,0.5931460838487392,0.27730964624580734,0.12954426990545342
2060,0.581459729929493,0.2938673701746809,0.12467289989582611
2061,0.5695634436134518,0.3105160298932611,0.11992052649328713
2062,0.5575070985629799,0.32720090314526906,0.11529199829175109
2063,0.5453393867494611,0.34386912238800676,0.11079149086253207
2064,0.5331073568231391,0.3604701650718555,0.1064224781050053
2065,0.5208560203726317,0.3769562615158477,0.10218771811152084
2066,0.5086280286871455,0.3932827182669651,0.09808925304588946
2067,0.49646341903813535,0.4094081595292332,0.09412842143263164
2068,0.48439943109178235,0.4252946875110411,0.09030588139717664
2069,0.4724703923101438,0.4409079642932532,0.08662164339660301
2070,0.4607076605377861,0.456217229014806,0.08307511044740801
2071,0.4491396265741759,0.4711952494003408,0.07966512402548323
2072,0.4377917628697225,0.4858182229316398,0.07639001419863765
2073,0.42668671618800175,0.5000656315734513,0.07324765223854693
2074,0.4158444338699754,0.5139200617714705,0.07023550435855401
2075,0.4052823200062396,0.5273669946153555,0.067350685378405
2076,0.39501541166818627,0.5403945772097059,0.06459001112210794
2077,0.38505657114565295,0.5529933798652261,0.06195004898912107
2078,0.3754166890490464,0.5651561452611908,0.05942716568976286
2079,0.366104891885907,0.5768775361616482,0.057017571952444814
2080,0.35712875087169615,0.5881538855175245,0.054717363610779605
2081,0.34849448999088584,0.5989829508787373,0.05252255913037689
2082,0.34020718735272537,0.6093636793882503,0.05042913325902442
2083,0.33227097114193094,0.6192959818596592,0.04843304699840995
2084,0.32468920574415355,0.6287805204261602,0.04653027382968633
2085,0.3174646688029108,0.6378185087090544,0.04471682248803477
2086,0.3105997169627898,0.6464115266500806,0.04298875638712969
2087,0.3040964405525102,0.6545613494895772,0.04134220995791258
2088,0.2979568073506188,0.6622697905024326,0.03977340214694868
2089,0.29218279381446005,0.6695385588552057,0.038278647330334356
2090,0.2867765065695714,0.6763691295240023,0.0368543639064264
2091,0.2817402908267379,0.6827626284070617,0.03549708076620038
2092,0.27707682949342044,0.6887197285255109,0.034203441981068734
2093,0.27278923063062266,0.694240559491249,0.032970209878128307
2094,0.26888110498119117,0.6993246283229363,0.031794266695872535
2095,0.2653566330790125,0.7039707518183483,0.03067261510263917
2096,0.262220622338976,0.7081769999776573,0.029602377683366748
2097,0.2594785537583527,0.7119406506310435,0.028580795610603782
2098,0.2571366190675772,0.7152581542934897,0.027605226638932993
2099,0.2552017461815806,0.7181251112949599,0.02667314252345955
