year,Model Uncertainty,Scenario Uncertainty,Inter-Annual Variability
1980,0.5061021353471588,0.0025583644352999185,0.4913395002175413
1981,0.49746812997222034,0.00139817867427091,0.5011336913535087
1982,0.48961694367488234,0.0006549699936905574,0.509728086331427
1983,0.4825018308426622,0.00023636385978892,0.517261805297549
1984,0.47606233967378137,5.916848077326041e-05,0.5238784918454453
1985,0.4702296263281642,5.108549852556444e-05,0.5297192881733104
1986,0.46493099424557316,0.00015141251492629357,0.5349175932395005
1987,0.4600935628835661,0.00031096896431238315,0.5395954681521214
1988,0.4556470805518787,0.0004914715290461581,0.543861447919075
1989,0.45152596606028456,0.0006645568109997263,0.5478094771287156
1990,0.44767070069563997,0.0008106096037170452,0.551518689700643
1991,0.4440286961684327,0.000917514789007003,0.5550537890425603
1992,0.44055476104080316,0.0009794144103124666,0.5584658245488844
1993,0.43721127067613863,0.0009955220047917275,0.5617932073190697
1994,0.43396812472622054,0.0009690236912637305,0.5650628515825159
1995,0.43080255939419565,0.00090607987613301,0.5682913607296713
1996,0.42769886033846494,0.0008149311047937009,0.5714862085567414
1997,0.4246480112363823,0.0007051054738171743,0.5746468832898006
1998,0.421647296637829,0.0005867224564608915,0.5777659809057102
1999,0.4186998729110919,0.0004698868792493484,0.5808302402096587
2000,0.4158143110950851,0.00036416755885167374,0.5838215213460632
2001,0.4130041150695263,0.00027815640317369235,0.5867177285273
2002,0.4102872124901212,0.00021910526006039348,0.5894936822498184
2003,0.4076854185829055,0.00019263921921532974,0.5921219421978792
2004,0.4052238700837224,0.00020254643884085833,0.5945735834774367
2005,0.4029304319928559,0.0002506450983243083,0.5968189229088199
2006,0.4008350759122388,0.0003367283698995169,0.5988281957178616
2007,0.3989692382164092,0.0004585879487325584,0.6005721738348583
2008,0.39736515984899046,0.0006121158505923713,0.602022724300417
2009,0.3960552202227353,0.0007914828013404341,0.6031532969759242
2010,0.395071270963753,0.0009893900074676297,0.6039393390287793
2011,0.3944439836461335,0.001197389174558817,0.6043586271793076
2012,0.39420221995916416,0.0014062637251685726,0.6043915163156672
2013,0.3943724363858629,0.001606462526610237,0.6040211010875268
2014,0.3949781326804821,0.0017885754344601345,0.6032332918850578
2015,0.3960393528946447,0.0019438392113205036,0.6020168078940347
2016,0.39757224549051223,0.0020646608121513564,0.6003630936973364
2017,0.3995886858608872,0.0021451451390259646,0.5982661690000869
2018,0.40209596493706795,0.002181613647359879,0.5957224214155722
2019,0.4050965433121382,0.0021731010681853,0.5927303556196765
2020,0.4085878686420759,0.002121817219880662,0.5892903141380434
2021,0.41256225455044554,0.002033562609316314,0.5854041828402382
2022,0.4170068162616503,0.0019180862077486933,0.581075097530601
2023,0.4219034586569909,0.001789375796269226,0.5763071655467398
2024,0.427228914393251,0.0016658711015222834,0.5711052145052267
2025,0.43295482701341875,0.0015705916194598546,0.5654745813671214
2026,0.4390478791632631,0.0015311711283182451,0.5594209497084186
2027,0.4454699642820861,0.0015797921436054212,0.5529502435743084
2028,0.4521784039702985,0.0017530142208872453,0.5460685818088142
2029,0.4591262131323889,0.0020914912629057783,0.5387822956047054
2030,0.46626241817290687,0.002639574290533682,0.5310980075365594
2031,0.4735324324523202,0.003444798098096665,0.5230227694495831
2032,0.48087849481492223,0.004557252630334348,0.5145642525547434
2033,0.4882401761633005,0.006028842970212745,0.5057309808664866
2034,0.4955549573532718,0.007912445325896958,0.4965325973208312
2035,0.5027588801568759,0.01026097121619641,0.4869801486269277
2036,0.5097872704889872,0.01312635573178409,0.4770863737792287
2037,0.5165755265107803,0.01655849194980677,0.4668659815394129
2038,0.5230599642552652,0.02060413733595622,0.4563358984087785
2039,0.5291787047088041,0.025305822600589157,0.4455154726906067
2040,0.5348725841157411,0.030700797391169952,0.43442661849308895
2041,0.5400860648783669,0.03682004830638058,0.4230938868152526
2042,0.5447681190393895,0.04368742635599181,0.41154445460461875
2043,0.548873058083211,0.05131891777164694,0.39980802414514216
2044,0.5523612782547969,0.059722090450237554,0.3879166312949656
2045,0.5551998950722743,0.06889574028417679,0.37590436464354904
2046,0.5573632407924678,0.07882975551154052,0.36380700369599167
2047,0.5588332064374928,0.08950520774912056,0.35166158581338663
2048,0.5595994141658412,0.1008946674558665,0.3395059183782922
2049,0.5596592126319652,0.11296273407754365,0.32737805329049113
2050,0.559017497833196,0.12566675764069427,0.3153157445261098
2051,0.5576863676395304,0.13895772463359257,0.30335590772687704
2052,0.555684625600102,0.15278127178110637,0.29153410261879165
2053,0.5530371574601107,0.16707878713331537,0.279884055406574
2054,0.5497742043313434,0.18178855914897685,0.26843723651967977
2055,0.5459305641184494,0.1968469305102464,0.25722250537130414
2056,0.5415447493568133,0.21218942079354525,0.24626582984964152
2057,0.5366581323587923,0.22775178273390684,0.23559008490730077
2058,0.5313141033827393,0.24347096651113995,0.2252149301061208
2059,0.525557266902689,0.2592859695787543,0.21515676351855667
2060,0.5194326957341497,0.275138558747303,0.20542874551854728
2061,0.512985255932897,0.2909738587104686,0.19604088535663441
2062,0.5062590168839378,0.30674080274805066,0.18700018036801153
2063,0.49929674827028403,0.3223924532710282,0.1783107984586878
2064,0.4921395091225626,0.3378861981075683,0.1699742927698692
2065,0.4848263255871618,0.35318383480968535,0.16198983960315286
2066,0.4773939535244611,0.3682515569597015,0.15435448951583738
2067,0.46987671985952134,0.3830598560817006,0.14706342405877812
2068,0.4623064344199432,0.3975833548614885,0.14011021071856836
2069,0.4547123632321786,0.41180058602286757,0.13348705074495373
2070,0.4471212551869334,0.4256937299584941,0.1271850148545726
2071,0.4395574121461667,0.4392483240393228,0.12119426381451057
2072,0.4320427942146232,0.452452954189253,0.11550425159612375
2073,0.42459715268137554,0.46529893800982147,0.11010390930880298
2074,0.41723818312889704,0.4777800069085896,0.10498180996251336
2075,0.40998169233903914,0.48989199405193884,0.100126313609022
2076,0.40284177426810447,0.5016325321678518,0.09552569356404371
2077,0.3958309900511948,0.5130007652782235,0.09116824467058174
2078,0.3889605484249086,0.5239970768343256,0.08704237474076588
2079,0.3822404842635147,0.5346228352212742,0.08313668051521109
2080,0.3756798321332806,0.5448801583113737,0.07944000955534561
2081,0.36928679395643893,0.5547716964156645,0.07594150962789677
2082,0.3630688991402445,0.5643004339857113,0.07263066687404424
2083,0.35703315679753733,0.5734695088779497,0.06949733432451313
2084,0.3511861989507863,0.5822820491699243,0.06653175187928949
2085,0.345534415519124,0.5907410253237063,0.06372455915716983
2086,0.34008408012031605,0.5988491176769182,0.061066802202765766
2087,0.33484146758254074,0.6066085973587882,0.05854993505867101
2088,0.32981296249332653,0.6140212203413302,0.05616581716534315
2089,0.32500516010806074,0.6210881325870959,0.05390670730484339
2090,0.32042495891862,0.6278097862623719,0.051765254819008136
2091,0.31607964549284095,0.6341858658034178,0.049734488703741295
2092,0.31197697173112554,0.6402152231802088,0.04780780508866557
2093,0.3081252245208805,0.6458958219602261,0.0459789535188935
2094,0.30453328770307836,0.6512246898148049,0.044242022482116825
2095,0.30121069647190235,0.6561978790854881,0.04259142444260954
2096,0.2981676834520078,0.6608104359197504,0.04102188062824197
2097,0.29541521644558477,0.6650563776735438,0.03952840588087151
2098,0.2929650271173407,0.6689286792194747,0.03810629366318465
2099,0.2908296297285927,0.6724192688907309,0.036751101380676394
