year,Model Uncertainty,Scenario Uncertainty,Inter-Annual Variability
1980,0.7097548533378544,0.00172018692549185,0.2885249597366538
1981,0.7014207283506362,0.0009735255325966422,0.29760574611676716
1982,0.6931723873838481,0.00047770180805948534,0.3063499108080924
1983,0.6850216845226068,0.00018370259854978964,0.31479461287884336
1984,0.6769739111219768,4.595907902766197e-05,0.32298012979899543
1985,0.6690292035709138,2.3347167304594985e-05,0.3309474492617816
1986,0.6611839949075814,7.979546197366806e-05,0.3387362096304449
1987,0.6534324301681096,0.00018456510028333112,0.3463830047316071
1988,0.6457676903052718,0.00031227140379697126,0.3539200382909312
1989,0.6381831921828739,0.00044271376886815254,0.361374094048258
1990,0.6306736482758903,0.0005605718310084,0.3687657798931011
1991,0.6232359789531433,0.0006550151868070218,0.37610900586004953
1992,0.6158700790061234,0.0007192630737424913,0.38341065792013407
1993,0.6085794390235044,0.0007501198011450811,0.39067044117535044
1994,0.6013716256110989,0.0007475036113525799,0.39788087077754847
1995,0.5942586189329088,0.0007139796211038369,0.4050274014459875
1996,0.5872570058685781,0.0006543027120847081,0.4120886914193372
1997,0.5803880244818191,0.0005749733515520612,0.41903700216662876
1998,0.573677453728669,0.00048380747474930156,0.42583873879658185
1999,0.5671553413353069,0.00038952138561534677,0.4324551372790777
2000,0.5608555679479702,0.0003013332409081338,0.43884309881112166
2001,0.5548152448387331,0.00022858391248993694,0.44495617124877695
2002,0.5490739538078757,0.00018038177673504084,0.45074566441538927
2003,0.5436728382118512,0.0001652774714549696,0.45616188431669386
2004,0.538653571818288,0.0001909764269272853,0.46115545175478473
2005,0.5340572318511466,0.0002640976471555995,0.46567867050169776
2006,0.5299231182869261,0.00038998764275192135,0.4696868940703219
2007,0.5262875642403976,0.000572597697730115,0.47313983806187226
2008,0.523182788922329,0.0008144309560606599,0.4760027801216103
2009,0.5206358439278956,0.0011165636315819112,0.4782475924405224
2010,0.5186677026165082,0.001478741132632279,0.4798535562508594
2011,0.5172925336493757,0.0018995465906855857,0.48080791975993875
2012,0.5165171912722535,0.0023766354115207578,0.48110617331622574
2013,0.5163409412401607,0.0029070264325729706,0.4807520323272663
2014,0.5167554278203761,0.0034874369571057493,0.4797571352225181
2015,0.5177448719343352,0.00411464768282684,0.478140480382838
2016,0.5192864779525035,0.004785882247119772,0.4759276398003767
2017,0.521351017600175,0.005499186499708092,0.47314979590011685
2018,0.5239035493828054,0.006253793769769446,0.4698426568474252
2019,0.5269042303114011,0.007050464054226818,0.4660453056343721
2020,0.5303091754294065,0.00789178757665812,0.4617990369939353
2021,0.53407132361661,0.008782445744249811,0.4571462306391402
2022,0.5381412747283001,0.009729424638334917,0.452129300633365
2023,0.5424680679547926,0.010742178828996581,0.4467897532162108
2024,0.5469998808811952,0.011832744344434546,0.4411673747743703
2025,0.5516846374421328,0.0130158018744227,0.43529956068344444
2026,0.5564705172163481,0.01430869020069651,0.4292207925829554
2027,0.5613063702828371,0.01573137245675389,0.42296225726040904
2028,0.5661420414892184,0.017306354753143138,0.41655160375763844
2029,0.5709286169003466,0.01905855894586632,0.4100128241537871
2030,0.575618605751177,0.021015148469530936,0.4033662457792921
2031,0.5801660720172019,0.02320530682672035,0.39662862115607783
2032,0.5845267333129222,0.02565996754916603,0.389813299137912
2033,0.5886580416327681,0.02841149344797139,0.3829304649192606
2034,0.5925192598213002,0.0314933042921159,0.37598743588658384
2035,0.596071548187093,0.034939451465829933,0.36898900034707705
2036,0.5992780703117108,0.03878413959123451,0.36193779009705473
2037,0.6021041271253398,0.04306119697479238,0.354834675899868
2038,0.6045173239892285,0.04780349807684098,0.3476791779339304
2039,0.6064877728370937,0.05304234456831715,0.3404698825945891
2040,0.6079883292160285,0.05880681344857198,0.33320485733539956
2041,0.6089948585906962,0.06512308549847891,0.32588205591082475
2042,0.6094865248754162,0.07201376859990093,0.3184997065246827
2043,0.6094460915071899,0.07949723501203146,0.3110566734807786
2044,0.6088602210394315,0.08758699376138117,0.30355278519918744
2045,0.6077197586932838,0.09629112075695602,0.2959891205497602
2046,0.6060199833045652,0.1056117709603037,0.288368245735131
2047,0.6037608095715108,0.11554479540327338,0.2806943950252159
2048,0.6009469258056912,0.12607948411781159,0.2729735900764973
2049,0.5975878515706223,0.1371984538631038,0.26521369456627397
2050,0.5936979062708118,0.14887769223404526,0.2574244014951429
2051,0.5892960792164477,0.16108676583674242,0.24961715494681
2052,0.5844057986787851,0.173789192318528,0.24180500900268695
2053,0.5790546018089189,0.1869429679424536,0.23400243024862769
2054,0.5732737127619943,0.20050123607147732,0.2262250511665283
2055,0.567097538930455,0.2144130752779818,0.21848938579156318
2056,0.5605631031899274,0.22862437846479292,0.21081251834527953
2057,0.5537094286623838,0.24307879348194109,0.20321177785567504
2058,0.5465768988726645,0.25771868971978823,0.19570441140754735
2059,0.5392066133155232,0.2724861190242768,0.18830726766020006
2060,0.5316397599622196,0.28732373787974896,0.18103650215803146
2061,0.5239170244555895,0.30217566244384414,0.17390731310056642
2062,0.516078051274157,0.31698823384412017,0.16693371488172284
2063,0.5081609719642081,0.33171067369911506,0.160128354336677
2064,0.5002020080987638,0.3462956199307076,0.15350237197052874
2065,0.49223515522969613,0.36069953587452436,0.14706530889577948
2066,0.48429195050198276,0.3748829918983483,0.14082505759966898
2067,0.4764013204293154,0.38881082612049944,0.13478785345018532
2068,0.46858950599494376,0.4024521912390035,0.12895830276605275
2069,0.4608800584304693,0.4157804995403848,0.12333944202914594
2070,0.45329389591283853,0.4287732815053955,0.11793282258176603
2071,0.44584941414088763,0.44141197042561253,0.11273861543349986
2072,0.4385626395926456,0.4536816304264373,0.10775572998091715
2073,0.43144741696792976,0.46557064086154587,0.10298194217052435
2074,0.42451562139988397,0.47707035160802197,0.09841402699209398
2075,0.4177773877198863,0.4881747207435877,0.09404789153652603
2076,0.41124134875321755,0.49887994601578045,0.08987870523100185
2077,0.40491487751879673,0.5091840976450643,0.0859010248361389
2078,0.3988043268319465,0.5190867612721306,0.08210891189592286
2079,0.3929152636850229,0.5285886947069696,0.07849604160800742
2080,0.38725269319353195,0.5376915048235467,0.07505580198292132
2081,0.3818212719644517,0.5463973449906169,0.07178138304493137
2082,0.3766255067317759,0.5547086373985479,0.06866585586967616
2083,0.37166993940067944,0.5626278188700742,0.06570224172924631
2084,0.36695931579433294,0.5701571124106382,0.0628835717950288
2085,0.3624987389682504,0.5772983231269259,0.060202937904823686
2086,0.3582938064817493,0.5840526583632921,0.0576535351549585
2087,0.35435073139804973,0.5904205716046902,0.05522869699725999
2088,0.350676447168853,0.5964016291685127,0.05292192366263428
2089,0.347278696275558,0.6019943991092391,0.05072690461520282
2090,0.34416610280533416,0.6071963613443412,0.04863753585032476
2091,0.34134822770009166,0.612003839633172,0.046647932666736364
2092,0.338835607768649,0.6164119535551822,0.044752438676168745
2093,0.33663977600440737,0.6204145924941837,0.04294563150140897
2094,0.3347732643090254,0.6240044097843225,0.04122232590665218
2095,0.3332495859521986,0.6271728393606277,0.03957757468717355
2096,0.33208319790465063,0.629910134253612,0.03800666784173743
2097,0.3312894409419253,0.6322054286547834,0.03650513040329127
2098,0.33088445673645034,0.6340468240315758,0.03506871923197378
2099,0.33088508061233207,0.6354215003142368,0.033693419073431055
