year,Model Uncertainty,Scenario Uncertainty,Inter-Annual Variability
1980,0.6036654712173459,0.000855880433503189,0.39547864834915086
1981,0.5928689963202806,0.000587863310836249,0.4065431403688831
1982,0.5820981956923759,0.00040279463399625496,0.4174990096736281
1983,0.57138061077438,0.00028298920286680884,0.42833640002275314
1984,0.5607480563812723,0.00021308029948062914,0.439038863319247
1985,0.5502371081281974,0.00018002968437906303,0.4495828621874234
1986,0.5398894145899935,0.00017307944858749853,0.459937505961419
1987,0.5297518035223254,0.00018365748330903393,0.4700645389943655
1988,0.5198761574204641,0.00020524583468894112,0.479918596744847
1989,0.5103190314671936,0.00023321926608719135,0.48944774926671913
1990,0.5011410020487262,0.00026465949674016976,0.49859433845453355
1991,0.49240573468811166,0.0002981498123400256,0.5072961154995483
1992,0.48417878233453576,0.00033355360459669475,0.5154876640608675
1993,0.47652613504880753,0.00037178124748742553,0.523102083703705
1994,0.4695125621123646,0.0004145493886994205,0.530072888498936
1995,0.463199806544921,0.00046413803654065923,0.5363360554185383
1996,0.45764470828891485,0.0005231514996803914,0.5418321402114048
1997,0.45289734473402615,0.0005942899934695586,0.5465083652725043
1998,0.44899929094345903,0.0006801393251974627,0.5503205697313436
1999,0.4459820914846393,0.0007829860754495216,0.5532349224399111
2000,0.44386604200099167,0.000904664939076505,0.5552292930599317
2001,0.4426593491394291,0.0010464440005542792,0.5562942068600166
2002,0.4423577252345469,0.0012089517382685784,0.5564333230271844
2003,0.4429444367421218,0.0013921473756423792,0.5556634158822358
2004,0.44439080351455373,0.001595334000316998,0.5540138624851293
2005,0.446657106902729,0.0018172115166053891,0.5515256815806656
2006,0.44969384699528875,0.00205596427695044,0.5482501887277609
2007,0.4534432698843015,0.0023093769983572815,0.5442473531173412
2008,0.4578410646707097,0.0025749713946465248,0.5395839639346438
2009,0.4628181457209666,0.0028501559462321847,0.5343316983328013
2010,0.4683024204760362,0.0031323811959054985,0.5285651983280583
2011,0.4742204698420145,0.0034192943472559807,0.5223602358107295
2012,0.4804990772081196,0.003708887441882905,0.5157920353499975
2013,0.48706655709134977,0.00399963562766343,0.5089338072809868
2014,0.49385386068340176,0.004290622538571766,0.5018555167780264
2015,0.5007954442008286,0.004581651987729561,0.49462290381144197
2016,0.5078299039285621,0.004873345678557908,0.48729675039287995
2017,0.5149003931484439,0.0051672277888952555,0.4799323790626609
2018,0.5219548423985042,0.0054657981819819824,0.4725793594195138
2019,0.5289460092882918,0.005772595547703982,0.4652813951640042
2020,0.5358313892169883,0.006092253183488112,0.4580763575995237
2021,0.5425730138240505,0.006430548520721692,0.45099643765522773
2022,0.5491371661204664,0.006794448892733562,0.4440683849868002
2023,0.5554940367701116,0.007192154466844039,0.43731380876304454
2024,0.5616173428638639,0.007633139288464698,0.43074951784767146
2025,0.5674839303336616,0.008128191465482014,0.4243878782008564
2026,0.5730733698762074,0.008689451793328619,0.4182371783304638
2027,0.5783675646579214,0.009330450959640519,0.4123019843824381
2028,0.583350374077361,0.010066143918828555,0.40658348200381045
2029,0.5880072638443599,0.010912939963095976,0.40107979619254414
2030,0.5923249861235577,0.011888726380619453,0.39578628749582295
2031,0.5962912935498442,0.013012883144432446,0.39069582330572344
2032,0.5998946900848391,0.01430628519547717,0.38579902471968375
2033,0.6031242209817623,0.01579128907397401,0.3810844899442637
2034,0.6059693012702451,0.017491699391340525,0.37653899933841456
2035,0.6084195861864194,0.019432711077906444,0.372147702735674
2036,0.6104648818788485,0.021640822319451376,0.3678942958017002
2037,0.612095097618499,0.024143713477284685,0.3637611889042164
2038,0.6133002400038283,0.02697008724449885,0.35972967275167284
2039,0.6140704488341229,0.030149465433885737,0.3557800857319913
2040,0.6143960720315411,0.033711938590919074,0.35189198937753974
2041,0.6142677825379462,0.03768786474004747,0.3480443527220064
2042,0.6136767314360684,0.04210751682440035,0.3442157517395313
2043,0.6126147359055854,0.04700067765187715,0.3403845864425376
2044,0.6110744993315532,0.05239618420202837,0.3365293164664184
2045,0.6090498569793091,0.05832142735713415,0.3326287156635568
2046,0.6065360398989981,0.06480181266377852,0.32866214743722344
2047,0.6035299520186216,0.07186019446404124,0.3246098535173372
2048,0.6000304480578933,0.079516294197209,0.32045325774489763
2049,0.5960386032821914,0.08778612297038453,0.3161752737474241
2050,0.5915579631426371,0.09668142451108554,0.3117606123462773
2051,0.5865947606782063,0.10620916095845437,0.30719607836333934
2052,0.5811580897205443,0.11637106447235762,0.3024708458070982
2053,0.5752600229042023,0.12716327478569994,0.2975767023100977
2054,0.5689156649923298,0.13857608464118915,0.292508250366481
2055,0.5621431322017075,0.15059381178804915,0.2872630560102433
2056,0.5549634551474213,0.16319480897966626,0.2818417358729125
2057,0.5474004040035684,0.1763516216840415,0.2762479743123902
2058,0.5394802356441034,0.19003129452980053,0.270488469826096
2059,0.5312313722505987,0.20419582209073586,0.26457280565866537
2060,0.522684021014216,0.21880272922149768,0.25851324976428636
2061,0.5138697459457667,0.23380576553929563,0.2523244885149376
2062,0.5048210114549609,0.24915568502102384,0.24602330352401514
2063,0.49557071148947984,0.2648010855112288,0.23962820299929147
2064,0.4861517030977599,0.2806892764391805,0.2331590204630596
2065,0.47659636406785616,0.2967671397876869,0.22663649614445708
2066,0.466936187661895,0.31298195704337073,0.22008185529473415
2067,0.4572014279403922,0.3292821745745558,0.21351639748505194
2068,0.44742080939849027,0.34561808034957553,0.20696111025193423
2069,0.4376213041788323,0.3619423787428714,0.2004363170782964
2070,0.4278279824899664,0.3782106491230968,0.1939613683869367
2071,0.4180639379517235,0.3943816801803223,0.18755438186795423
2072,0.4083502829137273,0.4104176826930273,0.18123203439324537
2073,0.398706209290717,0.4262843842607031,0.17500940644857998
2074,0.3891491111397074,0.44195101045414914,0.16889987840614343
2075,0.3796947557050317,0.45739016990253323,0.16291507439243508
2076,0.37035749899393594,0.4725776512563906,0.15706484974967344
2077,0.3611505327108485,0.4874921507907768,0.15135731649837472
2078,0.35208615685678424,0.5021149425372924,0.1457989006059234
2079,0.3431760656018855,0.5164295089724866,0.14039442542562788
2080,0.3344316435343532,0.5304211416407475,0.13514721482489925
2081,0.32586425968285415,0.5440765297773856,0.1300592105397601
2082,0.3174855566472445,0.5573833440568802,0.12513109929587538
2083,0.3093077281242431,0.5703298275632587,0.12036244431249826
2084,0.3013437795562191,0.5829044020889625,0.11575181835481839
2085,0.29360776776441677,0.5950952972177983,0.11129693501778481
2086,0.2861150160572808,0.6068902081795345,0.10699477576318468
2087,0.2788822995361685,0.6182759892702739,0.1028417111935575
2088,0.27192799958336406,0.6292383853190141,0.09883361509762194
2089,0.26527222148285234,0.6397618076827117,0.09496597083443585
2090,0.25893687350545497,0.6498291572768531,0.09123396921769208
2091,0.2529457027693699,0.6594216991525736,0.08763259807805648
2092,0.24732428549940325,0.6685189909870246,0.08415672351357198
2093,0.24209996689205562,0.6770988700670365,0.08080116304090777
2094,0.2373017484224955,0.6851375005477374,0.07756075102976716
2095,0.23296011918001006,0.6926094840665495,0.07443039675344036
2096,0.2291068291953651,0.6994880352460228,0.07140513555861204
2097,0.2257746019173969,0.705745224673361,0.06848017340924215
2098,0.22299678778200357,0.711352286981009,0.06565092523698736
2099,0.22080695758752503,0.7162799951015305,0.06291304731094459
