year,Model Uncertainty,Scenario Uncertainty,Inter-Annual Variability
1980,0.5031481669208774,0.0009254084387301698,0.49592642464039255
1981,0.4960036558052211,0.0005627028848072176,0.5034336413099716
1982,0.4893233518470957,0.00031227267430210856,0.5103643754786023
1983,0.48308297021390056,0.00015109737129698013,0.5167659324148024
1984,0.47725674914849375,5.89160224187935e-05,0.5226843348290874
1985,0.4718185962620776,1.8250916459359244e-05,0.528163152821463
1986,0.46674303312021465,1.4333620305018019e-05,0.5332426332594804
1987,0.46200594476053936,3.4958079612852504e-05,0.5379590971598478
1988,0.4575851486541387,7.028272098093057e-05,0.5423445686248803
1989,0.45346079972360104,0.00011260018899255748,0.5464266000874064
1990,0.44961565402620984,0.00015608984990458883,0.5502282561238856
1991,0.4460352094526149,0.00019656499480879996,0.5537682255525763
1992,0.4427077442012111,0.00023122374346735467,0.5570610320553215
1993,0.4396242710384575,0.0002584102835420391,0.5601173186780004
1994,0.43677842063800426,0.000277391121446173,0.5629441882405495
1995,0.43416627051754025,0.0002881495226981833,0.5655455799597616
1996,0.43178612866939114,0.00029120018865646776,0.5679226711419524
1997,0.42963828304124924,0.00028742536953363075,0.5700742915892171
1998,0.427724724882856,0.0002779330905319877,0.571997342026612
1999,0.42604885435933654,0.00026393764978240866,0.5736872079908811
2000,0.42461517278495003,0.0002466623948443268,0.5751381648202056
2001,0.42342897062549867,0.00022726440310694967,0.5763437649713944
2002,0.42249601436329115,0.0002067806351936392,0.5772972050015153
2003,0.42182223817268427,0.00018609488060988117,0.5779916669467059
2004,0.4214134462623169,0.00016592468438815885,0.5784206290532949
2005,0.42127502946300915,0.00014682723519495567,0.5785781433017958
2006,0.4214116997202855,0.00012922298592754557,0.578459077293787
2007,0.4218272486374067,0.00011343564181638708,0.5780593157207768
2008,0.42252433091760594,9.974685601858851e-05,0.5773759222263756
2009,0.42350427632762555,8.846389019961816e-05,0.5764072597821748
2010,0.42476693251906683,7.999824335620163e-05,0.5751530692375769
2011,0.4263105391164422,7.495315666552198e-05,0.5736145077268924
2012,0.4281316343465134,7.421786490131707e-05,0.5717941477885853
2013,0.43022499350113963,7.906629729712207e-05,0.5696959402015632
2014,0.4325835971311212,9.125805243493312e-05,0.5673251448164439
2015,0.43519862968075523,0.00011313947534105275,0.5646882308439036
2016,0.4380595029538719,0.00014774271678412893,0.561792754329344
2017,0.44115390411663213,0.00019888087257311087,0.5586472150107947
2018,0.44446786385561693,0.0002712373971302165,0.5552608987472528
2019,0.44798584174540335,0.0003704481392175997,0.551643710115379
2020,0.4516908241191097,0.0005031746001840897,0.5478060012807062
2021,0.4555644339339829,0.0006771671198865668,0.5437583989461305
2022,0.45958704561007874,0.0009013169077902668,0.5395116374821309
2023,0.4637379058511807,0.0011856959010700498,0.5350763982477493
2024,0.4679952550783542,0.001541583703098414,0.5304631612185474
2025,0.4723364489547916,0.0019814806834433443,0.5256820703617651
2026,0.47673807834215354,0.002519106777100823,0.5207428148807456
2027,0.4811760866407026,0.0031693850571690844,0.5156545283021283
2028,0.48562588390643646,0.0039484096627761785,0.5104257064307873
2029,0.4900624580798922,0.0048733973848527744,0.505064144535255
2030,0.4944604829029583,0.005962622204466956,0.4995768948925748
2031,0.498794424690938,0.007235332572549939,0.493970242736512
2032,0.5030386474375541,0.008711650268080798,0.488249702294365
2033,0.5071675185818676,0.010412451076523615,0.48242003034160885
2034,0.5111555166955636,0.012359226385630362,0.4764852569188061
2035,0.5149773417644762,0.014573925806479912,0.47044873242904395
2036,0.5186080301543748,0.017078780874274117,0.464313188971351
2037,0.5220230744923359,0.01989611044140765,0.4580808150662565
2038,0.5251985511781488,0.023048107594987606,0.4517533412268636
2039,0.5281112541610321,0.026556610468848364,0.4453321353701195
2040,0.5307388353850617,0.030442858054118612,0.43881830656081966
2041,0.5330599539024818,0.034727233105214306,0.43221281299230396
2042,0.5350544296018579,0.039428995457445895,0.42551657494069606
2043,0.5367034029093348,0.04456600871612395,0.4187305883745414
2044,0.5379894978557807,0.050154464698434736,0.4118560374457847
2045,0.5388969854408523,0.05620861017412017,0.4048944043850277
2046,0.539411945054737,0.06274048148860913,0.39784757345665395
2047,0.5395224212819724,0.06975965166235826,0.3907179270556693
2048,0.5392185715671282,0.07727299655056213,0.3835084318823097
2049,0.5384928016755881,0.08528448551639826,0.37622271280801356
2050,0.5373398837243301,0.09379500313680783,0.3688651131388621
2051,0.5357570546001897,0.10280220679884561,0.3614407386009647
2052,0.5337440902693721,0.11230042474384073,0.3539554849867871
2053,0.5313033525645433,0.12228059968234826,0.34641604775310847
2054,0.5284398057637338,0.132730281035023,0.3388299132012432
2055,0.5251610011855486,0.14363366712745296,0.33120533168699834
2056,0.5214770284909261,0.15497169871866182,0.323551272790412
2057,0.5174004332166026,0.16672220302178864,0.31587736376160885
2058,0.5129461009080286,0.1788600866139324,0.30819381247803884
2059,0.5081311103989238,0.1913575723491997,0.3005113172518764
2060,0.5029745575596873,0.20418447759367742,0.2928409648466352
2061,0.49749735323241034,0.21730852634128453,0.2851941204263052
2062,0.4917220004707955,0.23069568851558728,0.27758231101361724
2063,0.4856723543110844,0.24431053948696027,0.2700171062019553
2064,0.47937337038697464,0.2581166313043462,0.2625099983086792
2065,0.4728508466913322,0.27207686797123093,0.2550722853374369
2066,0.4661311645973363,0.2861538765212888,0.24771495888137496
2067,0.4592410348097603,0.3003103660392607,0.24044859915097905
2068,0.4522072515995952,0.314509468539956,0.23328327986044878
2069,0.4450564612748933,0.328715055210237,0.22622848351486982
2070,0.43781494759695416,0.3428920232172439,0.219293029185802
2071,0.43050843870008415,0.357006548406053,0.21248501289386276
2072,0.4231619354009171,0.37102630303419315,0.20581176156488973
2073,0.41579956567308757,0.3849206344135846,0.19927979991332778
2074,0.4084444638641582,0.3986607056812073,0.1928948304546345
2075,0.4011186760161327,0.41221959841280453,0.18666172557106284
2076,0.393843090153574,0.425572378721353,0.180584531125073
2077,0.38663739103883743,0.43869612870829017,0.1746664802528723
2078,0.3795200389860886,0.45156994483542,0.16891001617849133
2079,0.37250826825447847,0.4641749089077972,0.1633168228377244
2080,0.3656181065670212,0.4764940314100074,0.15788786202297128
2081,0.3588644100660755,0.4885121743599688,0.15262341557395565
2082,0.35226091476524796,0.5002159536695064,0.1475231315652456
2083,0.3458202990151274,0.5115936279192013,0.14258607306567142
2084,0.33955425775483544,0.5226349735735325,0.13781076867163197
2085,0.3334735839221817,0.5333311525028231,0.13319526357499514
2086,0.32758825626349825,0.5436745732892375,0.1287371704472642
2087,0.32190753219608514,0.5536587483161979,0.1244337194877169
2088,0.316440042102989,0.5632781511431539,0.12028180675385709
2089,0.31119388542002385,0.5725280739354366,0.11627804064453952
2090,0.30617672691122405,0.5814044872313275,0.1124187858574484
2091,0.30139589065486455,0.5899039046370549,0.1087002047080806
2092,0.2968584520451252,0.5980232523539318,0.10511829560094316
2093,0.29257132695621174,0.6057597445470058,0.1016689284967825
2094,0.28854135588285124,0.6131107667846261,0.09834787733252273
2095,0.28477538488726495,0.6200737655482905,0.09515084956444458
2096,0.28128033977997047,0.6266461475391151,0.0920735126809146
2097,0.27806329581400396,0.6328251862721522,0.08911151791384399
2098,0.2751315409612948,0.6386079377285444,0.08626052131016088
2099,0.2724926321683061,0.6439911655613098,0.0835162022703841
