year,Model Uncertainty,Scenario Uncertainty,Inter-Annual Variability
1980,0.6390689557554966,0.00394288920788319,0.3569881550366202
1981,0.6326945620269204,0.0022703885020624345,0.3650350494710171
1982,0.6263153320865624,0.0011475303506734184,0.37253713756276424
1983,0.6199633548035973,0.0004635072492332723,0.37957313794716957
1984,0.6136615926700132,0.00011754484334518337,0.38622086248664156
1985,0.6074251492919808,2.0586409604849715e-05,0.39255426429841445
1986,0.6012626814981575,9.603644047904367e-05,0.3986412820613635
1987,0.5951778410364933,0.0002797813315196296,0.404542377631987
1988,0.5891706615715392,0.0005196917486379936,0.4103096466798228
1989,0.5832388423557472,0.0007747820597326959,0.41598637558452
1990,0.5773788957737188,0.0010141664080726704,0.42160693781820857
1991,0.5715871537303729,0.0012159165108980925,0.42719692975872897
1992,0.5658606274122658,0.001365895032245589,0.43277347755548845
1993,0.5601977285860147,0.0014566126941108026,0.4383456587198745
1994,0.5545988582334032,0.0014861384233437976,0.44391500334325307
1995,0.5490668732013637,0.0014570772657773495,0.4494760495328589
1996,0.5436074315545298,0.0013756218226093592,0.45501694662286074
1997,0.5382292274029408,0.0012506774431541355,0.4605200951539052
1998,0.5329441125980495,0.001093058653278831,0.46596282874867173
1999,0.5277671088906011,0.0009147539176566792,0.47131813719174226
2000,0.5227163099723308,0.0007282568045204851,0.47655543322314864
2001,0.5178126769230346,0.0005459630348153193,0.4816413600421502
2002,0.5130797237077795,0.0003796354082073891,0.4865406408840132
2003,0.5085431055973382,0.0002399402886762727,0.4912169541139857
2004,0.5042301108614788,0.00013606114991802904,0.4956338279886032
2005,0.5001690707629594,7.539552749702588e-05,0.4997555337095435
2006,0.4963887040458837,6.334196266929809e-05,0.5035479539914469
2007,0.49291741268811273,0.00010318270430640914,0.5069794046075807
2008,0.4897825514380548,0.00019606621381381683,0.5100213823481312
2009,0.48700969727130805,0.0003410910403988808,0.5126492116882931
2010,0.4846219393287666,0.0005354895166835739,0.5148425711545499
2011,0.48263921807729426,0.0007749064072936813,0.516585875515412
2012,0.48107773188023717,0.0010537636548410521,0.5178685044649218
2013,0.4799494312204091,0.0013657001062157056,0.5186848686733753
2014,0.47926161198234163,0.001704071136519992,0.5190343168811383
2015,0.47901662057830935,0.0020624924219150268,0.5189208869997757
2016,0.47921166638757434,0.0024354102099935046,0.518352923402432
2017,0.47983874398333,0.00281868079192227,0.5173425752247477
2018,0.48088465517207685,0.0032101426054582283,0.5159052022224649
2019,0.4823311187986195,0.0036101652260285746,0.5140587159753518
2020,0.4841549531350988,0.004022162814253397,0.5118228840506478
2021,0.48632831720633174,0.004453059682424621,0.5092186231112436
2022,0.4888189931383488,0.004913699981230916,0.5062673068804203
2023,0.491590694173238,0.0054191931302056615,0.5029901126965562
2024,0.49460338820896504,0.0059891903761888675,0.499407421414846
2025,0.4978136237977081,0.006648086605788102,0.4955382895965038
2026,0.5011748567175311,0.007425143722297032,0.4913999995601719
2027,0.5046377683520458,0.00835453054821151,0.4870077010997429
2028,0.5081505830826407,0.009475274397592784,0.48237414251976635
2029,0.5116593837704797,0.010831118234455747,0.4775094979950645
2030,0.5151084364363693,0.012470276564713416,0.47242128699891733
2031,0.5184405306798366,0.014445082409850514,0.46711438691031276
2032,0.5215973493154716,0.016811516867970406,0.46159113381655786
2033,0.5245198775305497,0.019628614054234737,0.4558515084152154
2034,0.5271488635505595,0.022957733686075222,0.4498934027633652
2035,0.5294253426772431,0.026861697521555587,0.4437129598012014
2036,0.5312912306760361,0.031403788017293315,0.43730498130667056
2037,0.5326899920433659,0.03664661302967974,0.4306633949269544
2038,0.533567384015302,0.042650847576553325,0.42378176840814474
2039,0.5338722675645087,0.049473869938939555,0.41665386249655173
2040,0.5335574780272442,0.05716831763345966,0.40927420433929607
2041,0.5325807315568055,0.06578060214239675,0.40163866630079764
2042,0.5309055454501161,0.075349422217973,0.3937450323319108
2043,0.5285021371450821,0.08590433367293523,0.3855935291819826
2044,0.525348268999043,0.09746442953970982,0.37718730146124724
2045,0.5214299931557949,0.11003719553070404,0.36853281131350113
2046,0.5167422607224202,0.12361760154595765,0.3596401377316221
2047,0.5112893501617277,0.13818748564277458,0.3505231641954978
2048,0.5050850868886875,0.1537152775789861,0.34119963553232635
2049,0.498152822768227,0.17015609668914422,0.33169108054262897
2050,0.49052516312031824,0.18745224058177276,0.3220225962979091
2051,0.482243437017501,0.20553406139618513,0.31222250158631387
2052,0.4733569242250886,0.22432120435451205,0.30232187142039946
2053,0.4639218602217852,0.24372416829153848,0.29235397148667636
2054,0.4540002599444262,0.26364612094269496,0.28235361911287893
2055,0.44365860451314687,0.2839849000418347,0.27235649544501855
2056,0.4329664459993368,0.3046351116286236,0.2623984423720395
2057,0.4219949838820228,0.3254902441694074,0.2525147719485698
2058,0.41081567359416726,0.34644471041089103,0.24273961599494173
2059,0.3994989112762035,0.367395749199474,0.23310533952432255
2060,0.38811284336765867,0.38824511926270616,0.22364203736963517
2061,0.3767223322739791,0.40890054227758754,0.21437712544843335
2062,0.36538809974003617,0.42927686587368125,0.20533503438628264
2063,0.3541660640381611,0.44929693001581367,0.19653700594602527
2064,0.3431068676455933,0.46889214311500305,0.1880009892394037
2065,0.33225559276045424,0.48800277992678787,0.17974162731275797
2066,0.32165164844002686,0.5065780265637917,0.17177032499618158
2067,0.3113288095920908,0.5245758072184853,0.164095383189424
2068,0.3013153860862855,0.5419624266341796,0.15672218727953496
2069,0.29163449842892436,0.5587120659067868,0.14965343566428893
2070,0.28230443294318025,0.574806172665229,0.1428893943915908
2071,0.27333905839143835,0.5902327734275538,0.13642816818100792
2072,0.2647482768246176,0.6049857478622832,0.1302659753130992
2073,0.25653849848499233,0.6190640814701222,0.12439742004488542
2074,0.24871311716942068,0.6324711285885087,0.11881575424207057
2075,0.24127298053900378,0.645213895022348,0.11351312443864801
2076,0.23421684263015688,0.6573023576747354,0.1084807996951075
2077,0.22754179258219456,0.6687488283766503,0.10370937904115511
2078,0.2212436545227949,0.6795673686554973,0.09918897682170773
2079,0.21531735817352912,0.6897732558001316,0.09490938602633926
2080,0.20975727586090454,0.6993825041880322,0.09086021995106337
2081,0.20455752978782438,0.7084114368724569,0.08703103333971876
2082,0.19971226746358828,0.7168763083148231,0.08341142422158859
2083,0.19521591118377493,0.7247929704008249,0.07999111841540013
2084,0.1910633792019221,0.7321765831716881,0.07676003762638986
2085,0.18725028577564956,0.7390413603466374,0.07370835387771309
2086,0.18377311942971936,0.7454003494790462,0.07082653109123442
2087,0.18062940490940152,0.7512652391822842,0.06810535590831432
2088,0.177817848797989,0.7566461919990725,0.06553595920293845
2089,0.17533847406481684,0.7615516964113651,0.06310982952381818
2090,0.1731927430862413,0.7659884370962513,0.06081881981750739
2091,0.17138367371556695,0.7699611776502235,0.05865514863420946
2092,0.1699159477267843,0.7734726556313404,0.056611396641875415
2093,0.16879601475024,0.7765234859230232,0.05468049932673685
2094,0.1680321915565542,0.7791120716671146,0.05285573677633118
2095,0.1676347576846847,0.7812345213135021,0.05113072100181322
2096,0.1676160474448971,0.782884571155718,0.04949938139938489
2097,0.16799053783441814,0.7840535132502218,0.047955948915360196
2098,0.1687749312163395,0.7847301297311655,0.04649493905249506
2099,0.16998823135653446,0.7849006343240652,0.04511113431940035
