year,Model Uncertainty,Scenario Uncertainty,Inter-Annual Variability
1980,0.556949382668637,0.001988727737939196,0.4410618895934239
1981,0.5504655347468854,0.0010909976397869936,0.44844346761332765
1982,0.5435481015204129,0.0005208066963375843,0.4559310917832496
1983,0.5361871198644499,0.00020110490243234938,0.4636117752331178
1984,0.5283715579772409,6.617045146070034e-05,0.4715622715712985
1985,0.5200896505469514,6.095088349027904e-05,0.47984939856955827
1986,0.5113293107229638,0.00014020231874628875,0.4885304869582897
1987,0.5020786146916246,0.00026753315303136474,0.497653852155344
1988,0.4923263492506497,0.000414426197175618,0.5072592245521748
1989,0.4820626269327703,0.0005592868180116327,0.5173780862492181
1990,0.4712795610305422,0.0006865451171594525,0.5280338938522983
1991,0.4599720052894001,0.000785825121983516,0.5392421695886165
1992,0.44813835197433294,0.0008511845548184602,0.5510104634708486
1993,0.4357813840452834,0.000880421919281595,0.5633381940354351
1994,0.4229091723441232,0.0008744432887515072,0.5762163843671253
1995,0.40953600245201077,0.0008366802975181741,0.5896273172504711
1996,0.39568331337769436,0.0007725493628900187,0.6035441372594155
1997,0.38138062140892653,0.0006889436345289099,0.6179304349565445
1998,0.3666663915571321,0.0005937502615760198,0.6327398581812919
1999,0.35158882221016885,0.0004953881885356279,0.6479157896012956
2000,0.33620649036034733,0.0004023643694022898,0.6633911452702504
2001,0.3205888097485111,0.0003228495069967733,0.6790883407444922
2002,0.30481624207920477,0.00026427777417988024,0.6949194801466154
2003,0.28898021338369745,0.00023297859717845713,0.7107868080191241
2004,0.27318267957537,0.00023385154370125525,0.7265834688809287
2005,0.25753530466521757,0.00027009817254611474,0.7421945971622363
2006,0.2421582228965104,0.00034302651400194915,0.7574987505894877
2007,0.22717838031816154,0.00045194419836599894,0.7723696754834725
2008,0.21272746603076673,0.0005941560715591863,0.786678377897674
2009,0.1989394857658204,0.0007650787501534939,0.800295435484026
2010,0.18594803399386217,0.0009584816695911336,0.8130934843365467
2011,0.17388336864028978,0.0011668574537193426,0.8249497739059909
2012,0.16286939456686897,0.0013819187561441167,0.8357486866769869
2013,0.15302069121297202,0.0015952104078199155,0.8453840983792081
2014,0.14443970572202897,0.001798818933167453,0.8537614753448036
2015,0.13721424627615778,0.0019861546291340577,0.8607995990947082
2016,0.13141537930068525,0.0021527755538373458,0.8664318451454773
2017,0.12709581744447968,0.0022972195526551357,0.8706069630028651
2018,0.12428885535335224,0.0024218083400234557,0.8732893363066244
2019,0.12300786726262387,0.0025333885304420897,0.874458744206934
2020,0.12324636241437198,0.0026439762433191952,0.8741096613423089
2021,0.1249785464679706,0.002771276983312443,0.872250176548717
2022,0.12816032864818427,0.0029390555777215497,0.8689006157740943
2023,0.13273068781003564,0.0031773377393334817,0.8640919744506308
2024,0.13861330634674965,0.0035224302380025487,0.8578642634152478
2025,0.14571838404153167,0.004016750372624632,0.8502648655858437
2026,0.15394454682377015,0.00470846180967795,0.8413469913665519
2027,0.16318077950658808,0.005650917245060971,0.8311683032483509
2028,0.17330833143401186,0.006901911654937719,0.8197897569110505
2029,0.1842025501810863,0.008522756334202533,0.8072746934847113
2030,0.19573463195491878,0.010577184512124027,0.7936881835329571
2031,0.20777327094348638,0.013130108262490753,0.7790966207940229
2032,0.22018621832914773,0.016246248599086275,0.763567533071766
2033,0.23284175622143038,0.019988669026853378,0.7471695747517162
2034,0.24561010234746483,0.024417248383894856,0.7299726492686404
2035,0.25836475541259146,0.02958713609762086,0.7120481084897878
2036,0.2709837901916885,0.03554723762471733,0.6934689721835942
2037,0.2833511008445589,0.04233878448630256,0.6743101146691385
2038,0.2953575890979116,0.04999404225956437,0.6546483686425241
2039,0.30690227818103805,0.058535214644980245,0.6345625071739817
2040,0.31789333482762566,0.06797359045868462,0.6141330747136897
2041,0.3282489661326932,0.07830898004886629,0.5934420538184404
2042,0.3378981668925725,0.08952947151183205,0.5725723615955955
2043,0.3467812840453283,0.1016115230809343,0.5516071928737374
2044,0.3548503719479367,0.11452039902343054,0.5306292290286327
2045,0.362069324733997,0.1282109237878412,0.5097197514781618
2046,0.3684137669227126,0.1426285346428629,0.4889576984344246
2047,0.3738707133879645,0.15771057554112658,0.46841871107090893
2048,0.3784380005641966,0.17338778247916803,0.44817421695663545
2049,0.3821235195150851,0.18958589214281166,0.4282905883421032
2050,0.3849442768008587,0.20622730627358443,0.4088284169255568
2051,0.3869253247951657,0.22323274509803928,0.389841930106795
2052,0.3880985993973491,0.24052283273791022,0.3713785678647406
2053,0.3885017137018473,0.2580195573050346,0.35347872899311805
2054,0.3881767448005431,0.2756475689117587,0.3361756862876982
2055,0.3871690535599451,0.29333528586041846,0.3194956605796364
2056,0.3855261702268069,0.3110157905310017,0.3034580392421914
2057,0.38329677192735334,0.3286275122561119,0.28807571581653474
2058,0.3805297667653862,0.3461147029475654,0.2733555302870484
2059,0.37727350449352764,0.3634277126301663,0.25929878287630587
2060,0.37357510915759073,0.38052309310184423,0.2459017977405652
2061,0.36947994195418415,0.3973635435837318,0.2331565144620841
2062,0.3650311837980098,0.41391773027672024,0.22105108592527004
2063,0.3602695314403874,0.4301600022215949,0.2095704663380175
2064,0.35523299654839147,0.4460700275955054,0.19869697585610321
2065,0.34995679466881086,0.46163237529278295,0.18841083003840622
2066,0.3444733108178417,0.476836060959043,0.17869062822311532
2067,0.338812130826478,0.49167407411564884,0.16951379505787317
2068,0.33300012408144314,0.5061429025181995,0.16085697340035737
2069,0.32706156853773743,0.5202420632015068,0.15269636826075564
2070,0.32101830584136676,0.5339736512612693,0.14500804289736394
2071,0.31488991935219796,0.5473419113067609,0.13776816934104114
2072,0.30869392788456224,0.5603528353196812,0.13095323679575652
2073,0.30244598823386776,0.5730137903457398,0.12454022142039231
2074,0.29616010110580165,0.5853331779807954,0.11850672091340281
2075,0.2898488184415945,0.5973201226042748,0.11283105895413072
2076,0.28352344788076206,0.6089841897843953,0.10749236233484256
2077,0.27719425274444043,0.6203351322306279,0.1024706150249317
2078,0.2708706456506507,0.6313826616468192,0.09774669270253006
2079,0.26456137644180683,0.6421362431125313,0.09330238044566193
2080,0.25827471198411733,0.6526049109666143,0.08912037704926831
2081,0.2520186104236306,0.6627971016207725,0.0851842879555968
2082,0.24580088719495377,0.6727205033547514,0.0814786094502947
2083,0.23962937629036452,0.6823819180722808,0.07798870563735472
2084,0.2335120850096653,0.6917871347111024,0.07470078027923227
2085,0.2274573440685596,0.7009408114251591,0.07160184450628136
2086,0.22147395373552936,0.7098463644674099,0.06867968179706088
2087,0.2155713255356791,0.7185058632642247,0.06592281120009622
2088,0.20975962207194274,0.7269199283488696,0.06332044957918773
2089,0.20404989272706633,0.7350876339017137,0.060862473371220076
2090,0.198454208318804,0.7430064109632649,0.05853938071793111
2091,0.1929857922808215,0.7506719536105568,0.056342254108621814
2092,0.1876591502324371,0.758078125735647,0.054262724031915954
2093,0.18249019595466134,0.7652168702848949,0.052292933760443736
2094,0.17749637369067678,0.7720781207019,0.050425505607423364
2095,0.17269677634637526,0.7786497149594194,0.04865350869420546
2096,0.1681122559569254,0.7849173156175592,0.04697042842551541
2097,0.16376552714709422,0.7908643352455925,0.04537013760731321
2098,0.15968125834541821,0.7964718721612872,0.04384686949329456
2099,0.1558861500152837,0.8017186574303224,0.04239519255439393
