year,Model Uncertainty,Scenario Uncertainty,Inter-Annual Variability
1980,0.7369035340524652,0.004229454733067407,0.2588670112144674
1981,0.725962788953877,0.002598552594581913,0.2714386584515411
1982,0.7145694821442179,0.0014317793489489884,0.28399873850683305
1983,0.7028213449190134,0.0006617785751445307,0.29651687650584196
1984,0.6908165783155024,0.00022106062092129046,0.30896236106357633
1985,0.678653077173012,4.398271766805273e-05,0.3213029401093199
1986,0.6664280151764354,6.841869480158213e-05,0.3335035661287631
1987,0.6542377184432053,0.0002371011413518989,0.3455251804154428
1988,0.6421777387762735,0.0004986402605488278,0.35732362096317777
1989,0.6303430251515665,0.000808237915481693,0.36884873693295184
1990,0.6188280792099992,0.0011281231798985734,0.3800437976101023
1991,0.6077269933314221,0.001427739273412466,0.39084526739516534
1992,0.5971332703374762,0.001683709599189928,0.40118302006333384
1993,0.5871393510335488,0.0018796092869383025,0.41098103967951305
1994,0.5778357901799647,0.002005564160713624,0.4201586456593216
1995,0.5693100588167325,0.002057696405977965,0.42863224477728945
1996,0.5616449916531536,0.002037437199778344,0.436317571147068
1997,0.5549169256477728,0.0019507251362194619,0.44313234921600775
1998,0.5491936277821837,0.0018071156260555609,0.4489992565917607
1999,0.5445321416002792,0.001618830067922201,0.4538490283317986
2000,0.5409767103386559,0.001399779916986202,0.4576235097443579
2001,0.5385569390259048,0.0011646056440132461,0.4602784553300818
2002,0.5372863691453234,0.0009277740542385631,0.461785856800438
2003,0.5371615980608002,0.0007027760956539769,0.46213562584354595
2004,0.5381620517951149,0.00050146432432654,0.4613364838805585
2005,0.540250443207936,0.00033355929182498327,0.45941599750023904
2006,0.5433739212070882,0.00020634428439037745,0.45641973450852136
2007,0.5474658175184188,0.00012455272700083095,0.4524096297545803
2008,0.5524478839008613,9.043992438028051e-05,0.4474616761747584
2009,0.5582328580064605,0.0001040176853028792,0.44166312430823657
2010,0.5647271827066811,0.00016342151031094922,0.4351093957830078
2011,0.5718337171885736,0.00026537354147545265,0.4279009092699509
2012,0.5794542839147218,0.00040570386264958495,0.4201400122226288
2013,0.587491934824586,0.00057989312601401,0.4119281720494001
2014,0.5958528549946297,0.0007836058106842536,0.40336353919468604
2015,0.6044478562671656,0.001013188762059285,0.3945389549707752
2016,0.6131934557529002,0.0012661173516323961,0.38554042689546736
2017,0.6220125523137573,0.0015413791308677473,0.376446068555375
2018,0.6308347468076053,0.0018397900932683809,0.3673254630991264
2019,0.6395963529064828,0.0021642446691051563,0.35823940242441205
2020,0.6482401626727078,0.0025199035656709454,0.34923993376162116
2021,0.6567150235844166,0.002914325737070128,0.3403706506785133
2022,0.6649752832142026,0.0033575521866585872,0.3316671645991388
2023,0.6729801545484938,0.003862148450996739,0.3231576970005094
2024,0.6806930402095781,0.004443213239172638,0.3148637465512493
2025,0.6880808524043621,0.005118357944532952,0.3068007896511049
2026,0.6951133571830566,0.005907661747372302,0.29897898106957116
2027,0.7017625598885795,0.006833604208699905,0.29140383590272056
2028,0.7080021499274939,0.007920976952094644,0.28407687312041147
2029,0.7138070136692202,0.009196773901528218,0.27699621242925165
2030,0.7191528217334449,0.010690058087225156,0.27015712017933
2031,0.7240156969852475,0.01243180279095024,0.26355250022380233
2032,0.728371961809006,0.014454703971195386,0.25717333421979854
2033,0.7321979698466297,0.016792958816337092,0.25100907133703326
2034,0.7354700175881713,0.019482008638772707,0.245047973773056
2035,0.7381643391895194,0.02255823949459204,0.23927742131588847
2036,0.7402571798768934,0.026058638707055964,0.23368418141605066
2037,0.7417249462438759,0.030020405414448535,0.22825464834167544
2038,0.7425444320721998,0.034480510325207325,0.22297505760259287
2039,0.7426931119012902,0.03947520971353676,0.217831678385173
2040,0.7421495010487733,0.04503951119586992,0.21281098775535684
2041,0.7408935723668172,0.05120659701014811,0.2078998306230348
2042,0.7389072179221882,0.05800721539650165,0.20308556668131028
2043,0.736174753056571,0.06546904208191186,0.19835620486151712
2044,0.7326834395683642,0.07361603246944967,0.19370052796218618
2045,0.7284240198261541,0.08246777446708718,0.1891082057067586
2046,0.7233912426968135,0.09203886102690162,0.1845698962762848
2047,0.717584360775801,0.10233830406269197,0.18007733516150704
2048,0.711007583798621,0.11336900717362938,0.1756234090277497
2049,0.7036704636543204,0.12512732205220808,0.1712022142934716
2050,0.6955881955698454,0.13760270787882178,0.16680909655133286
2051,0.6867818184646243,0.15077751069324388,0.16244067084213187
2052,0.6772782950014586,0.16462688464963435,0.15809482034890712
2053,0.667110467694666,0.17911885956816703,0.1537706727371671
2054,0.6563168797579593,0.19421456628018016,0.14946855396186054
2055,0.6449414596603505,0.2098686205280921,0.14518991981155743
2056,0.633033077710952,0.22602965564349994,0.14093726664554812
2057,0.620644979731252,0.24264099768289168,0.13671402258585622
2058,0.6078341178278613,0.2596414587225198,0.13252442344961884
2059,0.5946603939742273,0.27696623105853735,0.12837337496723536
2060,0.5811858428158919,0.294547849997042,0.12426630718706612
2061,0.5674737797531939,0.31231719667362,0.12020902357318604
2062,0.5535879376670503,0.330204511946494,0.11620755038645585
2063,0.5395916227671331,0.34814038709905487,0.11226799013381188
2064,0.5255469134774965,0.3660567037500649,0.10839638277243856
2065,0.5115139209317783,0.3838875005925898,0.10459857847563188
2066,0.4975501337583784,0.4015697418862496,0.10088012435537208
2067,0.48370985870230643,0.4190439739056235,0.09724616739207007
2068,0.4700437650287287,0.4362548601434029,0.0937013748278684
2069,0.45659854008977463,0.4531515874234188,0.09024987248680656
2070,0.44341665237685146,0.46968814685227306,0.08689520077087534
2071,0.4305362234845136,0.4858234884960246,0.08364028801946173
2072,0.4179909954899282,0.5015215651989813,0.08048743931109047
2073,0.4058103904864201,0.5167512699525739,0.07743833956100607
2074,0.3940196480289785,0.5314862829056242,0.07449406906539727
2075,0.38264002665607266,0.5457048443593465,0.07165512898458086
2076,0.37168906324908285,0.5593894614041548,0.06892147534676228
2077,0.3611808697751487,0.5725265711657116,0.06629255905913961
2078,0.3511264630346109,0.5851061666240736,0.06376737034131545
2079,0.34153411276447954,0.5971214014133766,0.06134448582214394
2080,0.33240969940277904,0.6085681839342476,0.05902211666297329
2081,0.3237570750164545,0.6194447682733607,0.05679815671018475
2082,0.3155784191866386,0.6297513514849804,0.05467022932838087
2083,0.3078745846983663,0.6394896830823854,0.05263573221924819
2084,0.3006454306564643,0.6486626895806649,0.05069187976287075
2085,0.2938901366750391,0.6572741213317987,0.048835741993161985
2086,0.28760750052886663,0.6653282190026597,0.047064280468473565
2087,0.2817962143910849,0.6728294052374544,0.04537438037146072
2088,0.2764551213195112,0.6797819993698145,0.04376287931067426
2089,0.2715834510965303,0.6861899565838735,0.04222659231959616
2090,0.26718103608637545,0.6920566301990104,0.04076233371461405
2091,0.263248508487853,0.6973845558938983,0.03936693561824874
2092,0.2597874780348539,0.7021752584508286,0.03803726351431751
2093,0.256800692585005,0.706429078390512,0.03677022902448302
2094,0.2542921818416168,0.7101450179360617,0.035562800222321514
2095,0.2522673836027328,0.7133206068294303,0.03441200956783674
2096,0.2507332548129038,0.7159517851982994,0.03331495998879677
2097,0.2496983654694501,0.718032805518419,0.03226882901213097
2098,0.24917297589377785,0.7195561526345269,0.03127087147169533
2099,0.24916909722469324,0.7205124818884,0.03031842088690692
